trade_id,day_index,entry_index,exit_index,side,quantity,entry_price,exit_price,initial_stop,initial_target,entry_fee,exit_fee,funding_paid,gross_pnl,net_pnl,equity_before,equity_after,entry_exposure,reason,adverse_equity_bound,max_mark_observed_gap,day_status,UTC_day,IV_observation_candle_open_utc,IV_available_utc,IV_annualized_percent,one_day_sigma,reference_price,entry_utc_simulated,exit_bar_open_utc,exit_latest_utc,exit_reason,realized_net_R,initial_price_RR,time_precision
1,609.0,876962.0,877020.0,-1.0,0.32,3419.61,3391.85,3571.4482196352506,3391.1650675205624,0.5471376,0.5426960000000001,0.0,8.88320000000007,7.793366399999286,10000.0,10007.7933664,0.10942752,2.0,9990.886209536,0.0,0.0,2021-09-01 00:00:00+00:00,2021-08-31 00:00:00+00:00,2021-09-01 00:01:00+00:00,104.64,0.05477107925983996,3430.49,2021-09-01 00:02:00+00:00,2021-09-01 01:00:00+00:00,2021-09-01 01:01:00+00:00,target,0.16039617731623965,0.1873371048986801,"simulated minute opens; intrabar exits only known within minute, not actual exchange fills"
2,610.0,878402.0,878437.0,-1.0,0.28400000000000003,3833.79,3784.73,4004.7179436268893,3783.9709459531477,0.5443981800000001,0.5374316600000001,0.0,13.933039999999986,12.851210160000846,10007.7933664,10020.64457656,0.10879484818856343,2.0,10005.20309397012,0.0,0.0,2021-09-02 00:00:00+00:00,2021-09-01 00:00:00+00:00,2021-09-02 00:01:00+00:00,113.63,0.05947666032392598,3831.44,2021-09-02 00:02:00+00:00,2021-09-02 00:37:00+00:00,2021-09-02 00:38:00+00:00,target,0.26473576549179517,0.2914623144100996,"simulated minute opens; intrabar exits only known within minute, not actual exchange fills"
3,611.0,879842.0,880368.0,1.0,0.258,3798.77,3829.0,3609.663551354768,3829.7704132342574,0.49004133000000005,0.493941,0.3703482376740037,7.799340000000005,6.445009432327424,10020.64457656,10027.089585992328,0.09780634893413752,2.0,9998.13681523,0.0,0.0,2021-09-03 00:00:00+00:00,2021-09-02 00:00:00+00:00,2021-09-03 00:01:00+00:00,110.75,0.057969199426866166,3788.95,2021-09-03 00:02:00+00:00,2021-09-03 08:48:00+00:00,2021-09-03 08:49:00+00:00,target,0.13209838635017504,0.16393102115948932,"simulated minute opens; intrabar exits only known within minute, not actual exchange fills"
4,612.0,881282.0,881592.0,-1.0,0.275,3932.02,3898.06,4109.165830317734,3897.276495172941,0.5406527500000001,0.53598325,0.0,9.339000000000011,8.262364000000161,10027.089585992328,10035.351949992328,0.10783842018431404,2.0,10014.525165898827,0.0,0.0,2021-09-04 00:00:00+00:00,2021-09-03 00:00:00+00:00,2021-09-04 00:01:00+00:00,106.48,0.055734179277405954,3942.79,2021-09-04 00:02:00+00:00,2021-09-04 05:12:00+00:00,2021-09-04 05:13:00+00:00,target,0.1696057984887993,0.196129396693911,"simulated minute opens; intrabar exits only known within minute, not actual exchange fills"
5,613.0,882722.0,883260.0,1.0,0.274,3889.9300000000003,3929.55,3711.807636649111,3930.3388136010562,0.5329204100000001,0.5383483500000001,0.6198527409651255,10.85587999999997,9.164758499035088,10035.351949992328,10044.516708491363,0.10620861383947924,2.0,10020.357309582329,0.0,0.0,2021-09-05 00:00:00+00:00,2021-09-04 00:00:00+00:00,2021-09-05 00:01:00+00:00,107.6,0.05632041407070699,3889.71,2021-09-05 00:02:00+00:00,2021-09-05 09:00:00+00:00,2021-09-05 09:01:00+00:00,target,0.18778115835581938,0.22685985544360446,"simulated minute opens; intrabar exits only known within minute, not actual exchange fills"
6,614.0,884162.0,884380.0,-1.0,0.274,3944.67,3906.87,4122.469388897633,3906.084461974546,0.5404197900000001,0.53524119,0.0,10.35720000000005,9.2815390199994,10044.516708491363,10053.798247511362,0.10760493624210785,2.0,10037.906195377382,0.0,0.0,2021-09-06 00:00:00+00:00,2021-09-05 00:00:00+00:00,2021-09-06 00:01:00+00:00,109.21,0.05716312658607724,3952.56,2021-09-06 00:02:00+00:00,2021-09-06 03:40:00+00:00,2021-09-06 03:41:00+00:00,target,0.19051938372803293,0.2170172702205957,"simulated minute opens; intrabar exits only known within minute, not actual exchange fills"
7,615.0,885602.0,886111.0,1.0,0.277,3927.27,3749.91,3750.669553028634,3969.7167733774327,0.543926895,0.519362535,0.7147729445894,-49.12872000000004,-50.906782374589966,10053.798247511362,10002.891465136772,0.108203264400027,1.0,9996.427910323473,0.0,0.0,2021-09-07 00:00:00+00:00,2021-09-06 00:00:00+00:00,2021-09-07 00:01:00+00:00,107.56,0.0562994771138034,3929.0,2021-09-07 00:02:00+00:00,2021-09-07 08:31:00+00:00,2021-09-07 08:32:00+00:00,stop,-1.0406485424807546,0.24035484680463448,"simulated minute opens; intrabar exits only known within minute, not actual exchange fills"
8,616.0,887042.0,887134.0,1.0,0.295,3435.4700000000003,3470.66,3270.042714359348,3471.357462748635,0.506731825,0.51192235,0.0,10.381049999999881,9.362395824999112,10002.891465136772,10012.253860961771,0.10131706952257157,2.0,9985.864733311771,0.0,0.0,2021-09-08 00:00:00+00:00,2021-09-07 00:00:00+00:00,2021-09-08 00:01:00+00:00,110.41,0.05779123529318549,3435.0,2021-09-08 00:02:00+00:00,2021-09-08 01:34:00+00:00,2021-09-08 01:35:00+00:00,target,0.1918482484741798,0.21693798945955592,"simulated minute opens; intrabar exits only known within minute, not actual exchange fills"
9,617.0,888482.0,888657.0,-1.0,0.337,3500.66,3456.87,3644.5636467160525,3456.1778167199036,0.58986121,0.5824825950000001,0.0,14.75722999999999,13.584886194999854,10012.253860961771,10025.838747156771,0.11782785738182198,2.0,10004.45051035055,0.0,0.0,2021-09-09 00:00:00+00:00,2021-09-08 00:00:00+00:00,2021-09-09 00:01:00+00:00,107.7,0.056372756462966016,3497.99,2021-09-09 00:02:00+00:00,2021-09-09 02:57:00+00:00,2021-09-09 02:58:00+00:00,target,0.28012657024280113,0.3091108828386223,"simulated minute opens; intrabar exits only known within minute, not actual exchange fills"
10,618.0,889922.0,889964.0,1.0,0.294,3434.23,3460.4900000000002,3267.89836818029,3461.190750478845,0.50483181,0.50869203,0.0,7.720440000000064,6.7069161600011284,10025.838747156771,10032.545663316772,0.10070614992549431,2.0,10018.601029702251,0.0,0.0,2021-09-10 00:00:00+00:00,2021-09-09 00:00:00+00:00,2021-09-10 00:01:00+00:00,106.28,0.05562949449288791,3426.42,2021-09-10 00:02:00+00:00,2021-09-10 00:44:00+00:00,2021-09-10 00:45:00+00:00,target,0.13715154327789503,0.16209033834327044,"simulated minute opens; intrabar exits only known within minute, not actual exchange fills"
11,619.0,891362.0,891374.0,1.0,0.3,3226.2000000000003,3241.16,3062.996343454787,3241.8173289178276,0.48393,0.486174,0.0,4.487999999999874,3.517895999999382,10032.545663316772,10036.063559316772,0.09647202539420331,2.0,10024.523891190773,0.0,0.0,2021-09-11 00:00:00+00:00,2021-09-10 00:00:00+00:00,2021-09-11 00:01:00+00:00,104.56,0.054729205346032754,3209.84,2021-09-11 00:02:00+00:00,2021-09-11 00:14:00+00:00,2021-09-11 00:15:00+00:00,target,0.0718508411406171,0.09569227337440668,"simulated minute opens; intrabar exits only known within minute, not actual exchange fills"
12,620.0,892802.0,893299.0,-1.0,0.338,3255.9300000000003,3400.8,3400.1119463727564,3229.2225017297656,0.5502521700000002,0.5747352000000001,-0.112270693404428,-48.96605999999996,-49.97877667659668,10036.063559316772,9986.084782640175,0.10965497911562844,1.0,9984.594337840175,0.0,0.0,2021-09-12 00:00:00+00:00,2021-09-11 00:00:00+00:00,2021-09-12 00:01:00+00:00,105.08,0.055001385785779656,3267.23,2021-09-12 00:02:00+00:00,2021-09-12 08:19:00+00:00,2021-09-12 08:20:00+00:00,stop,-1.0255528303308945,0.18523469090358494,"simulated minute opens; intrabar exits only known within minute, not actual exchange fills"
13,621.0,894242.0,894310.0,-1.0,0.35000000000000003,3407.15,3366.07,3545.5284528804223,3365.3909858130855,0.59625125,0.5890622500000001,0.0,14.377999999999975,13.192686500000491,9986.084782640175,9999.277469140176,0.11941642054482135,2.0,9977.176674525675,0.0,0.0,2021-09-13 00:00:00+00:00,2021-09-12 00:00:00+00:00,2021-09-13 00:01:00+00:00,106.1,0.05553527818682168,3405.21,2021-09-13 00:02:00+00:00,2021-09-13 01:10:00+00:00,2021-09-13 01:11:00+00:00,target,0.2723934920169516,0.30177396348693125,"simulated minute opens; intrabar exits only known within minute, not actual exchange fills"
14,622.0,895682.0,895695.0,1.0,0.323,3283.35,3316.96,3132.44088130309,3317.625813182117,0.530261025,0.53568904,0.0,10.856030000000041,9.790079934999085,9999.277469140176,10009.067549075175,0.10605986815277293,2.0,9994.573528821615,0.0,0.0,2021-09-14 00:00:00+00:00,2021-09-13 00:00:00+00:00,2021-09-14 00:01:00+00:00,106.25,0.05561379177521021,3284.41,2021-09-14 00:02:00+00:00,2021-09-14 00:15:00+00:00,2021-09-14 00:16:00+00:00,target,0.2008483334984701,0.2271288407094701,"simulated minute opens; intrabar exits only known within minute, not actual exchange fills"
15,623.0,897122.0,897229.0,-1.0,0.369,3445.87,3395.7200000000003,3577.1553899438354,3395.0338679742886,0.635763015,0.62651034,0.0,18.505349999999865,17.243076644999746,10009.067549075175,10026.310625720174,0.1270374112039525,2.0,10007.284003648814,0.0,0.0,2021-09-15 00:00:00+00:00,2021-09-14 00:00:00+00:00,2021-09-15 00:01:00+00:00,106.64,0.05581792710502039,3435.42,2021-09-15 00:02:00+00:00,2021-09-15 01:49:00+00:00,2021-09-15 01:50:00+00:00,target,0.3559360643251338,0.3872185019784703,"simulated minute opens; intrabar exits only known within minute, not actual exchange fills"
16,624.0,898562.0,898755.0,-1.0,0.328,3611.73,3574.28,3759.7516359628917,3573.5561033078975,0.59232372,0.5861819200000001,0.0,12.283599999999941,11.105094360000294,10026.310625720174,10037.415720080175,0.11815387376499804,2.0,10022.989479084494,0.0,0.0,2021-09-16 00:00:00+00:00,2021-09-15 00:00:00+00:00,2021-09-16 00:01:00+00:00,103.59,0.05422148414112024,3614.72,2021-09-16 00:02:00+00:00,2021-09-16 03:15:00+00:00,2021-09-16 03:16:00+00:00,target,0.22873004192771312,0.2578940331511573,"simulated minute opens; intrabar exits only known within minute, not actual exchange fills"
17,625.0,900002.0,900725.0,1.0,0.326,3567.84,3417.56,3418.252816814376,3603.9358790138426,0.5815579200000001,0.55706228,0.11482176586178601,-48.99128000000007,-50.24472196586248,10037.415720080175,9987.170998114312,0.11587801805131467,1.0,9986.068449700213,0.0,0.0,2021-09-17 00:00:00+00:00,2021-09-16 00:00:00+00:00,2021-09-17 00:01:00+00:00,98.61,0.05161483300662097,3570.46,2021-09-17 00:02:00+00:00,2021-09-17 12:05:00+00:00,2021-09-17 12:06:00+00:00,stop,-1.0303350241875862,0.2413032871208673,"simulated minute opens; intrabar exits only known within minute, not actual exchange fills"
18,626.0,901442.0,901582.0,1.0,0.327,3404.4700000000003,3432.01,3255.766037393912,3432.70347620664,0.556630845,0.561133635,0.0,9.005579999999988,7.887815520000004,9987.170998114312,9995.058813634312,0.11146917282283403,2.0,9975.728537269313,0.0,0.0,2021-09-18 00:00:00+00:00,2021-09-17 00:00:00+00:00,2021-09-18 00:01:00+00:00,98.52,0.051567724853587855,3400.99,2021-09-18 00:02:00+00:00,2021-09-18 02:22:00+00:00,2021-09-18 02:23:00+00:00,target,0.1622132966550309,0.1898636439260824,"simulated minute opens; intrabar exits only known within minute, not actual exchange fills"
19,627.0,902882.0,904223.0,1.0,0.34900000000000003,3429.71,3290.06,3290.7192092085857,3467.086070046993,0.5984843950000001,0.5741154700000001,0.23746064700000005,-48.73785000000004,-50.147910511999726,9995.058813634312,9944.910903122312,0.11975605269747976,1.0,9942.760620084262,0.0,0.0,2021-09-19 00:00:00+00:00,2021-09-18 00:00:00+00:00,2021-09-19 00:01:00+00:00,97.54,0.05105476940944945,3435.35,2021-09-19 00:02:00+00:00,2021-09-19 22:23:00+00:00,2021-09-19 22:24:00+00:00,stop,-1.0338115725640948,0.2689104064677478,"simulated minute opens; intrabar exits only known within minute, not actual exchange fills"
20,628.0,904322.0,904501.0,1.0,0.309,3345.86,3188.64,3189.2810897650643,3359.154077834482,0.51693537,0.49264488,0.0,-48.580980000000075,-49.590560250000635,9944.910903122312,9895.320342872312,0.10395977903385793,1.0,9895.320342872312,0.0,0.0,2021-09-20 00:00:00+00:00,2021-09-19 00:00:00+00:00,2021-09-20 00:01:00+00:00,96.98,0.050761652012798926,3328.72,2021-09-20 00:02:00+00:00,2021-09-20 03:01:00+00:00,2021-09-20 03:02:00+00:00,stop,-1.0249608313099254,0.08490337437228948,"simulated minute opens; intrabar exits only known within minute, not actual exchange fills"
21,629.0,905762.0,905781.0,1.0,0.36,2976.15,2841.8,2842.3706419327345,3007.593923423669,0.535707,0.511524,0.0,-48.365999999999964,-49.41323099999863,9895.320342872312,9845.907111872313,0.10827481707267306,1.0,9845.907111872313,0.0,0.0,2021-09-21 00:00:00+00:00,2021-09-20 00:00:00+00:00,2021-09-21 00:01:00+00:00,104.64,0.05477107925983996,2978.34,2021-09-21 00:02:00+00:00,2021-09-21 00:21:00+00:00,2021-09-21 00:22:00+00:00,stop,-1.0260101183246901,0.23504316269673317,"simulated minute opens; intrabar exits only known within minute, not actual exchange fills"
22,630.0,907202.0,907209.0,1.0,0.375,2758.11,2793.81,2630.401036224843,2794.3721720840413,0.517145625,0.523839375,0.0,13.387499999999932,12.34651500000109,9845.907111872313,9858.253626872314,0.10504783746668087,2.0,9845.389966247314,0.0,0.0,2021-09-22 00:00:00+00:00,2021-09-21 00:00:00+00:00,2021-09-22 00:01:00+00:00,111.21,0.05820997443125766,2765.48,2021-09-22 00:02:00+00:00,2021-09-22 00:09:00+00:00,2021-09-22 00:10:00+00:00,target,0.2578052395599156,0.2839438283117225,"simulated minute opens; intrabar exits only known within minute, not actual exchange fills"
23,631.0,908642.0,908840.0,1.0,0.37,3070.2400000000002,3105.37,2940.7122992962804,3105.997930142017,0.5679944,0.57449345,0.0,12.998099999999871,11.855612149998706,9858.253626872314,9870.109239022313,0.11523225542741594,2.0,9844.072688935014,0.0,0.0,2021-09-23 00:00:00+00:00,2021-09-22 00:00:00+00:00,2021-09-23 00:01:00+00:00,100.77,0.05274542867941584,3076.62,2021-09-23 00:02:00+00:00,2021-09-23 03:20:00+00:00,2021-09-23 03:21:00+00:00,target,0.24737716199633203,0.27606396120478655,"simulated minute opens; intrabar exits only known within minute, not actual exchange fills"
24,632.0,910082.0,910160.0,-1.0,0.402,3150.4300000000003,3117.1,3269.0169363233613,3116.4709070642516,0.6332364300000001,0.6265371000000001,0.0,13.398660000000154,12.138886470000216,9870.109239022313,9882.248125492313,0.12831396586705365,2.0,9866.710242592313,0.0,0.0,2021-09-24 00:00:00+00:00,2021-09-23 00:00:00+00:00,2021-09-24 00:01:00+00:00,97.82,0.0512013281077747,3150.7,2021-09-24 00:02:00+00:00,2021-09-24 01:20:00+00:00,2021-09-24 01:21:00+00:00,target,0.2546337390626394,0.2863645354927592,"simulated minute opens; intrabar exits only known within minute, not actual exchange fills"
25,633.0,911522.0,911547.0,1.0,0.356,2929.86,2953.83,2794.7017903767814,2954.4300315065843,0.52151508,0.52578174,0.0,8.533319999999929,7.486023180001212,9882.248125492313,9889.734148672314,0.10554583802742136,2.0,9874.820287169474,0.0,0.0,2021-09-25 00:00:00+00:00,2021-09-24 00:00:00+00:00,2021-09-25 00:01:00+00:00,101.81,0.05328978955890966,2926.37,2021-09-25 00:02:00+00:00,2021-09-25 00:27:00+00:00,2021-09-25 00:28:00+00:00,target,0.15558178122234465,0.18178719276526537,"simulated minute opens; intrabar exits only known within minute, not actual exchange fills"
26,634.0,912962.0,913416.0,1.0,0.372,2920.59,2790.84,2791.406720124842,2948.6151961910746,0.54322974,0.5190962400000001,0.0,-48.267,-49.32932597999934,9889.734148672314,9840.404822692315,0.10985729885831723,1.0,9838.764949168793,0.0,0.0,2021-09-26 00:00:00+00:00,2021-09-25 00:00:00+00:00,2021-09-26 00:01:00+00:00,100.44,0.05257269878496106,2921.08,2021-09-26 00:02:00+00:00,2021-09-26 07:36:00+00:00,2021-09-26 07:37:00+00:00,stop,-1.0264928644647178,0.21694135818627483,"simulated minute opens; intrabar exits only known within minute, not actual exchange fills"
27,635.0,914402.0,915399.0,-1.0,0.386,3051.81,3023.58,3175.2408808005252,3022.974912376653,0.58899933,0.58355094,-0.237319357513522,10.896780000000007,9.961549087514868,9840.404822692315,9850.36637177983,0.11971038602837702,2.0,9796.792263362315,0.0,0.0,2021-09-27 00:00:00+00:00,2021-09-26 00:00:00+00:00,2021-09-27 00:01:00+00:00,100.62,0.052666915091027305,3057.63,2021-09-27 00:02:00+00:00,2021-09-27 16:39:00+00:00,2021-09-27 16:40:00+00:00,target,0.2090815671167977,0.2336132371116031,"simulated minute opens; intrabar exits only known within minute, not actual exchange fills"
28,636.0,915842.0,915876.0,1.0,0.34400000000000003,2927.4500000000003,2951.84,2788.11430665503,2952.4346991574266,0.5035214000000001,0.50771648,0.0,8.390159999999957,7.378922120000425,9850.36637177983,9857.74529389983,0.1022340451097395,2.0,9841.56541828367,0.0,0.0,2021-09-28 00:00:00+00:00,2021-09-27 00:00:00+00:00,2021-09-28 00:01:00+00:00,104.71,0.054807718934421275,2923.6,2021-09-28 00:02:00+00:00,2021-09-28 00:36:00+00:00,2021-09-28 00:37:00+00:00,target,0.15394730872651538,0.17931298547866462,"simulated minute opens; intrabar exits only known within minute, not actual exchange fills"
29,637.0,917282.0,917308.0,1.0,0.338,2809.7000000000003,2831.83,2667.4185381348034,2832.3990701229072,0.47483930000000013,0.47857927,0.0,7.479939999999884,6.526521429999775,9857.74529389983,9864.27181532983,0.09633831791004788,2.0,9850.80442394485,0.0,0.0,2021-09-29 00:00:00+00:00,2021-09-28 00:00:00+00:00,2021-09-29 00:01:00+00:00,109.77,0.05745624398272776,2803.5,2021-09-29 00:02:00+00:00,2021-09-29 00:28:00+00:00,2021-09-29 00:29:00+00:00,target,0.13571153084084608,0.15953638531218467,"simulated minute opens; intrabar exits only known within minute, not actual exchange fills"
30,638.0,918722.0,918795.0,-1.0,0.404,2843.73,2962.69,2962.0923284127307,2814.9563896411223,0.5744334600000001,0.59846338,0.0,-48.059840000000015,-49.23273684000014,9864.27181532983,9815.03907848983,0.11646748401788497,1.0,9805.94271843903,0.0,0.0,2021-09-30 00:00:00+00:00,2021-09-29 00:00:00+00:00,2021-09-30 00:01:00+00:00,104.62,0.054760610781388164,2848.38,2021-09-30 00:02:00+00:00,2021-09-30 01:15:00+00:00,2021-09-30 01:16:00+00:00,stop,-1.029577667440455,0.24309770468982178,"simulated minute opens; intrabar exits only known within minute, not actual exchange fills"
31,639.0,920162.0,920660.0,-1.0,0.417,3004.08,3118.62,3117.9944231030827,2964.895928577274,0.62635068,0.65023227,-0.026714701018705055,-47.763179999999984,-49.01304824898216,9815.03907848983,9766.026030240848,0.12763080717073866,1.0,9766.026030240848,0.0,0.0,2021-10-01 00:00:00+00:00,2021-09-30 00:00:00+00:00,2021-10-01 00:01:00+00:00,103.19,0.05401211457208416,2999.45,2021-10-01 00:02:00+00:00,2021-10-01 08:20:00+00:00,2021-10-01 08:21:00+00:00,stop,-1.0318033728039955,0.34397814039112307,"simulated minute opens; intrabar exits only known within minute, not actual exchange fills"
32,640.0,921602.0,921675.0,1.0,0.333,3312.0,3338.1800000000003,3169.3284630807616,3338.849234856948,0.5514479999999999,0.5558069700000001,0.0,8.717940000000098,7.610685030000241,9766.026030240848,9773.636715270848,0.11293191279491199,2.0,9753.080770305667,0.0,0.0,2021-10-02 00:00:00+00:00,2021-10-01 00:00:00+00:00,2021-10-02 00:01:00+00:00,96.12,0.05031150743937135,3308.58,2021-10-02 00:02:00+00:00,2021-10-02 01:15:00+00:00,2021-10-02 01:16:00+00:00,target,0.160192498752839,0.1881891471607714,"simulated minute opens; intrabar exits only known within minute, not actual exchange fills"
33,641.0,923042.0,923170.0,1.0,0.317,3398.0,3416.9700000000003,3247.9715426861326,3417.658322343564,0.538583,0.541589745,0.0,6.013490000000081,4.933317255001384,9773.636715270848,9778.57003252585,0.11021138102227379,2.0,9756.063664852089,0.0,0.0,2021-10-03 00:00:00+00:00,2021-10-02 00:00:00+00:00,2021-10-03 00:01:00+00:00,94.17,0.04929083079032043,3387.25,2021-10-03 00:02:00+00:00,2021-10-03 02:10:00+00:00,2021-10-03 02:11:00+00:00,target,0.10373042073909197,0.1310306237598503,"simulated minute opens; intrabar exits only known within minute, not actual exchange fills"
34,642.0,924482.0,925382.0,1.0,0.336,3416.27,3274.5,3275.157625909587,3449.586435631019,0.5739333600000001,0.550116,0.11353080031507203,-47.634719999999994,-48.87230016031572,9778.57003252585,9729.697732365534,0.11738594867980924,1.0,9729.697732365534,0.0,0.0,2021-10-04 00:00:00+00:00,2021-10-03 00:00:00+00:00,2021-10-04 00:01:00+00:00,96.24,0.05037431831008216,3418.25,2021-10-04 00:02:00+00:00,2021-10-04 15:02:00+00:00,2021-10-04 15:03:00+00:00,stop,-1.0307620095276655,0.23609861180333172,"simulated minute opens; intrabar exits only known within minute, not actual exchange fills"
35,643.0,925922.0,925962.0,1.0,0.311,3391.26,3417.48,3239.268636004438,3418.164919147307,0.52734093,0.53141814,0.0,8.154419999999938,7.095660929999212,9729.697732365534,9736.793393295533,0.10839821431365068,2.0,9721.085198807083,0.0,0.0,2021-10-05 00:00:00+00:00,2021-10-04 00:00:00+00:00,2021-10-05 00:01:00+00:00,99.76,0.05221677051759972,3386.12,2021-10-05 00:02:00+00:00,2021-10-05 00:42:00+00:00,2021-10-05 00:43:00+00:00,target,0.1501113576470282,0.17701610433664117,"simulated minute opens; intrabar exits only known within minute, not actual exchange fills"
36,644.0,927362.0,927877.0,1.0,0.314,3514.94,3363.34,3364.0223057834255,3551.359175729368,0.5518455800000001,0.5280443800000001,0.10851468955337401,-47.602399999999975,-48.79080464955223,9736.793393295533,9688.00258864598,0.11335263216737956,1.0,9688.00258864598,0.0,0.0,2021-10-06 00:00:00+00:00,2021-10-05 00:00:00+00:00,2021-10-06 00:01:00+00:00,100.91,0.052818708028578465,3517.64,2021-10-06 00:02:00+00:00,2021-10-06 08:37:00+00:00,2021-10-06 08:38:00+00:00,stop,-1.029599140047173,0.2413181298483433,"simulated minute opens; intrabar exits only known within minute, not actual exchange fills"
37,645.0,928802.0,929278.0,1.0,0.325,3563.89,3610.64,3419.3989685543634,3611.3684337582645,0.579132125,0.5867290000000001,0.0,15.19375,14.027888874999917,9688.00258864598,9702.03047752098,0.11955655868191524,2.0,9657.90166708423,0.0,0.0,2021-10-07 00:00:00+00:00,2021-10-06 00:00:00+00:00,2021-10-07 00:01:00+00:00,101.65,0.05320604173129522,3576.85,2021-10-07 00:02:00+00:00,2021-10-07 07:58:00+00:00,2021-10-07 07:59:00+00:00,target,0.29872258899500864,0.3285908701961751,"simulated minute opens; intrabar exits only known within minute, not actual exchange fills"
38,646.0,930242.0,930737.0,1.0,0.296,3591.7400000000002,3623.67,3432.205881963229,3624.395524921521,0.53157752,0.53630316,0.10671019594230399,9.45127999999995,8.276689124058976,9702.03047752098,9710.30716664504,0.10958067411386371,2.0,9689.468314105061,0.0,0.0,2021-10-08 00:00:00+00:00,2021-10-07 00:00:00+00:00,2021-10-08 00:01:00+00:00,101.57,0.053164167817488,3589.85,2021-10-08 00:02:00+00:00,2021-10-08 08:17:00+00:00,2021-10-08 08:18:00+00:00,target,0.17527152138601068,0.20469304825437964,"simulated minute opens; intrabar exits only known within minute, not actual exchange fills"
39,647.0,931682.0,932040.0,1.0,0.324,3557.2000000000003,3596.4500000000003,3411.6447733601126,3597.171195312009,0.5762664000000001,0.5826249,0.0,12.717,11.558108700000957,9710.30716664504,9721.86527534504,0.11869169329256204,2.0,9704.1676422524,0.0,0.0,2021-10-09 00:00:00+00:00,2021-10-08 00:00:00+00:00,2021-10-09 00:01:00+00:00,99.01,0.05182420257565706,3563.81,2021-10-09 00:02:00+00:00,2021-10-09 06:00:00+00:00,2021-10-09 06:01:00+00:00,target,0.2450834355008118,0.27461188604995773,"simulated minute opens; intrabar exits only known within minute, not actual exchange fills"
40,648.0,933122.0,934539.0,1.0,0.332,3569.8,3427.05,3427.73926658908,3610.7498779626217,0.5925868000000001,0.5688903000000001,0.237191122046332,-47.393,-48.79166822204388,9721.86527534504,9673.073607122997,0.12190804608305343,1.0,9672.519943398756,0.0,0.0,2021-10-10 00:00:00+00:00,2021-10-09 00:00:00+00:00,2021-10-10 00:01:00+00:00,97.63,0.051101877562482564,3577.8,2021-10-10 00:02:00+00:00,2021-10-10 23:39:00+00:00,2021-10-10 23:40:00+00:00,stop,-1.0345072319554618,0.2882561351008324,"simulated minute opens; intrabar exits only known within minute, not actual exchange fills"
41,649.0,934562.0,934618.0,1.0,0.336,3410.12,3445.92,3270.4042737731615,3446.618819991541,0.57290016,0.5789145600000001,0.0,12.028800000000063,10.876985280001463,9673.073607122997,9683.950592402998,0.11845255877679488,2.0,9659.743733515317,0.0,0.0,2021-10-11 00:00:00+00:00,2021-10-10 00:00:00+00:00,2021-10-11 00:01:00+00:00,98.5,0.05155725637513605,3415.01,2021-10-11 00:02:00+00:00,2021-10-11 00:58:00+00:00,2021-10-11 00:59:00+00:00,target,0.2316988994313078,0.2612363044392199,"simulated minute opens; intrabar exits only known within minute, not actual exchange fills"
42,650.0,936002.0,937439.0,1.0,0.315,3541.96,3493.55,3392.441089742633,3576.2267142725614,0.5578587,0.5502341250000001,0.22014388343619,-15.249149999999954,-16.57738670843537,9683.950592402998,9667.373205694563,0.11521304134650105,3.0,9640.033530542998,0.0,0.0,2021-10-12 00:00:00+00:00,2021-10-11 00:00:00+00:00,2021-10-12 00:01:00+00:00,98.99,0.05181373409720526,3543.1,2021-10-12 00:02:00+00:00,2021-10-12 23:59:00+00:00,2021-10-12 23:59:00+00:00,scheduled_23_59_exit,-0.35197303391682744,0.22917980216400696,"simulated minute opens; intrabar exits only known within minute, not actual exchange fills"
43,651.0,937442.0,937478.0,1.0,0.302,3496.16,3525.34,3340.3306972209894,3526.0453938957216,0.52792016,0.53232634,0.0,8.812360000000087,7.7521134999988135,9667.373205694563,9675.125319194562,0.10921687800136418,2.0,9663.565565534562,0.0,0.0,2021-10-13 00:00:00+00:00,2021-10-12 00:00:00+00:00,2021-10-13 00:01:00+00:00,101.29,0.053017609119162756,3492.91,2021-10-13 00:02:00+00:00,2021-10-13 00:38:00+00:00,2021-10-13 00:39:00+00:00,target,0.16472672047053272,0.19178288911491695,"simulated minute opens; intrabar exits only known within minute, not actual exchange fills"
44,652.0,938882.0,939582.0,-1.0,0.352,3615.9500000000003,3749.67,3748.911795591102,3570.037252304263,0.6364072,0.65994192,-0.362920788736,-47.06943999999993,-48.002868331264835,9675.125319194562,9627.122450863297,0.13155533990602197,1.0,9626.567202356737,0.0,0.0,2021-10-14 00:00:00+00:00,2021-10-13 00:00:00+00:00,2021-10-14 00:01:00+00:00,101.07,0.052902455856192895,3610.05,2021-10-14 00:02:00+00:00,2021-10-14 11:42:00+00:00,2021-10-14 11:43:00+00:00,stop,-1.0256463853074567,0.34530781937492155,"simulated minute opens; intrabar exits only known within minute, not actual exchange fills"
45,653.0,940322.0,940495.0,1.0,0.273,3797.88,3830.2400000000002,3626.5982067695677,3831.0107061652825,0.5184106200000002,0.5228277600000001,0.0,8.834280000000035,7.793041619999713,9627.122450863297,9634.915492483296,0.10769793832912397,2.0,9610.325050243297,0.0,0.0,2021-10-15 00:00:00+00:00,2021-10-14 00:00:00+00:00,2021-10-15 00:01:00+00:00,102.76,0.053787042285370366,3794.19,2021-10-15 00:02:00+00:00,2021-10-15 02:55:00+00:00,2021-10-15 02:56:00+00:00,target,0.16666067923281794,0.1934280669324281,"simulated minute opens; intrabar exits only known within minute, not actual exchange fills"
46,654.0,941762.0,942263.0,1.0,0.28,3871.9900000000002,3908.38,3704.8210151617163,3909.170860186766,0.5420786000000001,0.5471732,0.2596653582711661,10.189199999999966,8.840282841729277,9634.915492483296,9643.755775325026,0.11252378921702096,2.0,9621.437413883297,0.0,0.0,2021-10-16 00:00:00+00:00,2021-10-15 00:00:00+00:00,2021-10-16 00:01:00+00:00,100.71,0.052714023244060416,3872.71,2021-10-16 00:02:00+00:00,2021-10-16 08:23:00+00:00,2021-10-16 08:24:00+00:00,target,0.18886540916070213,0.2224148230769819,"simulated minute opens; intrabar exits only known within minute, not actual exchange fills"
47,655.0,943202.0,943293.0,1.0,0.315,3829.32,3865.56,3680.8058292101005,3866.3416364172535,0.6031179000000001,0.6088257,0.0,11.415599999999932,10.20365639999909,9643.755775325026,9653.959431725025,0.1250794636552631,2.0,9636.981807425025,0.0,0.0,2021-10-17 00:00:00+00:00,2021-10-16 00:00:00+00:00,2021-10-17 00:01:00+00:00,92.25,0.048285856858947214,3833.3,2021-10-17 00:02:00+00:00,2021-10-17 01:33:00+00:00,2021-10-17 01:34:00+00:00,target,0.21811090367815658,0.24928016108056927,"simulated minute opens; intrabar exits only known within minute, not actual exchange fills"
48,656.0,944642.0,945183.0,-1.0,0.35100000000000003,3860.4,3810.5,3992.995700451513,3809.7361863033625,0.6775002000000001,0.6687427500000002,-0.515915083944,17.514900000000033,16.68457213394504,9653.959431725025,9670.64400385897,0.14035696022785968,2.0,9640.326093185686,0.0,0.0,2021-10-18 00:00:00+00:00,2021-10-17 00:00:00+00:00,2021-10-18 00:01:00+00:00,97.8,0.051190859629322905,3851.01,2021-10-18 00:02:00+00:00,2021-10-18 09:03:00+00:00,2021-10-18 09:04:00+00:00,target,0.35849121338127476,0.3820924322894172,"simulated minute opens; intrabar exits only known within minute, not actual exchange fills"
49,657.0,946082.0,946167.0,1.0,0.271,3754.81,3783.4,3581.2226655609643,3784.162148831456,0.5087767550000001,0.5126507,0.0,7.74789000000004,6.726462545000686,9670.64400385897,9677.37046640397,0.10522086322213453,2.0,9664.75045710397,0.0,0.0,2021-10-19 00:00:00+00:00,2021-10-18 00:00:00+00:00,2021-10-19 00:01:00+00:00,103.18,0.054006880332858255,3748.31,2021-10-19 00:02:00+00:00,2021-10-19 01:27:00+00:00,2021-10-19 01:28:00+00:00,target,0.14298793791732364,0.1690915349688975,"simulated minute opens; intrabar exits only known within minute, not actual exchange fills"
50,658.0,947522.0,947869.0,-1.0,0.329,3889.61,3838.06,4031.6732186634977,3837.2833719980904,0.639840845,0.63136087,0.0,16.95995000000006,15.688748284999747,9677.37046640397,9693.05921468897,0.13223444265594175,2.0,9671.65664168366,0.0,0.0,2021-10-20 00:00:00+00:00,2021-10-19 00:00:00+00:00,2021-10-20 00:01:00+00:00,103.74,0.05429999772950877,3881.48,2021-10-20 00:02:00+00:00,2021-10-20 05:49:00+00:00,2021-10-20 05:50:00+00:00,target,0.33566862308640594,0.3683333975830495,"simulated minute opens; intrabar exits only known within minute, not actual exchange fills"
51,659.0,948962.0,949363.0,-1.0,0.253,4156.45,4113.4,4342.571744528059,4112.571632128115,0.525790925,0.5203451,0.0,10.891650000000046,9.845513975000358,9693.05921468897,9702.90472866397,0.10848812812434089,2.0,9669.46007245285,0.0,0.0,2021-10-21 00:00:00+00:00,2021-10-20 00:00:00+00:00,2021-10-21 00:01:00+00:00,113.61,0.05946619184547418,4164.14,2021-10-21 00:02:00+00:00,2021-10-21 06:43:00+00:00,2021-10-21 06:44:00+00:00,target,0.20908397940647244,0.23575089510978486,"simulated minute opens; intrabar exits only known within minute, not actual exchange fills"
52,660.0,950402.0,950405.0,1.0,0.231,4070.26,4097.93,3865.525551334596,4098.75213094126,0.47011503000000004,0.4733109150000001,0.0,6.391770000000017,5.448344054999325,9702.90472866397,9708.35307271897,0.09690191610584471,2.0,9701.91255363397,0.0,0.0,2021-10-22 00:00:00+00:00,2021-10-21 00:00:00+00:00,2021-10-22 00:01:00+00:00,110.13,0.057644676594860236,4057.26,2021-10-22 00:02:00+00:00,2021-10-22 00:05:00+00:00,2021-10-22 00:06:00+00:00,target,0.11520242515974105,0.13916627674038284,"simulated minute opens; intrabar exits only known within minute, not actual exchange fills"
53,661.0,951842.0,951959.0,1.0,0.256,3983.4100000000003,4012.92,3798.7577717307745,4013.729367116529,0.5098764800000001,0.5136537600000001,0.0,7.55455999999994,6.531029759999001,9708.35307271897,9714.884102478969,0.10503871793307194,2.0,9698.929276238969,0.0,0.0,2021-10-23 00:00:00+00:00,2021-10-22 00:00:00+00:00,2021-10-23 00:01:00+00:00,103.5,0.054174375988087116,3975.56,2021-10-23 00:02:00+00:00,2021-10-23 01:59:00+00:00,2021-10-23 02:00:00+00:00,target,0.13816153338154927,0.16419713642622552,"simulated minute opens; intrabar exits only known within minute, not actual exchange fills"
54,662.0,953282.0,953385.0,-1.0,0.29,4171.93,4124.2,4333.864188282065,4123.3698336987445,0.60492985,0.5980089999999999,0.0,13.841700000000136,12.638761149999482,9714.884102478969,9727.522863628968,0.12453670957240523,2.0,9709.297245469668,0.0,0.0,2021-10-24 00:00:00+00:00,2021-10-23 00:00:00+00:00,2021-10-24 00:01:00+00:00,103.74,0.05429999772950877,4170.5,2021-10-24 00:02:00+00:00,2021-10-24 01:45:00+00:00,2021-10-24 01:46:00+00:00,target,0.26913362435908333,0.2998759361220956,"simulated minute opens; intrabar exits only known within minute, not actual exchange fills"
55,663.0,954722.0,954766.0,1.0,0.242,4096.28,4123.91,3900.834704159024,4124.739985449418,0.49564987999999993,0.49899310999999996,0.0,6.686460000000026,5.691817009999795,9727.522863628968,9733.214680638968,0.10190670059552898,2.0,9720.904175061049,0.0,0.0,2021-10-25 00:00:00+00:00,2021-10-24 00:00:00+00:00,2021-10-25 00:01:00+00:00,105.65,0.05529973742165608,4084.61,2021-10-25 00:02:00+00:00,2021-10-25 00:46:00+00:00,2021-10-25 00:47:00+00:00,target,0.12034009260133927,0.14561611896033885,"simulated minute opens; intrabar exits only known within minute, not actual exchange fills"
56,664.0,956162.0,956189.0,1.0,0.254,4224.87,4263.6,4038.6932956692544,4264.456046526035,0.53655849,0.5414772000000001,0.0,9.83742000000012,8.759384310000314,9733.214680638968,9741.974064948969,0.11025308854376895,2.0,9728.438862148969,0.0,0.0,2021-10-26 00:00:00+00:00,2021-10-25 00:00:00+00:00,2021-10-26 00:01:00+00:00,103.1,0.05396500641905103,4224.14,2021-10-26 00:02:00+00:00,2021-10-26 00:29:00+00:00,2021-10-26 00:30:00+00:00,target,0.18523136460046474,0.21262620728160306,"simulated minute opens; intrabar exits only known within minute, not actual exchange fills"
57,665.0,957602.0,957684.0,1.0,0.257,4135.64,4172.06,3951.505394141861,4172.903757261633,0.5314297400000001,0.5361097100000001,0.0,9.35994000000002,8.29240055000082,9741.974064948969,9750.26646549897,0.10910103772746675,2.0,9737.429076288508,0.0,0.0,2021-10-27 00:00:00+00:00,2021-10-26 00:00:00+00:00,2021-10-27 00:01:00+00:00,103.18,0.054006880332858255,4133.39,2021-10-27 00:02:00+00:00,2021-10-27 01:24:00+00:00,2021-10-27 01:25:00+00:00,target,0.17523131977082904,0.20237237366636507,"simulated minute opens; intrabar exits only known within minute, not actual exchange fills"
58,666.0,959042.0,959056.0,1.0,0.251,3929.4500000000003,3962.21,3740.3329216433144,3963.0119209571963,0.493145975,0.497257355,0.0,8.22275999999994,7.232356669999717,9750.26646549897,9757.49882216897,0.10115538416206009,2.0,9748.316929463128,0.0,0.0,2021-10-28 00:00:00+00:00,2021-10-27 00:00:00+00:00,2021-10-28 00:01:00+00:00,109.02,0.057063676040785105,3923.57,2021-10-28 00:02:00+00:00,2021-10-28 00:16:00+00:00,2021-10-28 00:17:00+00:00,target,0.152361543708145,0.17746636765346088,"simulated minute opens; intrabar exits only known within minute, not actual exchange fills"
59,667.0,960482.0,961919.0,-1.0,0.276,4296.63,4417.4800000000005,4467.910954984258,4237.359053459874,0.5929349400000001,0.6096122400000001,-0.9384964701696001,-33.354600000000104,-33.618650709828216,9757.49882216897,9723.880171459141,0.12153420683031108,3.0,9711.271844137022,0.0,0.0,2021-10-29 00:00:00+00:00,2021-10-28 00:00:00+00:00,2021-10-29 00:01:00+00:00,110.39,0.0577807668147337,4288.96,2021-10-29 00:02:00+00:00,2021-10-29 23:59:00+00:00,2021-10-29 23:59:00+00:00,scheduled_23_59_exit,-0.7111514848897661,0.3460451662332998,"simulated minute opens; intrabar exits only known within minute, not actual exchange fills"
60,668.0,961922.0,963359.0,1.0,0.228,4426.400000000001,4325.21,4219.092273038493,4465.6582933245145,0.5046096000000001,0.49307394000000004,0.6996356079156,-23.071320000000117,-24.768639147914655,9723.880171459141,9699.111532311226,0.10378770431192584,3.0,9679.481012718872,0.0,0.0,2021-10-30 00:00:00+00:00,2021-10-29 00:00:00+00:00,2021-10-30 00:01:00+00:00,107.13,0.05607440482708959,4421.53,2021-10-30 00:02:00+00:00,2021-10-30 23:59:00+00:00,2021-10-30 23:59:00+00:00,scheduled_23_59_exit,-0.5240247617391837,0.18937206972417045,"simulated minute opens; intrabar exits only known within minute, not actual exchange fills"
61,669.0,963362.0,963369.0,1.0,0.228,4332.67,4366.72,4125.485747855409,4367.600076090114,0.49392438000000005,0.4978060800000001,0.0,7.763400000000042,6.771669539999493,9699.111532311226,9705.883201851226,0.10184940720695095,2.0,9695.637647931226,0.0,0.0,2021-10-31 00:00:00+00:00,2021-10-30 00:00:00+00:00,2021-10-31 00:01:00+00:00,107.37,0.05620002656851125,4324.82,2021-10-31 00:02:00+00:00,2021-10-31 00:09:00+00:00,2021-10-31 00:10:00+00:00,target,0.14335213556322937,0.16859426200856667,"simulated minute opens; intrabar exits only known within minute, not actual exchange fills"
62,670.0,964802.0,965303.0,1.0,0.228,4296.29,4330.56,4088.6782781020383,4331.435584695245,0.48977706000000004,0.4936838400000001,0.1354627106482586,7.8135600000001,6.694636389351217,9705.883201851226,9712.577838240577,0.10092374899104158,2.0,9672.318595835386,0.0,0.0,2021-11-01 00:00:00+00:00,2021-10-31 00:00:00+00:00,2021-11-01 00:01:00+00:00,108.41,0.05674438744800507,4288.86,2021-11-01 00:02:00+00:00,2021-11-01 08:23:00+00:00,2021-11-01 08:24:00+00:00,target,0.14142958805863212,0.16928516547114084,"simulated minute opens; intrabar exits only known within minute, not actual exchange fills"
63,671.0,966242.0,967080.0,-1.0,0.268,4319.43,4495.9800000000005,4495.079795921826,4271.624514965388,0.5788036200000001,0.6024613200000001,-0.5248019233321746,-47.315400000000054,-47.97186301666807,9712.577838240577,9664.605975223909,0.1191864054301056,1.0,9664.605975223909,0.0,0.0,2021-11-02 00:00:00+00:00,2021-11-01 00:00:00+00:00,2021-11-02 00:01:00+00:00,107.67,0.056357053745288314,4322.72,2021-11-02 00:02:00+00:00,2021-11-02 14:00:00+00:00,2021-11-02 14:01:00+00:00,stop,-1.0190702922753712,0.27216362412335876,"simulated minute opens; intrabar exits only known within minute, not actual exchange fills"
64,672.0,967682.0,967739.0,1.0,0.21,4598.99,4640.11,4374.755713791134,4641.046847714364,0.48289394999999996,0.48721154999999994,0.0,8.635199999999976,7.665094500000123,9664.605975223909,9672.271069723909,0.09993039576325041,2.0,9655.408656993108,0.0,0.0,2021-11-03 00:00:00+00:00,2021-11-02 00:00:00+00:00,2021-11-03 00:01:00+00:00,111.84,0.058539731502489506,4593.88,2021-11-03 00:02:00+00:00,2021-11-03 00:59:00+00:00,2021-11-03 01:00:00+00:00,target,0.16277818444768016,0.18755761407151617,"simulated minute opens; intrabar exits only known within minute, not actual exchange fills"
65,673.0,969122.0,970559.0,1.0,0.222,4604.92,4534.16,4392.624327931509,4652.644565451202,0.51114612,0.50329176,0.5945353756607655,-15.70872000000005,-17.317693255659833,9672.271069723909,9654.95337646825,0.10569309241135452,3.0,9630.90790822825,0.0,0.0,2021-11-04 00:00:00+00:00,2021-11-03 00:00:00+00:00,2021-11-04 00:01:00+00:00,109.19,0.05715265810762543,4606.59,2021-11-04 00:02:00+00:00,2021-11-04 23:59:00+00:00,2021-11-04 23:59:00+00:00,scheduled_23_59_exit,-0.367448033761988,0.22480234752880227,"simulated minute opens; intrabar exits only known within minute, not actual exchange fills"
66,674.0,970562.0,971999.0,1.0,0.233,4534.86,4479.01,4333.205431854579,4579.805541481121,0.52831119,0.521804665,0.4988694203255001,-13.013049999999874,-14.562035275326707,9654.95337646825,9640.391341192922,0.10943837207699796,3.0,9633.093665857923,0.0,0.0,2021-11-05 00:00:00+00:00,2021-11-04 00:00:00+00:00,2021-11-05 00:01:00+00:00,107.17,0.05609534178399321,4535.37,2021-11-05 00:02:00+00:00,2021-11-05 23:59:00+00:00,2021-11-05 23:59:00+00:00,scheduled_23_59_exit,-0.3099260584487997,0.22288382502056175,"simulated minute opens; intrabar exits only known within minute, not actual exchange fills"
67,675.0,972002.0,972345.0,1.0,0.25,4472.14,4518.8,4285.057687327391,4519.7106538967455,0.5590175000000001,0.5648500000000001,0.0,11.664999999999964,10.541132500000458,9640.391341192922,9650.932473692923,0.1159740264093524,2.0,9636.834823692923,0.0,0.0,2021-11-06 00:00:00+00:00,2021-11-05 00:00:00+00:00,2021-11-06 00:01:00+00:00,103.82,0.05434187164331599,4477.29,2021-11-06 00:02:00+00:00,2021-11-06 05:45:00+00:00,2021-11-06 05:46:00+00:00,target,0.22537956366719208,0.25427659738199315,"simulated minute opens; intrabar exits only known within minute, not actual exchange fills"
68,676.0,973442.0,974879.0,-1.0,0.254,4514.16,4620.62,4697.892055601646,4470.944809544253,0.57329832,0.58681874,-0.5913387193483962,-27.04084000000001,-27.60961834065165,9650.932473692923,9623.322855352271,0.11880682443126198,3.0,9619.364433335171,0.0,0.0,2021-11-07 00:00:00+00:00,2021-11-06 00:00:00+00:00,2021-11-07 00:01:00+00:00,106.48,0.055734179277405954,4521.4,2021-11-07 00:02:00+00:00,2021-11-07 23:59:00+00:00,2021-11-07 23:59:00+00:00,scheduled_23_59_exit,-0.5916185090825357,0.23520767954309926,"simulated minute opens; intrabar exits only known within minute, not actual exchange fills"
69,677.0,974882.0,975907.0,-1.0,0.276,4623.22,4792.5,4791.541011045409,4566.398162255067,0.6380043600000002,0.661365,-0.677270523132,-46.721279999999936,-47.34337883686749,9623.322855352271,9575.979476515404,0.13259543914089025,1.0,9575.979476515404,0.0,0.0,2021-11-08 00:00:00+00:00,2021-11-07 00:00:00+00:00,2021-11-08 00:01:00+00:00,104.02,0.05444655642783403,4616.5,2021-11-08 00:02:00+00:00,2021-11-08 17:07:00+00:00,2021-11-08 17:08:00+00:00,stop,-1.0190883492656957,0.33758018319889965,"simulated minute opens; intrabar exits only known within minute, not actual exchange fills"
70,678.0,976322.0,977759.0,1.0,0.229,4809.7,4735.06,4607.134782195426,4859.271018433621,0.55071065,0.5421643700000001,0.219319483,-17.092559999999867,-18.40475450300073,9575.979476515404,9557.574722012403,0.11501917926006201,3.0,9553.836876382404,0.0,0.0,2021-11-09 00:00:00+00:00,2021-11-08 00:00:00+00:00,2021-11-09 00:01:00+00:00,105.13,0.05502755698190916,4814.3,2021-11-09 00:02:00+00:00,2021-11-09 23:59:00+00:00,2021-11-09 23:59:00+00:00,scheduled_23_59_exit,-0.39676163494929706,0.24471633862356967,"simulated minute opens; intrabar exits only known within minute, not actual exchange fills"
71,679.0,977762.0,978577.0,1.0,0.227,4740.0,4777.900000000001,4535.240881741947,4778.860293945723,0.53799,0.5422916500000001,0.21899585633569768,8.603300000000123,7.304022493663069,9557.574722012403,9564.878744506066,0.11257876933170825,2.0,9543.555202012401,0.0,0.0,2021-11-10 00:00:00+00:00,2021-11-09 00:00:00+00:00,2021-11-10 00:01:00+00:00,104.51,0.05470303414990325,4734.98,2021-11-10 00:02:00+00:00,2021-11-10 13:37:00+00:00,2021-11-10 13:38:00+00:00,target,0.15714225973673243,0.18978541359388257,"simulated minute opens; intrabar exits only known within minute, not actual exchange fills"
72,680.0,979202.0,979595.0,1.0,0.251,4621.47,4674.59,4436.750139872838,4675.5312316446825,0.5799944850000001,0.586661045,0.0,13.333119999999973,12.166464469999482,9564.878744506066,9577.045208976066,0.12127586778518042,2.0,9554.241180021065,0.0,0.0,2021-11-11 00:00:00+00:00,2021-11-10 00:00:00+00:00,2021-11-11 00:01:00+00:00,105.05,0.054985683068101955,4632.21,2021-11-11 00:02:00+00:00,2021-11-11 06:35:00+00:00,2021-11-11 06:36:00+00:00,target,0.2624080051090857,0.2926660490510671,"simulated minute opens; intrabar exits only known within minute, not actual exchange fills"
73,681.0,980642.0,980741.0,1.0,0.242,4715.99,4763.72,4524.386631987196,4764.673730258842,0.57063479,0.57641012,0.0,11.550660000000114,10.40361509000104,9577.045208976066,9587.448824066067,0.11916719145591455,2.0,9570.543154186065,0.0,0.0,2021-11-12 00:00:00+00:00,2021-11-11 00:00:00+00:00,2021-11-12 00:01:00+00:00,103.92,0.05439421403557502,4721.19,2021-11-12 00:02:00+00:00,2021-11-12 01:41:00+00:00,2021-11-12 01:42:00+00:00,target,0.22437050791889773,0.2540859837891192,"simulated minute opens; intrabar exits only known within minute, not actual exchange fills"
74,682.0,982082.0,983519.0,1.0,0.22,4676.4800000000005,4646.08,4464.851631515441,4709.810929283054,0.5144128000000001,0.5110688,0.20519971954570004,-6.6880000000001205,-7.918681319546522,9587.448824066067,9579.53014274652,0.10730963146499195,3.0,9566.79077719772,0.0,0.0,2021-11-13 00:00:00+00:00,2021-11-12 00:00:00+00:00,2021-11-13 00:01:00+00:00,107.06,0.05603776515250828,4665.99,2021-11-13 00:02:00+00:00,2021-11-13 23:59:00+00:00,2021-11-13 23:59:00+00:00,scheduled_23_59_exit,-0.17008119589867224,0.15749745424836772,"simulated minute opens; intrabar exits only known within minute, not actual exchange fills"
75,683.0,983522.0,983546.0,1.0,0.24,4640.37,4686.3,4446.43701027555,4687.239366766048,0.5568444,0.562356,0.0,11.02320000000007,9.903999599999224,9579.53014274652,9589.43414234652,0.11625714240726814,2.0,9578.37880709292,0.0,0.0,2021-11-14 00:00:00+00:00,2021-11-13 00:00:00+00:00,2021-11-14 00:01:00+00:00,105.93,0.05544629611998135,4644.42,2021-11-14 00:02:00+00:00,2021-11-14 00:26:00+00:00,2021-11-14 00:27:00+00:00,target,0.21278826804367135,0.24167815301895088,"simulated minute opens; intrabar exits only known within minute, not actual exchange fills"
76,684.0,984962.0,984979.0,1.0,0.223,4646.27,4669.9400000000005,4437.396003581051,4670.8748050990625,0.5180591050000001,0.5206983100000001,0.0,5.278410000000016,4.239652584999931,9589.43414234652,9593.67379493152,0.10804789882486888,2.0,9587.13723407768,0.0,0.0,2021-11-15 00:00:00+00:00,2021-11-14 00:00:00+00:00,2021-11-15 00:01:00+00:00,103.24,0.054038285768213665,4629.44,2021-11-15 00:02:00+00:00,2021-11-15 00:19:00+00:00,2021-11-15 00:20:00+00:00,target,0.0910208801763269,0.11779735879477798,"simulated minute opens; intrabar exits only known within minute, not actual exchange fills"
77,685.0,986402.0,986463.0,1.0,0.27,4550.37,4377.83,4378.706132602109,4607.757602932615,0.61429995,0.5910070500000001,0.0,-46.58579999999999,-47.79110700000092,9593.67379493152,9545.882687931518,0.1280635475274433,1.0,9542.48257971622,0.0,0.0,2021-11-16 00:00:00+00:00,2021-11-15 00:00:00+00:00,2021-11-16 00:01:00+00:00,102.78,0.05379751076382217,4567.01,2021-11-16 00:02:00+00:00,2021-11-16 01:03:00+00:00,2021-11-16 01:04:00+00:00,stop,-1.0311086583511198,0.33430216738388574,"simulated minute opens; intrabar exits only known within minute, not actual exchange fills"
78,686.0,987842.0,988555.0,1.0,0.231,4222.21,4248.91,4020.706504125696,4249.763474908951,0.487665255,0.490749105,0.09663335639288102,6.167699999999958,5.092652283608913,9545.882687931518,9550.975340215127,0.10217289923676433,2.0,9509.36972054986,0.0,0.0,2021-11-17 00:00:00+00:00,2021-11-16 00:00:00+00:00,2021-11-17 00:01:00+00:00,110.64,0.05791162279538125,4209.42,2021-11-17 00:02:00+00:00,2021-11-17 11:55:00+00:00,2021-11-17 11:56:00+00:00,target,0.10940809580598505,0.1367394386355396,"simulated minute opens; intrabar exits only known within minute, not actual exchange fills"
79,687.0,989282.0,989585.0,-1.0,0.272,4281.92,4240.2,4452.191486973215,4239.351221786997,0.58234112,0.5766672,0.0,11.34784000000007,10.188831679999566,9550.975340215127,9561.164171895127,0.12194380139335242,2.0,9533.693519728567,0.0,0.0,2021-11-18 00:00:00+00:00,2021-11-17 00:00:00+00:00,2021-11-18 00:01:00+00:00,109.74,0.05744054126505005,4287.99,2021-11-18 00:02:00+00:00,2021-11-18 05:05:00+00:00,2021-11-18 05:06:00+00:00,target,0.2199953771819171,0.250005323672893,"simulated minute opens; intrabar exits only known within minute, not actual exchange fills"
80,688.0,990722.0,990735.0,1.0,0.228,4018.26,4035.58,3814.148597000134,4036.3923639453033,0.45808164000000007,0.46005612,0.0,3.948959999999934,3.0308222399999067,9561.164171895127,9564.194994135127,0.0958213104104044,2.0,9551.029349647568,0.0,0.0,2021-11-19 00:00:00+00:00,2021-11-18 00:00:00+00:00,2021-11-19 00:01:00+00:00,112.49,0.058879957052173144,3997.72,2021-11-19 00:02:00+00:00,2021-11-19 00:15:00+00:00,2021-11-19 00:16:00+00:00,target,0.06512659167801764,0.08883562446197545,"simulated minute opens; intrabar exits only known within minute, not actual exchange fills"
81,689.0,992162.0,993065.0,-1.0,0.309,4301.25,4246.72,4450.643645039903,4245.865923397159,0.664543125,0.6561182400000001,-0.132270826883943,16.84976999999992,15.66137946188428,9564.194994135127,9579.856373597011,0.13896477966154086,2.0,9554.055547835496,0.0,0.0,2021-11-20 00:00:00+00:00,2021-11-19 00:00:00+00:00,2021-11-20 00:01:00+00:00,106.59,0.055791755908890885,4293.44,2021-11-20 00:02:00+00:00,2021-11-20 15:05:00+00:00,2021-11-20 15:06:00+00:00,target,0.33926527406765056,0.37072578681675167,"simulated minute opens; intrabar exits only known within minute, not actual exchange fills"
82,690.0,993602.0,993749.0,-1.0,0.275,4405.87,4364.77,4574.535209871138,4363.890109689771,0.605807125,0.6001558750000001,0.0,11.302499999999851,10.096536999999444,9579.856373597011,9589.95291059701,0.12647519991419948,2.0,9576.61312853976,0.0,0.0,2021-11-21 00:00:00+00:00,2021-11-20 00:00:00+00:00,2021-11-21 00:01:00+00:00,106.77,0.055885972214957114,4412.55,2021-11-21 00:02:00+00:00,2021-11-21 02:29:00+00:00,2021-11-21 02:30:00+00:00,target,0.21767784849079605,0.248894780033785,"simulated minute opens; intrabar exits only known within minute, not actual exchange fills"
83,691.0,995042.0,995857.0,1.0,0.253,4258.64,4296.31,4074.690141897481,4297.178352127548,0.53871796,0.5434832150000001,0.105973409819717,9.53051000000002,8.34233541518006,9589.95291059701,9598.29524601219,0.11235049119056892,2.0,9556.096622637011,0.0,0.0,2021-11-22 00:00:00+00:00,2021-11-21 00:00:00+00:00,2021-11-22 00:01:00+00:00,106.26,0.055619026014436114,4259.23,2021-11-22 00:02:00+00:00,2021-11-22 13:37:00+00:00,2021-11-22 13:38:00+00:00,target,0.1792535102100117,0.20950465809041177,"simulated minute opens; intrabar exits only known within minute, not actual exchange fills"
84,692.0,996482.0,996506.0,1.0,0.261,4078.32,4124.11,3899.7069791684216,4124.936446697947,0.5322207600000001,0.538196355,0.0,11.951189999999873,10.880772884998805,9598.29524601219,9609.17601889719,0.11089901828579864,2.0,9594.198897130891,0.0,0.0,2021-11-23 00:00:00+00:00,2021-11-22 00:00:00+00:00,2021-11-23 00:01:00+00:00,112.04,0.05864441628700755,4086.57,2021-11-23 00:02:00+00:00,2021-11-23 00:26:00+00:00,2021-11-23 00:27:00+00:00,target,0.23340283259251,0.2609913122845799,"simulated minute opens; intrabar exits only known within minute, not actual exchange fills"
85,693.0,997922.0,998043.0,-1.0,0.293,4347.5,4292.4,4505.970877986056,4291.540070347454,0.6369087499999999,0.6288365999999999,0.0,16.144300000000104,14.878554650000297,9609.17601889719,9624.05457354719,0.13256261488965745,2.0,9600.30700791947,0.0,0.0,2021-11-24 00:00:00+00:00,2021-11-23 00:00:00+00:00,2021-11-24 00:01:00+00:00,110.9,0.0580477130152547,4341.36,2021-11-24 00:02:00+00:00,2021-11-24 02:03:00+00:00,2021-11-24 02:04:00+00:00,target,0.3204377400147255,0.35312437441956873,"simulated minute opens; intrabar exits only known within minute, not actual exchange fills"
86,694.0,999362.0,999402.0,1.0,0.229,4284.59,4309.1900000000005,4080.265399504297,4310.060848252506,0.49058555500000006,0.49340225500000007,0.0,5.6334000000000835,4.649412189999566,9624.05457354719,9628.70398573719,0.10194986972505961,2.0,9615.712841914179,0.0,0.0,2021-11-25 00:00:00+00:00,2021-11-24 00:00:00+00:00,2021-11-25 00:01:00+00:00,109.53,0.057330622241306105,4271.29,2021-11-25 00:02:00+00:00,2021-11-25 00:42:00+00:00,2021-11-25 00:43:00+00:00,target,0.09936693844373902,0.12465874491232058,"simulated minute opens; intrabar exits only known within minute, not actual exchange fills"
87,695.0,1000802.0,1000974.0,-1.0,0.291,4531.47,4478.85,4691.093219638101,4477.950930353273,0.659328885,0.651672675,0.0,15.312419999999968,14.001418440000634,9628.70398573719,9642.70540417719,0.1369507019795501,2.0,9621.450375313889,0.0,0.0,2021-11-26 00:00:00+00:00,2021-11-25 00:00:00+00:00,2021-11-26 00:01:00+00:00,106.62,0.05580745862656859,4527.86,2021-11-26 00:02:00+00:00,2021-11-26 02:54:00+00:00,2021-11-26 02:55:00+00:00,target,0.3014275749423463,0.33528373734138456,"simulated minute opens; intrabar exits only known within minute, not actual exchange fills"
88,696.0,1002242.0,1002253.0,1.0,0.245,4054.11,4075.69,3862.835743869245,4076.5076734822537,0.496628475,0.499272025,0.0,5.287099999999982,4.291199499999493,9642.70540417719,9646.99660367719,0.10300604533347292,2.0,9635.907375702189,0.0,0.0,2021-11-27 00:00:00+00:00,2021-11-26 00:00:00+00:00,2021-11-27 00:01:00+00:00,107.26,0.05614244993702632,4040.66,2021-11-27 00:02:00+00:00,2021-11-27 00:13:00+00:00,2021-11-27 00:14:00+00:00,target,0.09157060837306101,0.11709716683954871,"simulated minute opens; intrabar exits only known within minute, not actual exchange fills"
89,697.0,1003682.0,1003721.0,-1.0,0.309,4086.07,4052.09,4237.063073912898,4051.274235250998,0.631297815,0.6260479050000001,0.0,10.499820000000005,9.242474279999442,9646.99660367719,9656.239077957189,0.1308796594287937,2.0,9643.080672478689,0.0,0.0,2021-11-28 00:00:00+00:00,2021-11-27 00:00:00+00:00,2021-11-28 00:01:00+00:00,103.51,0.05417961022731303,4095.33,2021-11-28 00:02:00+00:00,2021-11-28 00:41:00+00:00,2021-11-28 00:42:00+00:00,target,0.19809464914432173,0.23044609826987383,"simulated minute opens; intrabar exits only known within minute, not actual exchange fills"
90,698.0,1005122.0,1006158.0,-1.0,0.33,4307.81,4449.46,4448.5610097329345,4249.780248689613,0.7107886500000001,0.7341609000000001,-0.28677966950985,-46.74449999999988,-47.902669880490066,9656.239077957189,9608.336408076699,0.14721852768176694,1.0,9608.336408076699,0.0,0.0,2021-11-29 00:00:00+00:00,2021-11-28 00:00:00+00:00,2021-11-29 00:01:00+00:00,105.58,0.05526309774707477,4296.6,2021-11-29 00:02:00+00:00,2021-11-29 17:18:00+00:00,2021-11-29 17:19:00+00:00,stop,-1.0313219491205474,0.41228657201462016,"simulated minute opens; intrabar exits only known within minute, not actual exchange fills"
91,699.0,1006562.0,1006915.0,-1.0,0.299,4446.04,4398.3,4600.9511652298615,4397.41927771568,0.6646829799999999,0.65754585,0.0,14.274259999999934,12.952031169999827,9608.336408076699,9621.288439246699,0.13835547628021688,2.0,9590.616209100219,0.0,0.0,2021-11-30 00:00:00+00:00,2021-11-29 00:00:00+00:00,2021-11-30 00:01:00+00:00,104.75,0.05482865589132489,4445.1,2021-11-30 00:02:00+00:00,2021-11-30 05:55:00+00:00,2021-11-30 05:56:00+00:00,target,0.2796301347015446,0.3138619621908771,"simulated minute opens; intrabar exits only known within minute, not actual exchange fills"
92,700.0,1008002.0,1009225.0,-1.0,0.25,4608.86,4582.09,4795.081596425852,4581.170428256126,0.5761075,0.57276125,-0.2373715595455,6.692499999999882,5.781002809546408,9621.288439246699,9627.069442056245,0.1197568295842727,2.0,9577.6390412317,0.0,0.0,2021-12-01 00:00:00+00:00,2021-11-30 00:00:00+00:00,2021-12-01 00:01:00+00:00,105.95,0.05545676459843315,4631.51,2021-12-01 00:02:00+00:00,2021-12-01 20:25:00+00:00,2021-12-01 20:26:00+00:00,target,0.12417470197874135,0.14869151739282263,"simulated minute opens; intrabar exits only known within minute, not actual exchange fills"
93,701.0,1009442.0,1010342.0,1.0,0.255,4574.06,4625.9800000000005,4391.395712098621,4626.90543203699,0.5831926500000001,0.5898124500000002,0.11632907619330002,13.239600000000019,11.950265823808877,9627.069442056245,9639.019707880054,0.12115683874727219,2.0,9595.738349406245,0.0,0.0,2021-12-02 00:00:00+00:00,2021-12-01 00:00:00+00:00,2021-12-02 00:01:00+00:00,106.36,0.055671368406695135,4586.66,2021-12-02 00:02:00+00:00,2021-12-02 15:02:00+00:00,2021-12-02 15:03:00+00:00,target,0.25655692244370304,0.28930357785929345,"simulated minute opens; intrabar exits only known within minute, not actual exchange fills"
94,702.0,1010882.0,1011221.0,1.0,0.242,4515.3,4552.99,4321.981850690926,4553.905035345727,0.5463513000000001,0.55091179,0.0,9.120979999999903,8.023716910000076,9639.019707880054,9647.043424790054,0.11336241994678133,2.0,9628.033476580054,0.0,0.0,2021-12-03 00:00:00+00:00,2021-12-02 00:00:00+00:00,2021-12-03 00:01:00+00:00,106.91,0.055959251564119745,4514.32,2021-12-03 00:02:00+00:00,2021-12-03 05:41:00+00:00,2021-12-03 05:42:00+00:00,target,0.17150927172901503,0.19969690111198798,"simulated minute opens; intrabar exits only known within minute, not actual exchange fills"
95,703.0,1012322.0,1012613.0,1.0,0.264,4211.38,4033.2200000000003,4034.0354798567746,4250.7577563468,0.5559021600000001,0.53238504,0.0,-47.03423999999996,-48.12252719999924,9647.043424790054,9598.920897590055,0.11524819274089627,1.0,9597.534002630053,0.0,0.0,2021-12-04 00:00:00+00:00,2021-12-03 00:00:00+00:00,2021-12-04 00:01:00+00:00,106.88,0.055943548846442044,4213.66,2021-12-04 00:02:00+00:00,2021-12-04 04:53:00+00:00,2021-12-04 04:54:00+00:00,stop,-1.0278428668265802,0.22204100986598435,"simulated minute opens; intrabar exits only known within minute, not actual exchange fills"
96,704.0,1013762.0,1013770.0,1.0,0.23900000000000002,4132.41,4150.81,3936.537333355055,4151.643498634142,0.493822995,0.4960217950000001,0.0,4.397600000000131,3.407755210000687,9598.920897590055,9602.328652800055,0.10289135628234654,2.0,9594.344710717065,0.0,0.0,2021-12-05 00:00:00+00:00,2021-12-04 00:00:00+00:00,2021-12-05 00:01:00+00:00,106.71,0.055854566779601704,4115.79,2021-12-05 00:02:00+00:00,2021-12-05 00:10:00+00:00,2021-12-05 00:11:00+00:00,target,0.07279417921975213,0.09819388771076625,"simulated minute opens; intrabar exits only known within minute, not actual exchange fills"
97,705.0,1015202.0,1015648.0,1.0,0.28300000000000003,4189.4400000000005,4024.48,4025.2925183989228,4234.979459302819,0.5928057600000001,0.56946392,0.0,-46.683680000000145,-47.84594967999874,9602.328652800055,9554.482703120057,0.12347124982587154,1.0,9554.482703120057,0.0,0.0,2021-12-06 00:00:00+00:00,2021-12-05 00:00:00+00:00,2021-12-06 00:01:00+00:00,109.05,0.057079378758462807,4197.53,2021-12-06 00:02:00+00:00,2021-12-06 07:28:00+00:00,2021-12-06 07:29:00+00:00,stop,-1.0299698682607474,0.27743014305569225,"simulated minute opens; intrabar exits only known within minute, not actual exchange fills"
98,706.0,1016642.0,1016722.0,1.0,0.241,4362.78,4381.96,4169.980409415494,4382.845111171486,0.52571499,0.52802618,0.0,4.62238000000007,3.5686388300000544,9554.482703120057,9558.051341950057,0.11004572541186881,2.0,9544.550354151395,0.0,0.0,2021-12-07 00:00:00+00:00,2021-12-06 00:00:00+00:00,2021-12-07 00:01:00+00:00,107.38,0.05620526080773714,4345.2,2021-12-07 00:02:00+00:00,2021-12-07 01:22:00+00:00,2021-12-07 01:23:00+00:00,target,0.07680322325949096,0.10407237437929795,"simulated minute opens; intrabar exits only known within minute, not actual exchange fills"
99,707.0,1018082.0,1018116.0,1.0,0.267,4310.29,4341.87,4136.420933014495,4342.744424373859,0.575423715,0.579639645,0.0,8.43185999999998,7.276796640000612,9558.051341950057,9565.328138590057,0.12040607324936187,2.0,9549.814054811826,0.0,0.0,2021-12-08 00:00:00+00:00,2021-12-07 00:00:00+00:00,2021-12-08 00:01:00+00:00,106.56,0.05577605319121318,4305.82,2021-12-08 00:02:00+00:00,2021-12-08 00:36:00+00:00,2021-12-08 00:37:00+00:00,target,0.15674967648083354,0.1866601399348673,"simulated minute opens; intrabar exits only known within minute, not actual exchange fills"
100,708.0,1019522.0,1019523.0,1.0,0.254,4443.55,4472.77,4261.099904414764,4473.66522472364,0.56433085,0.5680417900000001,0.0,7.421880000000065,6.289507359999334,9565.328138590057,9571.617645950057,0.11799508429267189,2.0,9561.372029659517,0.0,0.0,2021-12-09 00:00:00+00:00,2021-12-08 00:00:00+00:00,2021-12-09 00:01:00+00:00,107.08,0.056048233630960086,4435.33,2021-12-09 00:02:00+00:00,2021-12-09 00:03:00+00:00,2021-12-09 00:04:00+00:00,target,0.13571842711602874,0.16506006547730456,"simulated minute opens; intrabar exits only known within minute, not actual exchange fills"
101,709.0,1020962.0,1020970.0,1.0,0.256,4122.35,4139.21,3940.5021160260485,4140.046325980875,0.5276608000000002,0.52981888,0.0,4.3161599999999165,3.2586803199992573,9571.617645950057,9574.876326270056,0.11025530260776013,2.0,9565.523855227497,0.0,0.0,2021-12-10 00:00:00+00:00,2021-12-09 00:00:00+00:00,2021-12-10 00:01:00+00:00,109.56,0.05734632495898382,4103.8,2021-12-10 00:02:00+00:00,2021-12-10 00:10:00+00:00,2021-12-10 00:11:00+00:00,target,0.06999927478848447,0.09731389551615188,"simulated minute opens; intrabar exits only known within minute, not actual exchange fills"
102,710.0,1022402.0,1022429.0,1.0,0.264,3912.59,3929.87,3736.2551331541576,3930.662856024781,0.51646188,0.51874284,0.0,4.561919999999933,3.5267152799988253,9574.876326270056,9578.403041550055,0.1078785484848535,2.0,9553.568047225255,0.0,0.0,2021-12-11 00:00:00+00:00,2021-12-10 00:00:00+00:00,2021-12-11 00:01:00+00:00,112.23,0.05874386683229969,3895.95,2021-12-11 00:02:00+00:00,2021-12-11 00:29:00+00:00,2021-12-11 00:30:00+00:00,target,0.0757579611959228,0.10249167591217588,"simulated minute opens; intrabar exits only known within minute, not actual exchange fills"
103,711.0,1023842.0,1024930.0,1.0,0.29,4088.21,4124.39,3928.409556465764,4125.218047579996,0.59279045,0.59803655,0.23425378489711,10.492200000000084,9.067119215102139,9578.403041550055,9587.470160765157,0.12377646825437194,2.0,9548.030365679753,0.0,0.0,2021-12-12 00:00:00+00:00,2021-12-11 00:00:00+00:00,2021-12-12 00:01:00+00:00,108.69,0.05689094614633033,4089.81,2021-12-12 00:02:00+00:00,2021-12-12 18:10:00+00:00,2021-12-12 18:11:00+00:00,target,0.19565607977327013,0.2315891418165387,"simulated minute opens; intrabar exits only known within minute, not actual exchange fills"
104,712.0,1025282.0,1025382.0,1.0,0.274,4130.1,3959.38,3960.172633039723,4165.873998126373,0.5658237000000002,0.5424350600000001,0.0,-46.777280000000076,-47.88553876000151,9587.470160765157,9539.584622005155,0.11803399447656646,1.0,9539.584622005155,0.0,0.0,2021-12-13 00:00:00+00:00,2021-12-12 00:00:00+00:00,2021-12-13 00:01:00+00:00,112.55,0.058911362487528554,4129.0,2021-12-13 00:02:00+00:00,2021-12-13 01:42:00+00:00,2021-12-13 01:43:00+00:00,stop,-1.0284672982713794,0.21052523066949957,"simulated minute opens; intrabar exits only known within minute, not actual exchange fills"
105,713.0,1026722.0,1026748.0,1.0,0.317,3770.94,3813.6,3625.1785405726705,3814.3677106182677,0.59769399,0.6044556,0.0,13.523219999999954,12.321070410000175,9539.584622005155,9551.905692415155,0.12530817927256224,2.0,9536.505460868966,0.0,0.0,2021-12-14 00:00:00+00:00,2021-12-13 00:00:00+00:00,2021-12-14 00:01:00+00:00,112.45,0.05885902009526954,3780.63,2021-12-14 00:02:00+00:00,2021-12-14 00:28:00+00:00,2021-12-14 00:29:00+00:00,target,0.2666529969767375,0.29793685373957723,"simulated minute opens; intrabar exits only known within minute, not actual exchange fills"
106,714.0,1028162.0,1028184.0,1.0,0.301,3856.48,3889.7400000000002,3702.615005076546,3890.5251531744125,0.5804002399999999,0.5854058700000001,0.0,10.011260000000066,8.845453890000499,9551.905692415155,9560.751146305156,0.12152553818886133,2.0,9548.406481810756,0.0,0.0,2021-12-15 00:00:00+00:00,2021-12-14 00:00:00+00:00,2021-12-15 00:01:00+00:00,110.34,0.05775459561860418,3856.66,2021-12-15 00:02:00+00:00,2021-12-15 00:24:00+00:00,2021-12-15 00:25:00+00:00,target,0.19099139485638866,0.221266397801199,"simulated minute opens; intrabar exits only known within minute, not actual exchange fills"
107,715.0,1029602.0,1029622.0,1.0,0.279,4026.69,4053.1600000000003,3860.3043016257484,4053.9725596198737,0.5617232550000001,0.56541582,0.0,7.385130000000072,6.257990924999831,9560.751146305156,9567.009137230156,0.11750609264986119,2.0,9557.288406606556,0.0,0.0,2021-12-16 00:00:00+00:00,2021-12-15 00:00:00+00:00,2021-12-16 00:01:00+00:00,109.05,0.057079378758462807,4019.01,2021-12-16 00:02:00+00:00,2021-12-16 00:22:00+00:00,2021-12-16 00:23:00+00:00,target,0.13480771015275234,0.16397178295040057,"simulated minute opens; intrabar exits only known within minute, not actual exchange fills"
108,716.0,1031042.0,1031118.0,1.0,0.297,3966.8,3990.38,3810.50380314521,3991.1791720108426,0.5890698,0.59257143,0.0,7.003259999999978,5.821618769999986,9567.009137230156,9572.830756000156,0.12314607241413124,2.0,9557.304076563976,0.0,0.0,2021-12-17 00:00:00+00:00,2021-12-16 00:00:00+00:00,2021-12-17 00:01:00+00:00,103.39,0.0541167993566022,3958.67,2021-12-17 00:02:00+00:00,2021-12-17 01:18:00+00:00,2021-12-17 01:19:00+00:00,target,0.12541194472064474,0.15598058367019882,"simulated minute opens; intrabar exits only known within minute, not actual exchange fills"
109,717.0,1032482.0,1032699.0,1.0,0.325,3875.39,3903.57,3732.7904683010106,3904.3592893739183,0.6297508749999999,0.6343301250000001,0.0,9.158500000000094,7.894419000000198,9572.830756000156,9580.725175000156,0.1315704604106321,2.0,9536.533356741906,0.0,0.0,2021-12-18 00:00:00+00:00,2021-12-17 00:00:00+00:00,2021-12-18 00:01:00+00:00,100.11,0.0523999688905063,3873.93,2021-12-18 00:02:00+00:00,2021-12-18 03:39:00+00:00,2021-12-18 03:40:00+00:00,target,0.17034081185676697,0.2031513640245968,"simulated minute opens; intrabar exits only known within minute, not actual exchange fills"
110,718.0,1033922.0,1034001.0,-1.0,0.341,3949.02,3921.84,4084.39740791141,3921.046016732796,0.67330791,0.6686737200000001,0.0,9.268379999999945,7.926398370000243,9580.725175000156,9588.651573370156,0.14055468614357555,2.0,9574.262229529086,0.0,0.0,2021-12-19 00:00:00+00:00,2021-12-18 00:00:00+00:00,2021-12-19 00:01:00+00:00,100.48,0.05259363574186468,3957.64,2021-12-19 00:02:00+00:00,2021-12-19 01:21:00+00:00,2021-12-19 01:22:00+00:00,target,0.1717019874927121,0.2066370135075264,"simulated minute opens; intrabar exits only known within minute, not actual exchange fills"
111,719.0,1035362.0,1035421.0,1.0,0.335,3914.9700000000003,3953.26,3776.6970050000164,3954.051877432519,0.6557574750000001,0.6621710500000001,0.0,12.827149999999989,11.509221475000231,9588.651573370156,9600.160794845156,0.1367778294961069,2.0,9580.346380147555,0.0,0.0,2021-12-20 00:00:00+00:00,2021-12-19 00:00:00+00:00,2021-12-20 00:01:00+00:00,102.47,0.0536352493478192,3922.51,2021-12-20 00:02:00+00:00,2021-12-20 01:01:00+00:00,2021-12-20 01:02:00+00:00,target,0.24846417046224167,0.28264287927316156,"simulated minute opens; intrabar exits only known within minute, not actual exchange fills"
112,720.0,1036802.0,1038239.0,-1.0,0.372,3947.21,4017.28,4071.0869280945076,3906.1843601571104,0.73418106,0.7472140800000001,-0.296869018977,-26.06604000000006,-27.25056612102162,9600.160794845156,9572.910228724135,0.15295182563905,3.0,9557.330526922764,0.0,0.0,2021-12-21 00:00:00+00:00,2021-12-20 00:00:00+00:00,2021-12-21 00:01:00+00:00,102.37,0.053582906955560186,3943.48,2021-12-21 00:02:00+00:00,2021-12-21 23:59:00+00:00,2021-12-21 23:59:00+00:00,scheduled_23_59_exit,-0.5913466787524758,0.3311806360873799,"simulated minute opens; intrabar exits only known within minute, not actual exchange fills"
113,721.0,1038242.0,1038992.0,-1.0,0.361,4017.02,3977.6600000000003,4144.675867844484,3976.8587587354746,0.7250721099999999,0.71796763,-0.1460967,14.208959999999882,12.912016959999164,9572.910228724135,9585.822245684134,0.1514841553249657,2.0,9551.847250361683,0.0,0.0,2021-12-22 00:00:00+00:00,2021-12-21 00:00:00+00:00,2021-12-22 00:01:00+00:00,102.21,0.05349915912794575,4014.38,2021-12-22 00:02:00+00:00,2021-12-22 12:32:00+00:00,2021-12-22 12:33:00+00:00,target,0.2801857885888259,0.314605524545504,"simulated minute opens; intrabar exits only known within minute, not actual exchange fills"
114,722.0,1039682.0,1040733.0,1.0,0.313,3984.12,4008.83,3835.7854797734435,4009.637130365607,0.6235147799999999,0.627381895,0.1641757932663594,7.734230000000012,6.319157531734163,9585.822245684134,9592.141403215868,0.13009103737151556,2.0,9556.308528859134,0.0,0.0,2021-12-23 00:00:00+00:00,2021-12-22 00:00:00+00:00,2021-12-23 00:01:00+00:00,99.7,0.052185365082244306,3978.62,2021-12-23 00:02:00+00:00,2021-12-23 17:33:00+00:00,2021-12-23 17:34:00+00:00,target,0.13610454038612077,0.1720242215138719,"simulated minute opens; intrabar exits only known within minute, not actual exchange fills"
115,723.0,1041122.0,1041352.0,-1.0,0.389,4115.65,4076.78,4233.641981186001,4075.9577502726347,0.800493925,0.79293371,0.0,15.12042999999978,13.527002364999134,9592.141403215868,9605.668405580867,0.166906197761352,2.0,9586.384926604158,0.0,0.0,2021-12-24 00:00:00+00:00,2021-12-23 00:00:00+00:00,2021-12-24 00:01:00+00:00,93.93,0.049165209048898775,4111.3,2021-12-24 00:02:00+00:00,2021-12-24 03:52:00+00:00,2021-12-24 03:53:00+00:00,target,0.29471312076013545,0.3363978579594686,"simulated minute opens; intrabar exits only known within minute, not actual exchange fills"
116,724.0,1042562.0,1043300.0,1.0,0.352,4039.28,4073.83,3907.799060740158,4074.6490943268245,0.71091328,0.71699408,0.142609211559232,12.161599999999904,10.59108342844047,9605.668405580867,9616.259489009308,0.14801953388000805,2.0,9598.531175653148,0.0,0.0,2021-12-25 00:00:00+00:00,2021-12-24 00:00:00+00:00,2021-12-25 00:01:00+00:00,94.03,0.049217551441157796,4045.0,2021-12-25 00:02:00+00:00,2021-12-25 12:20:00+00:00,2021-12-25 12:21:00+00:00,target,0.22884157478499947,0.2690054887494022,"simulated minute opens; intrabar exits only known within minute, not actual exchange fills"
117,725.0,1044002.0,1044154.0,-1.0,0.356,4082.83,4060.7400000000002,4212.532099925749,4059.9202175491664,0.72674374,0.72281172,0.0,7.864039999999889,6.414484539998739,9616.259489009308,9622.673973549307,0.15114894535252835,2.0,9609.046425269307,0.0,0.0,2021-12-26 00:00:00+00:00,2021-12-25 00:00:00+00:00,2021-12-26 00:01:00+00:00,91.73,0.048013676419200305,4093.87,2021-12-26 00:02:00+00:00,2021-12-26 02:34:00+00:00,2021-12-26 02:35:00+00:00,target,0.1389199944357984,0.17663385915839996,"simulated minute opens; intrabar exits only known within minute, not actual exchange fills"
118,726.0,1045442.0,1046196.0,1.0,0.34600000000000003,4067.77,4089.4,3933.736452769333,4090.2199359468395,0.7037242100000001,0.7074662,0.140182279758874,7.483980000000038,5.932607310240201,9622.673973549307,9628.606580859547,0.14626375411541304,2.0,9610.171090176467,0.0,0.0,2021-12-27 00:00:00+00:00,2021-12-26 00:00:00+00:00,2021-12-27 00:01:00+00:00,88.58,0.04636489106304113,4062.24,2021-12-27 00:02:00+00:00,2021-12-27 12:36:00+00:00,2021-12-27 12:37:00+00:00,target,0.12792516692048905,0.16749490266197328,"simulated minute opens; intrabar exits only known within minute, not actual exchange fills"
119,727.0,1046882.0,1047138.0,1.0,0.382,4026.38,3904.61,3905.394771933206,4066.362406137088,0.76903858,0.7457805100000001,0.0,-46.51613999999999,-48.03095908999967,9628.606580859547,9580.575621769547,0.15974036815020598,1.0,9580.575621769547,0.0,0.0,2021-12-28 00:00:00+00:00,2021-12-27 00:00:00+00:00,2021-12-28 00:01:00+00:00,92.17,0.04824398294514,4037.36,2021-12-28 00:02:00+00:00,2021-12-28 04:18:00+00:00,2021-12-28 04:19:00+00:00,stop,-1.0392631977399949,0.33047345346172385,"simulated minute opens; intrabar exits only known within minute, not actual exchange fills"
120,728.0,1048322.0,1048334.0,1.0,0.365,3798.78,3817.4300000000003,3672.046794860615,3818.1939578915217,0.6932773500000001,0.696680975,0.0,6.807250000000033,5.417291675001252,9580.575621769547,9585.992913444548,0.1447256151132912,2.0,9574.587480113798,0.0,0.0,2021-12-29 00:00:00+00:00,2021-12-28 00:00:00+00:00,2021-12-29 00:01:00+00:00,88.8,0.04648004432601098,3791.99,2021-12-29 00:02:00+00:00,2021-12-29 00:14:00+00:00,2021-12-29 00:15:00+00:00,target,0.11711133624119945,0.15318761858953547,"simulated minute opens; intrabar exits only known within minute, not actual exchange fills"
121,729.0,1049762.0,1049791.0,1.0,0.36,3636.37,3654.08,3507.585827963695,3654.819801991569,0.6545466,0.6577343999999999,0.0,6.375600000000013,5.063318999998955,9585.992913444548,9591.056232444547,0.1365631303736904,2.0,9566.481022787348,0.0,0.0,2021-12-30 00:00:00+00:00,2021-12-29 00:00:00+00:00,2021-12-30 00:01:00+00:00,93.37,0.04887209165224826,3628.55,2021-12-30 00:02:00+00:00,2021-12-30 00:31:00+00:00,2021-12-30 00:32:00+00:00,target,0.10921198449784784,0.14326140937853749,"simulated minute opens; intrabar exits only known within minute, not actual exchange fills"
122,730.0,1051202.0,1052355.0,-1.0,0.453,3714.58,3678.09,3815.7121152451814,3677.35267550634,0.8413523700000001,0.833087385,-0.18773253058327663,16.529969999999903,15.043262775583571,9591.056232444547,9606.09949522013,0.17544519594283683,2.0,9545.905053457991,0.0,0.0,2021-12-31 00:00:00+00:00,2021-12-30 00:00:00+00:00,2021-12-31 00:01:00+00:00,92.62,0.048479523710305596,3708.37,2021-12-31 00:02:00+00:00,2021-12-31 19:15:00+00:00,2021-12-31 19:16:00+00:00,target,0.3283634038189165,0.3681058623505234,"simulated minute opens; intrabar exits only known within minute, not actual exchange fills"
123,731.0,1052642.0,1052646.0,1.0,0.371,3691.78,3698.87,3566.7196635897417,3699.619507875984,0.6848251900000001,0.686140385,0.0,2.630389999999885,1.2594244250012707,9606.09949522013,9607.358919645132,0.14258132353110856,2.0,9603.405723168322,0.0,0.0,2022-01-01 00:00:00+00:00,2021-12-31 00:00:00+00:00,2022-01-01 00:01:00+00:00,83.1,0.04349652796724676,3676.02,2022-01-01 00:02:00+00:00,2022-01-01 00:06:00+00:00,2022-01-01 00:07:00+00:00,target,0.02714429768417739,0.06268580511622977,"simulated minute opens; intrabar exits only known within minute, not actual exchange fills"
124,732.0,1054082.0,1054365.0,-1.0,0.47900000000000004,3760.7200000000003,3736.87,3856.406547832846,3736.116487173228,0.9006924400000001,0.894980365,0.0,11.424150000000175,9.628477194999505,9607.358919645132,9616.987396840132,0.1875005290284854,2.0,9602.013107205132,0.0,0.0,2022-01-02 00:00:00+00:00,2022-01-01 00:00:00+00:00,2022-01-02 00:01:00+00:00,79.38,0.04154939097521116,3763.06,2022-01-02 00:02:00+00:00,2022-01-02 04:45:00+00:00,2022-01-02 04:46:00+00:00,target,0.21007346858320777,0.2571261413856406,"simulated minute opens; intrabar exits only known within minute, not actual exchange fills"
125,733.0,1055522.0,1055593.0,-1.0,0.426,3815.4300000000003,3799.27,3923.396373348517,3798.505135272126,0.81268659,0.80924451,0.0,6.884160000000132,5.262228900000991,9616.987396840132,9622.249625740133,0.16901063845982073,2.0,9612.579270250133,0.0,0.0,2022-01-03 00:00:00+00:00,2022-01-02 00:00:00+00:00,2022-01-03 00:01:00+00:00,80.9,0.04234499533754829,3826.21,2022-01-03 00:02:00+00:00,2022-01-03 01:13:00+00:00,2022-01-03 01:14:00+00:00,target,0.11441201197087379,0.15676051906680674,"simulated minute opens; intrabar exits only known within minute, not actual exchange fills"
126,734.0,1056962.0,1057589.0,1.0,0.41100000000000003,3769.4700000000003,3786.63,3657.0137255635477,3787.3905082059277,0.7746260850000001,0.7781524650000001,0.15461491200000002,7.052759999999941,5.345366538000235,9622.249625740133,9627.594992278133,0.16100727275414387,2.0,9598.972793249903,0.0,0.0,2022-01-04 00:00:00+00:00,2022-01-03 00:00:00+00:00,2022-01-04 00:01:00+00:00,80.04,0.041894850764120715,3764.07,2022-01-04 00:02:00+00:00,2022-01-04 10:29:00+00:00,2022-01-04 10:30:00+00:00,target,0.1156516883133092,0.159355343183222,"simulated minute opens; intrabar exits only known within minute, not actual exchange fills"
127,735.0,1058402.0,1058456.0,1.0,0.47900000000000004,3776.28,3808.17,3680.3325033497617,3808.9356373053056,0.9044190600000002,0.9120567150000001,0.0,15.27530999999994,13.458834225000828,9627.594992278133,9641.053826503134,0.18788057884142292,2.0,9622.869636796093,0.0,0.0,2022-01-05 00:00:00+00:00,2022-01-04 00:00:00+00:00,2022-01-05 00:01:00+00:00,79.12,0.04141330075533771,3785.6,2022-01-05 00:02:00+00:00,2022-01-05 00:56:00+00:00,2022-01-05 00:57:00+00:00,target,0.2928453162506965,0.34034902884799995,"simulated minute opens; intrabar exits only known within minute, not actual exchange fills"
128,736.0,1059842.0,1060114.0,1.0,0.47500000000000003,3527.36,3429.38,3430.073118593942,3561.2680792192477,0.837748,0.8144777500000001,0.0,-46.54050000000001,-48.19272574999923,9641.053826503134,9592.861100753134,0.17378764086910115,1.0,9590.529581288883,0.0,0.0,2022-01-06 00:00:00+00:00,2022-01-05 00:00:00+00:00,2022-01-06 00:01:00+00:00,85.44,0.04472133994610786,3537.71,2022-01-06 00:02:00+00:00,2022-01-06 04:34:00+00:00,2022-01-06 04:35:00+00:00,stop,-1.042878222979821,0.34853701474632914,"simulated minute opens; intrabar exits only known within minute, not actual exchange fills"
129,737.0,1061282.0,1061483.0,1.0,0.455,3407.4300000000003,3305.42,3306.0873611719067,3425.902655227552,0.7751903250000002,0.7519830500000001,0.0,-46.4145500000001,-47.94172337499913,9592.861100753134,9544.919377378135,0.16161816935703155,1.0,9544.919377378135,0.0,0.0,2022-01-07 00:00:00+00:00,2022-01-06 00:00:00+00:00,2022-01-07 00:01:00+00:00,80.89,0.04233976109832239,3404.6,2022-01-07 00:02:00+00:00,2022-01-07 03:23:00+00:00,2022-01-07 03:24:00+00:00,stop,-1.0397047700596187,0.1822792009480478,"simulated minute opens; intrabar exits only known within minute, not actual exchange fills"
130,738.0,1062722.0,1062743.0,1.0,0.419,3209.94,3216.9,3100.065877434684,3217.553210209018,0.6724824300000001,0.6739405500000001,0.0,2.9162400000000153,1.569817019999391,9544.919377378135,9546.489194398135,0.14090898066542332,2.0,9534.777494948135,0.0,0.0,2022-01-08 00:00:00+00:00,2022-01-07 00:00:00+00:00,2022-01-08 00:01:00+00:00,84.85,0.04441251983177963,3196.58,2022-01-08 00:02:00+00:00,2022-01-08 00:23:00+00:00,2022-01-08 00:24:00+00:00,target,0.034098838857815145,0.06929029357656079,"simulated minute opens; intrabar exits only known within minute, not actual exchange fills"
131,739.0,1064162.0,1064205.0,1.0,0.539,3073.77,3099.13,2988.8970072346415,3099.7564226437394,0.828381015,0.835215535,0.0,13.66904000000007,12.005443449999802,9546.489194398135,9558.494637848135,0.1735467349580394,2.0,9537.036813383134,0.0,0.0,2022-01-09 00:00:00+00:00,2022-01-08 00:00:00+00:00,2022-01-09 00:01:00+00:00,83.21,0.043554104598731685,3080.03,2022-01-09 00:02:00+00:00,2022-01-09 00:45:00+00:00,2022-01-09 00:46:00+00:00,target,0.26243389415497004,0.3061801145104185,"simulated minute opens; intrabar exits only known within minute, not actual exchange fills"
132,740.0,1065602.0,1065859.0,1.0,0.503,3146.86,3169.75,3055.7395014576828,3170.39090570961,0.79143529,0.797192125,0.0,11.513669999999935,9.925042584998664,9558.494637848135,9568.419680433133,0.1655983122836532,2.0,9547.957880585454,0.0,0.0,2022-01-10 00:00:00+00:00,2022-01-09 00:00:00+00:00,2022-01-10 00:01:00+00:00,84.36,0.044156042109710435,3150.0,2022-01-10 00:02:00+00:00,2022-01-10 04:19:00+00:00,2022-01-10 04:20:00+00:00,target,0.21654507290512384,0.25823943114931114,"simulated minute opens; intrabar exits only known within minute, not actual exchange fills"
133,741.0,1067042.0,1067181.0,1.0,0.499,3079.1,3100.9,2986.928763953246,3101.5293261649736,0.76823545,0.7736745500000001,0.0,10.87820000000009,9.3362900000011,9568.419680433133,9577.755970433134,0.16057728980491884,2.0,9553.738546393433,0.0,0.0,2022-01-11 00:00:00+00:00,2022-01-10 00:00:00+00:00,2022-01-11 00:01:00+00:00,85.77,0.04489406984056263,3081.31,2022-01-11 00:02:00+00:00,2022-01-11 02:21:00+00:00,2022-01-11 02:22:00+00:00,target,0.20299174452332952,0.24334409656388156,"simulated minute opens; intrabar exits only known within minute, not actual exchange fills"
134,742.0,1068482.0,1068872.0,1.0,0.459,3243.23,3256.73,3142.8362613733784,3257.385035579105,0.744321285,0.747419535,0.0,6.1965,4.70475918000011,9577.755970433134,9582.460729613134,0.15542707233254754,2.0,9564.727602620735,0.0,0.0,2022-01-12 00:00:00+00:00,2022-01-11 00:00:00+00:00,2022-01-12 00:01:00+00:00,82.17,0.04300974371923786,3236.86,2022-01-12 00:02:00+00:00,2022-01-12 06:32:00+00:00,2022-01-12 06:33:00+00:00,target,0.10209819994971502,0.14099520321431225,"simulated minute opens; intrabar exits only known within minute, not actual exchange fills"
135,743.0,1069922.0,1070786.0,1.0,0.47800000000000004,3371.36,3390.16,3275.184464283604,3390.8393924452266,0.8057550400000001,0.8102482400000001,0.159638138,8.98639999999987,7.210758581999471,9582.460729613134,9589.671488195134,0.1681728864298785,2.0,9554.974586198894,0.0,0.0,2022-01-13 00:00:00+00:00,2022-01-12 00:00:00+00:00,2022-01-13 00:01:00+00:00,79.85,0.04179540021882856,3369.93,2022-01-13 00:02:00+00:00,2022-01-13 14:26:00+00:00,2022-01-13 14:27:00+00:00,target,0.15685141639847547,0.2025399941900779,"simulated minute opens; intrabar exits only known within minute, not actual exchange fills"
136,744.0,1071362.0,1071396.0,1.0,0.544,3237.8,3258.54,3153.6567945502275,3259.2008734259007,0.8806816000000002,0.88632288,0.0,11.282559999999883,9.515555519999907,9589.671488195134,9599.187043715134,0.18367294460172434,2.0,9581.026771160894,0.0,0.0,2022-01-14 00:00:00+00:00,2022-01-13 00:00:00+00:00,2022-01-14 00:01:00+00:00,75.5,0.039518506155561135,3240.36,2022-01-14 00:02:00+00:00,2022-01-14 00:36:00+00:00,2022-01-14 00:37:00+00:00,target,0.20788166919123563,0.2543386992628328,"simulated minute opens; intrabar exits only known within minute, not actual exchange fills"
137,745.0,1072802.0,1073327.0,1.0,0.467,3319.6800000000003,3323.2000000000003,3220.925540834371,3323.8653609046055,0.77514528,0.7759672000000002,0.15473951600000002,1.6438399999999915,-0.06201199600036489,9599.187043715134,9599.125031719133,0.16150227648861373,2.0,9586.044233677074,0.0,0.0,2022-01-15 00:00:00+00:00,2022-01-14 00:00:00+00:00,2022-01-15 00:01:00+00:00,72.08,0.0377283963403026,3305.6,2022-01-15 00:02:00+00:00,2022-01-15 08:47:00+00:00,2022-01-15 08:48:00+00:00,target,-0.001344627889441141,0.04238148778259817,"simulated minute opens; intrabar exits only known within minute, not actual exchange fills"
138,746.0,1074242.0,1075011.0,1.0,0.524,3327.83,3341.29,3240.307588609375,3341.958824745442,0.8718914600000001,0.87541798,0.17078195345400002,7.05304000000002,5.134948606548278,9599.125031719133,9604.259980325682,0.18166061117423546,2.0,9576.30564509892,0.0,0.0,2022-01-16 00:00:00+00:00,2022-01-15 00:00:00+00:00,2022-01-16 00:01:00+00:00,70.72,0.03701653980557991,3324.05,2022-01-16 00:02:00+00:00,2022-01-16 12:51:00+00:00,2022-01-16 12:52:00+00:00,target,0.11196583921537219,0.16143093547072537,"simulated minute opens; intrabar exits only known within minute, not actual exchange fills"
139,747.0,1075682.0,1075738.0,-1.0,0.632,3347.21,3324.59,3419.0313688786573,3323.9227769033027,1.0577183600000002,1.05057044,0.0,14.29583999999993,12.187551200000598,9604.259980325682,9616.447531525682,0.2202602516314084,2.0,9598.089381965681,0.0,0.0,2022-01-17 00:00:00+00:00,2022-01-16 00:00:00+00:00,2022-01-17 00:01:00+00:00,71.8,0.037581837641977346,3345.49,2022-01-17 00:02:00+00:00,2022-01-17 00:58:00+00:00,2022-01-17 00:59:00+00:00,target,0.26850086960305053,0.3242380848524514,"simulated minute opens; intrabar exits only known within minute, not actual exchange fills"
140,748.0,1077122.0,1077130.0,1.0,0.503,3217.34,3225.69,3125.559325734573,3226.3403905604355,0.8091610100000001,0.811261035,0.0,4.200049999999954,2.5796279549995234,9616.447531525682,9619.027159480682,0.1682868870957431,2.0,9609.324230498902,0.0,0.0,2022-01-18 00:00:00+00:00,2022-01-17 00:00:00+00:00,2022-01-18 00:01:00+00:00,72.74,0.038073856129212144,3208.61,2022-01-18 00:02:00+00:00,2022-01-18 00:10:00+00:00,2022-01-18 00:11:00+00:00,target,0.05587761302741821,0.09806411461313161,"simulated minute opens; intrabar exits only known within minute, not actual exchange fills"
141,749.0,1078562.0,1078986.0,1.0,0.526,3163.56,3075.4,3076.0189015599667,3177.042372902097,0.83201628,0.8088302000000002,0.0,-46.37215999999992,-48.0130064799996,9619.027159480682,9571.014153000682,0.17299385191566907,1.0,9569.606344187823,0.0,0.0,2022-01-19 00:00:00+00:00,2022-01-18 00:00:00+00:00,2022-01-19 00:01:00+00:00,73.93,0.038696730597094504,3159.32,2022-01-19 00:02:00+00:00,2022-01-19 07:06:00+00:00,2022-01-19 07:07:00+00:00,stop,-1.0427043026256615,0.15401192288365978,"simulated minute opens; intrabar exits only known within minute, not actual exchange fills"
142,750.0,1080002.0,1080010.0,1.0,0.531,3087.82,3099.35,3001.36320804184,3099.9764383245383,0.81981621,0.822877425,0.0,6.1224299999998655,4.479736364999553,9571.014153000682,9575.493889365682,0.1713122970867143,2.0,9569.141564896312,0.0,0.0,2022-01-20 00:00:00+00:00,2022-01-19 00:00:00+00:00,2022-01-20 00:01:00+00:00,73.75,0.03860251429102827,3082.81,2022-01-20 00:02:00+00:00,2022-01-20 00:10:00+00:00,2022-01-20 00:11:00+00:00,target,0.09757955169192357,0.14060709458686782,"simulated minute opens; intrabar exits only known within minute, not actual exchange fills"
143,751.0,1081442.0,1081467.0,1.0,0.578,2998.6,3016.27,2919.399644710176,3016.8734766379794,0.8665953999999999,0.8717020299999999,0.0,10.21326000000004,8.474962569998752,9575.493889365682,9583.96885193568,0.1810027576671362,2.0,9560.153962706681,0.0,0.0,2022-01-21 00:00:00+00:00,2022-01-20 00:00:00+00:00,2022-01-21 00:01:00+00:00,74.66,0.03907883006058535,2999.92,2022-01-21 00:02:00+00:00,2022-01-21 00:27:00+00:00,2022-01-21 00:28:00+00:00,target,0.18513256596314456,0.23072468009909664,"simulated minute opens; intrabar exits only known within minute, not actual exchange fills"
144,753.0,1084322.0,1084330.0,1.0,0.553,2408.88,2427.79,2325.1906406072294,2428.2809882833944,0.6660553200000001,0.671283935,0.0,10.457229999999921,9.119890744999793,9583.96885193568,9593.08874268068,0.13899363203073775,2.0,9577.48124754465,0.0,0.0,2022-01-23 00:00:00+00:00,2022-01-22 00:00:00+00:00,2022-01-23 00:01:00+00:00,95.29,0.04987706558362147,2410.96,2022-01-23 00:02:00+00:00,2022-01-23 00:10:00+00:00,2022-01-23 00:11:00+00:00,target,0.1970580862329341,0.23182144569110216,"simulated minute opens; intrabar exits only known within minute, not actual exchange fills"
145,754.0,1085762.0,1085767.0,-1.0,0.584,2530.68,2516.85,2609.6893663663054,2516.3407992944517,0.7389585599999999,0.7349201999999999,0.0,8.076719999999957,6.602841240000998,9593.08874268068,9599.691583920681,0.15406061172191476,2.0,9591.058667045241,0.0,0.0,2022-01-24 00:00:00+00:00,2022-01-23 00:00:00+00:00,2022-01-24 00:01:00+00:00,91.8,0.04805031609378162,2538.41,2022-01-24 00:02:00+00:00,2022-01-24 00:07:00+00:00,2022-01-24 00:08:00+00:00,target,0.1430999325774036,0.18148735225983595,"simulated minute opens; intrabar exits only known within minute, not actual exchange fills"
146,755.0,1087202.0,1087632.0,1.0,0.597,2428.3,2350.41,2350.880194924756,2455.607652588367,0.7248475500000001,0.7015973849999999,0.0,-46.50033000000019,-47.92677493500014,9599.691583920681,9551.764808985681,0.15101475785203503,1.0,9551.764808985681,0.0,0.0,2022-01-25 00:00:00+00:00,2022-01-24 00:00:00+00:00,2022-01-25 00:01:00+00:00,94.78,0.049610119383100455,2438.13,2022-01-25 00:02:00+00:00,2022-01-25 07:12:00+00:00,2022-01-25 07:13:00+00:00,stop,-1.0369356383935187,0.3527217946599882,"simulated minute opens; intrabar exits only known within minute, not actual exchange fills"
147,756.0,1088642.0,1088660.0,-1.0,0.589,2448.31,2436.2400000000002,2526.3128944048412,2435.7502997471834,0.721027295,0.7174726800000001,0.0,7.109229999999828,5.670730025000012,9551.764808985681,9557.435539010681,0.15097258138552663,2.0,9543.359098820261,0.0,0.0,2022-01-26 00:00:00+00:00,2022-01-25 00:00:00+00:00,2022-01-26 00:01:00+00:00,91.84,0.04807125305068523,2457.37,2022-01-26 00:02:00+00:00,2022-01-26 00:20:00+00:00,2022-01-26 00:21:00+00:00,target,0.12342779166669576,0.16101582317741606,"simulated minute opens; intrabar exits only known within minute, not actual exchange fills"
148,757.0,1090082.0,1090159.0,-1.0,0.519,2445.81,2439.53,2534.803142487493,2439.0406038319375,0.634687695,0.633058035,0.0,3.259319999999868,1.9915742700013652,9557.435539010681,9559.427113280683,0.13281548013782332,2.0,9532.864571315682,0.0,0.0,2022-01-27 00:00:00+00:00,2022-01-26 00:00:00+00:00,2022-01-27 00:01:00+00:00,95.83,0.05015971450182018,2461.61,2022-01-27 00:02:00+00:00,2022-01-27 01:19:00+00:00,2022-01-27 01:20:00+00:00,target,0.04311938979502743,0.07606649207846373,"simulated minute opens; intrabar exits only known within minute, not actual exchange fills"
149,758.0,1091522.0,1091525.0,1.0,0.548,2417.02,2440.28,2332.672866493418,2440.7691366728495,0.6622634800000001,0.6686367200000001,0.0,12.74648000000012,11.41557979999925,9559.427113280683,9570.842693080682,0.13855714827930082,2.0,9558.764849800682,0.0,0.0,2022-01-28 00:00:00+00:00,2022-01-27 00:00:00+00:00,2022-01-28 00:01:00+00:00,97.76,0.051169922672419293,2422.61,2022-01-28 00:02:00+00:00,2022-01-28 00:05:00+00:00,2022-01-28 00:06:00+00:00,target,0.24697164128728902,0.28156424155180454,"simulated minute opens; intrabar exits only known within minute, not actual exchange fills"
150,759.0,1092962.0,1093130.0,-1.0,0.643,2539.42,2523.13,2610.703780004487,2522.6167116273664,0.81642353,0.8111862950000001,0.0,10.474469999999977,8.846860175000984,9570.842693080682,9579.689553255683,0.17060640451028206,2.0,9540.795489550683,0.0,0.0,2022-01-29 00:00:00+00:00,2022-01-28 00:00:00+00:00,2022-01-29 00:01:00+00:00,84.96,0.04447009646326455,2543.34,2022-01-29 00:02:00+00:00,2022-01-29 02:50:00+00:00,2022-01-29 02:51:00+00:00,target,0.19301340359806296,0.23572386834110165,"simulated minute opens; intrabar exits only known within minute, not actual exchange fills"
151,760.0,1094402.0,1094818.0,1.0,0.614,2592.7400000000002,2616.35,2517.82257957147,2616.875069668948,0.79597118,0.80321945,0.0,14.496539999999799,12.897349369999574,9579.689553255683,9592.586902625682,0.16617890915462644,2.0,9560.387622075683,0.0,0.0,2022-01-30 00:00:00+00:00,2022-01-29 00:00:00+00:00,2022-01-30 00:01:00+00:00,83.81,0.04386815895228582,2599.94,2022-01-30 00:02:00+00:00,2022-01-30 06:58:00+00:00,2022-01-30 06:59:00+00:00,target,0.28038145040028656,0.32215564191738677,"simulated minute opens; intrabar exits only known within minute, not actual exchange fills"
152,761.0,1095842.0,1095961.0,1.0,0.538,2604.38,2517.9500000000003,2518.460474170445,2617.337550534065,0.7005782200000001,0.67732855,0.0,-46.49933999999991,-47.877246770000056,9592.586902625682,9544.709655855682,0.1460665881084148,1.0,9536.613385864443,0.0,0.0,2022-01-31 00:00:00+00:00,2022-01-30 00:00:00+00:00,2022-01-31 00:01:00+00:00,83.79,0.04385769047383401,2600.45,2022-01-31 00:02:00+00:00,2022-01-31 02:01:00+00:00,2022-01-31 02:02:00+00:00,stop,-1.0357501876411497,0.15081031242851362,"simulated minute opens; intrabar exits only known within minute, not actual exchange fills"
153,762.0,1097282.0,1097289.0,1.0,0.629,2674.23,2702.1,2601.617969142275,2702.645778703747,0.841045335,0.84981045,0.0,17.530229999999932,15.839374215000134,9544.709655855682,9560.549030070682,0.17623277508164295,2.0,9543.531631488511,0.0,0.0,2022-02-01 00:00:00+00:00,2022-01-31 00:00:00+00:00,2022-02-01 00:01:00+00:00,82.83,0.04335520350814741,2685.34,2022-02-01 00:02:00+00:00,2022-02-01 00:09:00+00:00,2022-02-01 00:10:00+00:00,target,0.34679976172737964,0.39133706037535937,"simulated minute opens; intrabar exits only known within minute, not actual exchange fills"
154,763.0,1098722.0,1099485.0,1.0,0.485,2793.32,2804.2200000000003,2698.217433258231,2804.78335170939,0.6773800999999999,0.68002335,-0.00022661382499999998,5.286500000000044,3.9293231638257566,9560.549030070682,9564.478353234508,0.14170317998881535,2.0,9534.017724248357,0.0,0.0,2022-02-02 00:00:00+00:00,2022-02-01 00:00:00+00:00,2022-02-02 00:01:00+00:00,84.44,0.04419791602351764,2786.38,2022-02-02 00:02:00+00:00,2022-02-02 12:45:00+00:00,2022-02-02 12:46:00+00:00,target,0.0851890492819188,0.12053672263668869,"simulated minute opens; intrabar exits only known within minute, not actual exchange fills"
155,764.0,1100162.0,1100174.0,1.0,0.451,2692.4700000000003,2695.73,2589.692639246683,2696.2710667673446,0.6071519850000001,0.607887115,0.0,1.4702599999998933,0.255220900000495,9564.478353234508,9564.733574134509,0.12695976980170046,2.0,9551.14306675681,0.0,0.0,2022-02-03 00:00:00+00:00,2022-02-02 00:00:00+00:00,2022-02-03 00:01:00+00:00,87.39,0.04574201659515878,2678.0,2022-02-03 00:02:00+00:00,2022-02-03 00:14:00+00:00,2022-02-03 00:15:00+00:00,target,0.005506076395164027,0.03698350239278378,"simulated minute opens; intrabar exits only known within minute, not actual exchange fills"
156,765.0,1101602.0,1101913.0,1.0,0.5650000000000001,2685.87,2712.25,2604.518442310672,2712.7950274277823,0.758758275,0.766210625,0.0,14.904700000000064,13.379731099999844,9564.733574134509,9578.113305234509,0.15865748253602732,2.0,9555.40937946786,0.0,0.0,2022-02-04 00:00:00+00:00,2022-02-03 00:00:00+00:00,2022-02-04 00:01:00+00:00,88.01,0.04606653942716472,2694.37,2022-02-04 00:02:00+00:00,2022-02-04 05:13:00+00:00,2022-02-04 05:14:00+00:00,target,0.2910938729708715,0.3309712584804582,"simulated minute opens; intrabar exits only known within minute, not actual exchange fills"
157,766.0,1103042.0,1103082.0,1.0,0.551,2983.98,3012.51,2900.642051771234,3013.1181470321203,0.82208649,0.8299465050000001,0.0,15.720030000000111,14.067997005000507,9578.113305234509,9592.181302239509,0.1716593787945114,2.0,9569.88586020435,0.0,0.0,2022-02-05 00:00:00+00:00,2022-02-04 00:00:00+00:00,2022-02-05 00:01:00+00:00,82.3,0.04307778882917459,2993.65,2022-02-05 00:02:00+00:00,2022-02-05 00:42:00+00:00,2022-02-05 00:43:00+00:00,target,0.3063640939409168,0.34963840184947814,"simulated minute opens; intrabar exits only known within minute, not actual exchange fills"
158,767.0,1104482.0,1104541.0,1.0,0.468,3019.82,3030.07,2921.005085386105,3030.6850501470744,0.7066378800000002,0.7090363800000001,0.0,4.797000000000001,3.3813257400015573,9592.181302239509,9595.56262797951,0.14733622264521204,2.0,9587.21026039647,0.0,0.0,2022-02-06 00:00:00+00:00,2022-02-05 00:00:00+00:00,2022-02-06 00:01:00+00:00,80.06,0.04190531924257251,3011.59,2022-02-06 00:02:00+00:00,2022-02-06 01:01:00+00:00,2022-02-06 01:02:00+00:00,target,0.07311704946802981,0.1099535448624112,"simulated minute opens; intrabar exits only known within minute, not actual exchange fills"
159,768.0,1105922.0,1106181.0,1.0,0.493,3054.27,3073.04,2960.6940303432375,3073.6643129770105,0.7528775550000001,0.75750436,0.0,9.253609999999991,7.743228085000737,9595.56262797951,9603.305856064511,0.15692202410407896,2.0,9564.084826288821,0.0,0.0,2022-02-07 00:00:00+00:00,2022-02-06 00:00:00+00:00,2022-02-07 00:01:00+00:00,81.46,0.04263811273419881,3054.26,2022-02-07 00:02:00+00:00,2022-02-07 04:21:00+00:00,2022-02-07 04:22:00+00:00,target,0.16784592302502996,0.2072574085862963,"simulated minute opens; intrabar exits only known within minute, not actual exchange fills"
160,769.0,1107362.0,1107657.0,1.0,0.435,3149.54,3157.8,3043.073213439046,3158.434315996729,0.68502495,0.6868215,0.0,3.5931000000000948,2.221253550000256,9603.305856064511,9605.527109614512,0.14266440333510882,2.0,9586.07884738651,0.0,0.0,2022-02-08 00:00:00+00:00,2022-02-07 00:00:00+00:00,2022-02-08 00:01:00+00:00,80.86,0.04232405838064468,3138.55,2022-02-08 00:02:00+00:00,2022-02-08 04:57:00+00:00,2022-02-08 04:58:00+00:00,target,0.04796171806197165,0.08354075748906677,"simulated minute opens; intrabar exits only known within minute, not actual exchange fills"
161,770.0,1108802.0,1109426.0,1.0,0.484,3115.25,3134.38,3019.714693274668,3135.01550272357,0.7538905,0.75851996,-0.0024340433536398673,9.258920000000053,7.748943583354048,9605.527109614512,9613.276053197866,0.15697014674924073,2.0,9575.057039368952,0.0,0.0,2022-02-09 00:00:00+00:00,2022-02-08 00:00:00+00:00,2022-02-09 00:01:00+00:00,81.16,0.04248108555742175,3115.23,2022-02-09 00:02:00+00:00,2022-02-09 10:26:00+00:00,2022-02-09 10:27:00+00:00,target,0.16758426349354155,0.20689212607436086,"simulated minute opens; intrabar exits only known within minute, not actual exchange fills"
162,771.0,1110242.0,1110868.0,1.0,0.47200000000000003,3239.07,3262.04,3141.2613354451164,3262.6974337862493,0.7644205200000002,0.7698414400000001,-0.04904091014551517,10.841839999999907,9.356618950147094,9613.276053197866,9622.632672148013,0.15903434287538531,2.0,9573.213037856985,0.0,0.0,2022-02-10 00:00:00+00:00,2022-02-09 00:00:00+00:00,2022-02-10 00:01:00+00:00,81.95,0.04289459045626801,3241.82,2022-02-10 00:02:00+00:00,2022-02-10 10:28:00+00:00,2022-02-10 10:29:00+00:00,target,0.20267473565431346,0.241567900898913,"simulated minute opens; intrabar exits only known within minute, not actual exchange fills"
163,772.0,1111682.0,1111744.0,1.0,0.5,3067.11,3090.2000000000003,2974.62777977478,3090.825220423499,0.7667775,0.7725500000000001,0.0,11.545000000000073,10.005672499999491,9622.632672148013,9632.638344648012,0.15936958753904842,2.0,9588.827024518012,0.0,0.0,2022-02-11 00:00:00+00:00,2022-02-10 00:00:00+00:00,2022-02-11 00:01:00+00:00,82.44,0.04315106817833722,3070.9,2022-02-11 00:02:00+00:00,2022-02-11 01:04:00+00:00,2022-02-11 01:05:00+00:00,target,0.2163804561705559,0.256430050724839,"simulated minute opens; intrabar exits only known within minute, not actual exchange fills"
164,773.0,1113122.0,1113193.0,1.0,0.484,2926.42,2944.81,2830.47976696177,2945.406234505939,0.70819364,0.7126440199999999,0.0,8.900759999999938,7.479922339998666,9632.638344648012,9640.11826698801,0.14704042956070892,2.0,9624.38821080045,0.0,0.0,2022-02-12 00:00:00+00:00,2022-02-11 00:00:00+00:00,2022-02-12 00:01:00+00:00,85.14,0.0445643127693308,2926.04,2022-02-12 00:02:00+00:00,2022-02-12 01:13:00+00:00,2022-02-12 01:14:00+00:00,target,0.16108346322068062,0.19789648101410762,"simulated minute opens; intrabar exits only known within minute, not actual exchange fills"
165,774.0,1114562.0,1114599.0,1.0,0.531,2911.83,2935.01,2824.57370011751,2935.600229781567,0.773090865,0.7792451550000001,0.0,12.308580000000156,10.756243980000363,9640.11826698801,9650.874510968011,0.16039032791690988,2.0,9631.478879948221,0.0,0.0,2022-02-13 00:00:00+00:00,2022-02-12 00:00:00+00:00,2022-02-13 00:01:00+00:00,82.55,0.043208644809822144,2916.93,2022-02-13 00:02:00+00:00,2022-02-13 00:39:00+00:00,2022-02-13 00:40:00+00:00,target,0.23215034361164344,0.2724184937199843,"simulated minute opens; intrabar exits only known within minute, not actual exchange fills"
166,775.0,1116002.0,1116020.0,1.0,0.466,2875.59,2888.84,2775.6481208193,2889.427100655714,0.6700124700000001,0.6730997200000001,0.0,6.1745,4.8313878099997964,9650.874510968011,9655.705898778011,0.138850105083958,2.0,9643.60127849801,0.0,0.0,2022-02-14 00:00:00+00:00,2022-02-13 00:00:00+00:00,2022-02-14 00:01:00+00:00,85.9,0.044962114950499364,2870.32,2022-02-14 00:02:00+00:00,2022-02-14 00:20:00+00:00,2022-02-14 00:21:00+00:00,target,0.10373814345890034,0.1384514756891436,"simulated minute opens; intrabar exits only known within minute, not actual exchange fills"
167,776.0,1117442.0,1117531.0,1.0,0.496,2930.2000000000003,2946.9,2836.421128941151,2947.4946318103775,0.7266896,0.7308312,0.0,8.28319999999991,6.825679199999286,9655.705898778011,9662.53157797801,0.15052024318428486,2.0,9646.015269603291,0.0,0.0,2022-02-15 00:00:00+00:00,2022-02-14 00:00:00+00:00,2022-02-15 00:01:00+00:00,82.13,0.04298880676233425,2928.87,2022-02-15 00:02:00+00:00,2022-02-15 01:31:00+00:00,2022-02-15 01:32:00+00:00,target,0.14674360913731624,0.18441927925880366,"simulated minute opens; intrabar exits only known within minute, not actual exchange fills"
168,777.0,1118882.0,1119707.0,1.0,0.529,3175.44,3087.32,3087.941490345242,3203.2832346191053,0.83990388,0.8165961400000001,0.16656268053272802,-46.61547999999994,-48.43854270053271,9662.53157797801,9614.093035277478,0.1738475829490141,1.0,9612.536974270966,0.0,0.0,2022-02-16 00:00:00+00:00,2022-02-15 00:00:00+00:00,2022-02-16 00:01:00+00:00,78.42,0.041046904009524564,3183.73,2022-02-16 00:02:00+00:00,2022-02-16 13:47:00+00:00,2022-02-16 13:48:00+00:00,stop,-1.0464891762331037,0.318213815629158,"simulated minute opens; intrabar exits only known within minute, not actual exchange fills"
169,778.0,1120322.0,1120354.0,1.0,0.456,3132.64,3139.46,3031.114168085121,3140.0971748095585,0.7142419200000001,0.71579688,0.0,3.109920000000075,1.679881199999727,9614.093035277478,9615.772916477477,0.14858227757505488,2.0,9608.294591293397,0.0,0.0,2022-02-17 00:00:00+00:00,2022-02-16 00:00:00+00:00,2022-02-17 00:01:00+00:00,75.26,0.03939288441413949,3121.8,2022-02-17 00:02:00+00:00,2022-02-17 00:34:00+00:00,2022-02-17 00:35:00+00:00,target,0.036285839086628656,0.0734510091560823,"simulated minute opens; intrabar exits only known within minute, not actual exchange fills"
170,779.0,1121762.0,1121860.0,1.0,0.535,2883.75,2908.7000000000003,2797.306477893544,2909.28758877058,0.7714031250000001,0.7780772500000002,0.0,13.348250000000148,11.798769625000205,9615.772916477477,9627.571686102478,0.16044537068427075,2.0,9603.400422782077,0.0,0.0,2022-02-18 00:00:00+00:00,2022-02-17 00:00:00+00:00,2022-02-18 00:01:00+00:00,82.73,0.04330286111588839,2890.8,2022-02-18 00:02:00+00:00,2022-02-18 01:40:00+00:00,2022-02-18 01:41:00+00:00,target,0.2551235125847946,0.29542513016915517,"simulated minute opens; intrabar exits only known within minute, not actual exchange fills"
171,780.0,1123202.0,1123233.0,1.0,0.518,2782.4500000000003,2794.65,2692.927786274276,2795.213195950846,0.7206545500000001,0.72381435,0.0,6.319599999999906,4.875131099999635,9627.571686102478,9632.446817202477,0.14970640022141288,2.0,9618.527518798557,0.0,0.0,2022-02-19 00:00:00+00:00,2022-02-18 00:00:00+00:00,2022-02-19 00:01:00+00:00,78.27,0.04096839042113603,2778.46,2022-02-19 00:02:00+00:00,2022-02-19 00:33:00+00:00,2022-02-19 00:34:00+00:00,target,0.10512977291685219,0.14257015571519852,"simulated minute opens; intrabar exits only known within minute, not actual exchange fills"
172,781.0,1124642.0,1124912.0,1.0,0.557,2761.66,2678.04,2678.5814595210913,2778.285582140808,0.7691223100000001,0.74583414,0.0,-46.576339999999945,-48.09129644999848,9632.446817202477,9584.355520752479,0.15969406830805094,1.0,9584.355520752479,0.0,0.0,2022-02-20 00:00:00+00:00,2022-02-19 00:00:00+00:00,2022-02-20 00:01:00+00:00,76.89,0.04024606540796154,2761.89,2022-02-20 00:02:00+00:00,2022-02-20 04:32:00+00:00,2022-02-20 04:33:00+00:00,stop,-1.039255739235293,0.20011885193179216,"simulated minute opens; intrabar exits only known within minute, not actual exchange fills"
173,782.0,1126082.0,1126148.0,-1.0,0.584,2616.61,2695.9500000000003,2695.4071855862235,2596.419088680235,0.76405012,0.7872174000000001,0.0,-46.33456000000008,-47.88582752000002,9584.355520752479,9536.469693232479,0.15943693205988535,1.0,9536.469693232479,0.0,0.0,2022-02-21 00:00:00+00:00,2022-02-20 00:00:00+00:00,2022-02-21 00:01:00+00:00,92.7,0.04852139762411282,2620.72,2022-02-21 00:02:00+00:00,2022-02-21 01:08:00+00:00,2022-02-21 01:09:00+00:00,stop,-1.040599094878536,0.2562389908922763,"simulated minute opens; intrabar exits only known within minute, not actual exchange fills"
174,783.0,1127522.0,1127706.0,-1.0,0.686,2575.96,2543.06,2642.2776632960654,2542.5500235241702,0.8835542800000001,0.87226958,0.0,22.569400000000066,20.813576139998986,9536.469693232479,9557.283269372478,0.18530007611244467,2.0,9505.312958952478,0.0,0.0,2022-02-22 00:00:00+00:00,2022-02-21 00:00:00+00:00,2022-02-22 00:01:00+00:00,95.26,0.04986136286594376,2566.88,2022-02-22 00:02:00+00:00,2022-02-22 03:06:00+00:00,2022-02-22 03:07:00+00:00,target,0.4575023981853509,0.5037869975405487,"simulated minute opens; intrabar exits only known within minute, not actual exchange fills"
175,784.0,1128962.0,1129060.0,-1.0,0.611,2633.71,2612.52,2708.6516392697713,2611.9909932090827,0.804598405,0.79812486,0.0,12.947090000000033,11.344366735000222,9557.283269372478,9568.627636107478,0.16837387410676363,2.0,9544.547165823216,0.0,0.0,2022-02-23 00:00:00+00:00,2022-02-22 00:00:00+00:00,2022-02-23 00:01:00+00:00,89.93,0.047071513358537924,2635.57,2022-02-23 00:02:00+00:00,2022-02-23 01:40:00+00:00,2022-02-23 01:41:00+00:00,target,0.2477512525868856,0.28981227262369186,"simulated minute opens; intrabar exits only known within minute, not actual exchange fills"
176,785.0,1130402.0,1130482.0,-1.0,0.581,2570.13,2555.34,2649.3250204553265,2554.8244035200123,0.746622765,0.7423262700000001,0.0,8.592989999999979,7.104040964999513,9568.627636107478,9575.731677072477,0.15605639458318946,2.0,9555.476663342477,0.0,0.0,2022-02-24 00:00:00+00:00,2022-02-23 00:00:00+00:00,2022-02-24 00:01:00+00:00,90.24,0.04723377477454089,2578.02,2022-02-24 00:02:00+00:00,2022-02-24 01:22:00+00:00,2022-02-24 01:23:00+00:00,target,0.15439436633388484,0.19326463194263122,"simulated minute opens; intrabar exits only known within minute, not actual exchange fills"
177,786.0,1131842.0,1132563.0,-1.0,0.577,2591.25,2671.57,2671.0316240300717,2571.0019885747247,0.747575625,0.770747945,-0.150751059,-46.34464000000009,-47.71221251099996,9575.731677072477,9528.019464561477,0.15613963511319923,1.0,9528.019464561477,0.0,0.0,2022-02-25 00:00:00+00:00,2022-02-24 00:00:00+00:00,2022-02-25 00:01:00+00:00,93.77,0.04908146122128434,2595.47,2022-02-25 00:02:00+00:00,2022-02-25 12:03:00+00:00,2022-02-25 12:04:00+00:00,stop,-1.036456001056483,0.2537929212576986,"simulated minute opens; intrabar exits only known within minute, not actual exchange fills"
178,787.0,1133282.0,1133318.0,-1.0,0.642,2767.82,2839.19,2838.6174208319403,2743.1624010946534,0.8884702200000001,0.91137999,0.0,-45.81953999999993,-47.61939020999853,9528.019464561477,9480.400074351479,0.1864963066678394,1.0,9477.100974734578,0.0,0.0,2022-02-26 00:00:00+00:00,2022-02-25 00:00:00+00:00,2022-02-26 00:01:00+00:00,83.64,0.04377917688544548,2766.36,2022-02-26 00:02:00+00:00,2022-02-26 00:38:00+00:00,2022-02-26 00:39:00+00:00,stop,-1.0476865418031507,0.34828385858687233,"simulated minute opens; intrabar exits only known within minute, not actual exchange fills"
179,788.0,1134722.0,1134749.0,-1.0,0.623,2777.14,2755.84,2849.8156561948526,2755.279002863831,0.86507911,0.85844416,0.0,13.26989999999983,11.546376729998883,9480.400074351479,9491.946451081478,0.1824984395627791,2.0,9472.071455241477,0.0,0.0,2022-02-27 00:00:00+00:00,2022-02-26 00:00:00+00:00,2022-02-27 00:01:00+00:00,82.21,0.04303068067614147,2778.15,2022-02-27 00:02:00+00:00,2022-02-27 00:29:00+00:00,2022-02-27 00:30:00+00:00,target,0.25501675485815345,0.3008021981605054,"simulated minute opens; intrabar exits only known within minute, not actual exchange fills"
180,789.0,1136162.0,1136194.0,-1.0,0.581,2613.52,2592.01,2691.904374019116,2591.487395921643,0.7592275599999999,0.7529789050000001,0.0,12.497309999999862,10.985103535000235,9491.946451081478,9502.931554616478,0.15997299687958022,2.0,9484.791172993058,0.0,0.0,2022-02-28 00:00:00+00:00,2022-02-27 00:00:00+00:00,2022-02-28 00:01:00+00:00,92.48,0.04840624436114297,2615.99,2022-02-28 00:02:00+00:00,2022-02-28 00:34:00+00:00,2022-02-28 00:35:00+00:00,target,0.2412117878926916,0.2810841363992249,"simulated minute opens; intrabar exits only known within minute, not actual exchange fills"
181,790.0,1137602.0,1137806.0,-1.0,0.618,2926.94,2895.37,3000.163378364378,2894.787274392726,0.90442446,0.8946693299999999,0.0,19.510260000000102,17.711166209999647,9502.931554616478,9520.642720826478,0.19034641148407197,2.0,9474.175840012937,0.0,0.0,2022-03-01 00:00:00+00:00,2022-02-28 00:00:00+00:00,2022-03-01 00:01:00+00:00,85.85,0.04493594375436984,2920.1,2022-03-01 00:02:00+00:00,2022-03-01 03:26:00+00:00,2022-03-01 03:27:00+00:00,target,0.39138927539488627,0.4391046456129637,"simulated minute opens; intrabar exits only known within minute, not actual exchange fills"
182,791.0,1139042.0,1139064.0,-1.0,0.495,2964.4900000000002,2950.29,3056.9225288031835,2949.6925177078924,0.733711275,0.730196775,0.0,7.029000000000135,5.565091950000351,9520.642720826478,9526.207812776478,0.15413061838671901,2.0,9511.652409551478,0.0,0.0,2022-03-02 00:00:00+00:00,2022-03-01 00:00:00+00:00,2022-03-02 00:01:00+00:00,86.01,0.04501969158198429,2975.61,2022-03-02 00:02:00+00:00,2022-03-02 00:24:00+00:00,2022-03-02 00:25:00+00:00,target,0.12163044921057631,0.1600895537935149,"simulated minute opens; intrabar exits only known within minute, not actual exchange fills"
183,792.0,1140482.0,1140608.0,-1.0,0.606,2949.13,2923.71,3024.1244847862586,2923.123669427569,0.8935863900000001,0.88588413,0.0,15.404520000000044,13.62504947999878,9526.207812776478,9539.832862256477,0.18760589891846127,2.0,9512.686726886957,0.0,0.0,2022-03-03 00:00:00+00:00,2022-03-02 00:00:00+00:00,2022-03-03 00:01:00+00:00,81.6,0.04271139208336144,2947.47,2022-03-03 00:02:00+00:00,2022-03-03 02:08:00+00:00,2022-03-03 02:09:00+00:00,target,0.2998031130432907,0.34677657492483194,"simulated minute opens; intrabar exits only known within minute, not actual exchange fills"
184,793.0,1141922.0,1141943.0,-1.0,0.578,2829.91,2809.34,2908.8601799135163,2808.7730018029706,0.8178439899999999,0.81189926,0.0,11.889459999999831,10.259716749998915,9539.832862256477,9550.092579006476,0.1714587670053904,2.0,9535.685738266477,0.0,0.0,2022-03-04 00:00:00+00:00,2022-03-03 00:00:00+00:00,2022-03-04 00:01:00+00:00,84.11,0.04402518612906287,2832.97,2022-03-04 00:02:00+00:00,2022-03-04 00:23:00+00:00,2022-03-04 00:24:00+00:00,target,0.22483007663113921,0.2677257761816772,"simulated minute opens; intrabar exits only known within minute, not actual exchange fills"
185,794.0,1143362.0,1143404.0,-1.0,0.59,2616.27,2597.07,2693.9883072349076,2596.5445928423155,0.77179965,0.7661356500000001,0.0,11.327999999999893,9.790064700000585,9550.092579006476,9559.882643706476,0.16163186767353674,2.0,9546.642179356477,0.0,0.0,2022-03-05 00:00:00+00:00,2022-03-04 00:00:00+00:00,2022-03-05 00:01:00+00:00,88.4,0.0462706747569749,2620.25,2022-03-05 00:02:00+00:00,2022-03-05 00:44:00+00:00,2022-03-05 00:45:00+00:00,target,0.2135060655637648,0.2538064435457067,"simulated minute opens; intrabar exits only known within minute, not actual exchange fills"
186,795.0,1144802.0,1146197.0,1.0,0.519,2661.07,2571.7400000000002,2572.257686559453,2681.368353746208,0.6905476650000001,0.6673665300000001,0.18001246194410808,-46.36226999999997,-47.90019665694672,9559.882643706476,9511.98244704953,0.1444678121555406,1.0,9511.27409487674,0.0,0.0,2022-03-06 00:00:00+00:00,2022-03-05 00:00:00+00:00,2022-03-06 00:01:00+00:00,85.13,0.04455907853010489,2663.55,2022-03-06 00:02:00+00:00,2022-03-06 23:17:00+00:00,2022-03-06 23:18:00+00:00,stop,-1.0391942991383676,0.2285533723856423,"simulated minute opens; intrabar exits only known within minute, not actual exchange fills"
187,796.0,1146242.0,1146247.0,-1.0,0.66,2551.21,2526.96,2620.096579401027,2526.4503100888255,0.8418993,0.8338968000000001,0.0,16.005,14.32920390000072,9511.98244704953,9526.31165094953,0.17701868242222088,2.0,9510.63234774953,0.0,0.0,2022-03-07 00:00:00+00:00,2022-03-06 00:00:00+00:00,2022-03-07 00:01:00+00:00,87.73,0.04591998072883945,2549.37,2022-03-07 00:02:00+00:00,2022-03-07 00:07:00+00:00,2022-03-07 00:08:00+00:00,target,0.31516900953391475,0.35942690327290866,"simulated minute opens; intrabar exits only known within minute, not actual exchange fills"
188,797.0,1147682.0,1147843.0,-1.0,0.625,2489.67,2563.28,2562.765942305366,2466.176419419422,0.7780218750000001,0.8010250000000001,0.0,-46.00625000000008,-47.585296874998676,9526.31165094953,9478.726354074532,0.16334168007666452,1.0,9478.726354074532,0.0,0.0,2022-03-08 00:00:00+00:00,2022-03-07 00:00:00+00:00,2022-03-08 00:01:00+00:00,92.58,0.048458586753401985,2489.9,2022-03-08 00:02:00+00:00,2022-03-08 02:43:00+00:00,2022-03-08 02:44:00+00:00,stop,-1.0415964634798713,0.3214074521733527,"simulated minute opens; intrabar exits only known within minute, not actual exchange fills"
189,798.0,1149122.0,1149325.0,-1.0,0.634,2577.9500000000003,2650.05,2649.517235924314,2551.4589980258224,0.8172101500000001,0.8400658500000001,0.0,-45.71139999999994,-47.36867600000005,9478.726354074532,9431.357678074532,0.1724303708058232,1.0,9423.367816647471,0.0,0.0,2022-03-09 00:00:00+00:00,2022-03-08 00:00:00+00:00,2022-03-09 00:01:00+00:00,90.62,0.047432675865125166,2575.49,2022-03-09 00:02:00+00:00,2022-03-09 03:25:00+00:00,2022-03-09 03:26:00+00:00,stop,-1.0439693392520346,0.37015544378706466,"simulated minute opens; intrabar exits only known within minute, not actual exchange fills"
190,799.0,1150562.0,1150824.0,1.0,0.46900000000000003,2724.7000000000003,2626.83,2627.3651847907186,2745.7600727119857,0.6389421500000001,0.615991635,0.0,-45.90103000000016,-47.155963785000495,9431.357678074532,9384.201714289531,0.13549314357685222,1.0,9383.249644228561,0.0,0.0,2022-03-10 00:00:00+00:00,2022-03-09 00:00:00+00:00,2022-03-10 00:01:00+00:00,89.59,0.04689354922485725,2726.37,2022-03-10 00:02:00+00:00,2022-03-10 04:24:00+00:00,2022-03-10 04:25:00+00:00,stop,-1.0329887079336968,0.21636731591572542,"simulated minute opens; intrabar exits only known within minute, not actual exchange fills"
191,800.0,1152002.0,1152063.0,-1.0,0.589,2603.19,2582.06,2679.5410497789203,2581.537962585971,0.766639455,0.76041667,0.0,12.445570000000064,10.918513874999917,9384.201714289531,9395.120228164531,0.16338938107705447,2.0,9380.08955483453,0.0,0.0,2022-03-11 00:00:00+00:00,2022-03-10 00:00:00+00:00,2022-03-11 00:01:00+00:00,88.79,0.04647481008678508,2605.44,2022-03-11 00:02:00+00:00,2022-03-11 01:03:00+00:00,2022-03-11 01:04:00+00:00,target,0.24279135720695544,0.28358532694342886,"simulated minute opens; intrabar exits only known within minute, not actual exchange fills"
192,801.0,1153442.0,1154879.0,-1.0,0.632,2559.39,2564.1,2630.5243580987894,2531.689738973283,0.80876724,0.8102556,-0.18432808651000085,-2.976720000000023,-4.411414753489225,9395.120228164531,9390.708813411042,0.17216751257221624,3.0,9361.044029011042,0.0,0.0,2022-03-12 00:00:00+00:00,2022-03-11 00:00:00+00:00,2022-03-12 00:01:00+00:00,91.27,0.047772901414808805,2555.89,2022-03-12 00:02:00+00:00,2022-03-12 23:59:00+00:00,2022-03-12 23:59:00+00:00,scheduled_23_59_exit,-0.09812539006219748,0.389407619145834,"simulated minute opens; intrabar exits only known within minute, not actual exchange fills"
193,802.0,1154882.0,1154953.0,1.0,0.488,2566.33,2585.52,2473.2920359968402,2586.038333055993,0.62618452,0.63086688,0.0,9.364720000000027,8.10766859999967,9390.708813411042,9398.816482011041,0.13336256771283006,2.0,9386.343264743442,0.0,0.0,2022-03-13 00:00:00+00:00,2022-03-12 00:00:00+00:00,2022-03-13 00:01:00+00:00,90.33,0.04728088292757401,2567.64,2022-03-13 00:02:00+00:00,2022-03-13 01:13:00+00:00,2022-03-13 01:14:00+00:00,target,0.17857307151986998,0.21183108709605641,"simulated minute opens; intrabar exits only known within minute, not actual exchange fills"
194,803.0,1156322.0,1156573.0,-1.0,0.604,2513.69,2588.92,2588.392504592464,2490.1423742006946,0.75913438,0.78185384,0.0,-45.43892000000001,-46.97990821999883,9398.816482011041,9351.836573791043,0.16153829185897028,1.0,9351.836573791043,0.0,0.0,2022-03-14 00:00:00+00:00,2022-03-13 00:00:00+00:00,2022-03-14 00:01:00+00:00,92.24,0.04828062261972131,2514.07,2022-03-14 00:02:00+00:00,2022-03-14 04:13:00+00:00,2022-03-14 04:14:00+00:00,stop,-1.0412141523812424,0.31521869216793336,"simulated minute opens; intrabar exits only known within minute, not actual exchange fills"
195,804.0,1157762.0,1158765.0,1.0,0.459,2592.2200000000003,2607.2000000000003,2493.5969855036574,2607.7288425037514,0.5949144900000001,0.5983524000000001,-0.061045304713347674,6.875820000000009,5.743598414714143,9351.836573791043,9357.580172205757,0.12722944531928107,2.0,9312.436613658141,0.0,0.0,2022-03-15 00:00:00+00:00,2022-03-14 00:00:00+00:00,2022-03-15 00:01:00+00:00,91.01,0.047636811194935354,2588.96,2022-03-15 00:02:00+00:00,2022-03-15 16:45:00+00:00,2022-03-15 16:46:00+00:00,target,0.12687998202519732,0.15725378688689554,"simulated minute opens; intrabar exits only known within minute, not actual exchange fills"
196,805.0,1159202.0,1159303.0,1.0,0.447,2621.5,2635.78,2519.9778090308573,2636.3122095792755,0.58590525,0.5890968300000001,0.0,6.38316000000009,5.208157920000303,9357.580172205757,9362.788330125757,0.1252258039402704,2.0,9348.682389433658,0.0,0.0,2022-03-16 00:00:00+00:00,2022-03-15 00:00:00+00:00,2022-03-16 00:01:00+00:00,91.59,0.04794039707003768,2617.29,2022-03-16 00:02:00+00:00,2022-03-16 01:43:00+00:00,2022-03-16 01:44:00+00:00,target,0.11476663268173623,0.14590120088895295,"simulated minute opens; intrabar exits only known within minute, not actual exchange fills"
197,806.0,1160642.0,1161364.0,1.0,0.424,2781.48,2791.63,2674.5579938982587,2792.188970398775,0.58967376,0.59182556,0.11682763681853599,4.3036000000000385,3.00527304318166,9362.788330125757,9365.793603168939,0.12596114302886943,2.0,9347.268411650317,0.0,0.0,2022-03-17 00:00:00+00:00,2022-03-16 00:00:00+00:00,2022-03-17 00:01:00+00:00,87.32,0.04570537692057746,2772.78,2022-03-17 00:02:00+00:00,2022-03-17 12:04:00+00:00,2022-03-17 12:05:00+00:00,target,0.06629045206996008,0.10015684132025002,"simulated minute opens; intrabar exits only known within minute, not actual exchange fills"
198,807.0,1162082.0,1162930.0,1.0,0.47900000000000004,2810.38,2828.93,2716.110759116402,2829.501766152884,0.6730860100000001,0.677528735,0.06299993971804285,8.88544999999987,7.471835315282078,9365.793603168939,9373.26543848422,0.1437328300235572,2.0,9344.025357158938,0.0,0.0,2022-03-18 00:00:00+00:00,2022-03-17 00:00:00+00:00,2022-03-18 00:01:00+00:00,83.11,0.04350176220647266,2810.74,2022-03-18 00:02:00+00:00,2022-03-18 14:10:00+00:00,2022-03-18 14:11:00+00:00,target,0.1654709528928977,0.20284205084981172,"simulated minute opens; intrabar exits only known within minute, not actual exchange fills"
199,808.0,1163522.0,1163544.0,1.0,0.46900000000000003,2940.4500000000003,2956.13,2844.106836461788,2956.729783717563,0.6895355250000001,0.693212485,0.0,7.353919999999924,5.971171990000585,9373.26543848422,9379.236610474221,0.14712813363183855,2.0,9371.839572959221,0.0,0.0,2022-03-19 00:00:00+00:00,2022-03-18 00:00:00+00:00,2022-03-19 00:01:00+00:00,78.88,0.04128767901391606,2938.02,2022-03-19 00:02:00+00:00,2022-03-19 00:24:00+00:00,2022-03-19 00:25:00+00:00,target,0.13214959455791098,0.16897705161099105,"simulated minute opens; intrabar exits only known within minute, not actual exchange fills"
200,809.0,1164962.0,1165843.0,1.0,0.46,2952.4700000000003,2853.51,2854.0855872110915,2968.9536555389823,0.6790681000000001,0.6563073,0.13455923570382003,-45.52160000000002,-46.99153463570474,9379.236610474221,9332.245075838517,0.14480242437676724,1.0,9332.245075838517,0.0,0.0,2022-03-20 00:00:00+00:00,2022-03-19 00:00:00+00:00,2022-03-20 00:01:00+00:00,80.18,0.04196813011328334,2950.0,2022-03-20 00:02:00+00:00,2022-03-20 14:43:00+00:00,2022-03-20 14:44:00+00:00,stop,-1.0383302312003568,0.16754336456069474,"simulated minute opens; intrabar exits only known within minute, not actual exchange fills"
201,810.0,1166402.0,1166554.0,-1.0,0.553,2854.2200000000003,2836.88,2935.0343387770954,2836.309809462263,0.7891918300000001,0.7843973200000002,0.0,9.589020000000081,8.015430850000484,9332.245075838517,9340.260506688517,0.16913225565480342,2.0,9319.284354008518,0.0,0.0,2022-03-21 00:00:00+00:00,2022-03-20 00:00:00+00:00,2022-03-21 00:01:00+00:00,81.87,0.042852716542460804,2860.47,2022-03-21 00:02:00+00:00,2022-03-21 02:34:00+00:00,2022-03-21 02:35:00+00:00,target,0.17935492907985007,0.22162144501532,"simulated minute opens; intrabar exits only known within minute, not actual exchange fills"
202,811.0,1167842.0,1168004.0,-1.0,0.593,2890.4500000000003,2966.2000000000003,2965.6052405362943,2864.479803162499,0.8570184250000001,0.8794783,0.0,-44.91975,-46.65624672500053,9340.260506688517,9293.604259963517,0.18351060431051,1.0,9292.411846834557,0.0,0.0,2022-03-22 00:00:00+00:00,2022-03-21 00:00:00+00:00,2022-03-22 00:01:00+00:00,82.66,0.04326622144130707,2889.08,2022-03-22 00:02:00+00:00,2022-03-22 02:44:00+00:00,2022-03-22 02:45:00+00:00,stop,-1.0468774291528673,0.34555403791116307,"simulated minute opens; intrabar exits only known within minute, not actual exchange fills"
203,812.0,1169282.0,1169344.0,-1.0,0.5720000000000001,2967.94,2944.41,3045.5075120975403,2943.816331789434,0.8488308400000001,0.8421012600000001,0.0,13.459160000000116,11.768227900000056,9293.604259963517,9305.372487863517,0.18266989130508388,2.0,9286.394789123517,0.0,0.0,2022-03-23 00:00:00+00:00,2022-03-22 00:00:00+00:00,2022-03-23 00:01:00+00:00,80.85,0.04231882414141878,2968.49,2022-03-23 00:02:00+00:00,2022-03-23 01:04:00+00:00,2022-03-23 01:05:00+00:00,target,0.26523765483323436,0.311002216755782,"simulated minute opens; intrabar exits only known within minute, not actual exchange fills"
204,813.0,1170722.0,1170733.0,1.0,0.452,3038.9700000000003,3053.7400000000002,2939.7413988028698,3054.3565352551805,0.68680722,0.6901452400000001,0.0,6.6760399999999915,5.299087540000983,9305.372487863517,9310.671575403518,0.14761520205575107,2.0,9300.166620509717,0.0,0.0,2022-03-24 00:00:00+00:00,2022-03-23 00:00:00+00:00,2022-03-24 00:01:00+00:00,77.7,0.040670038785259606,3035.55,2022-03-24 00:02:00+00:00,2022-03-24 00:13:00+00:00,2022-03-24 00:14:00+00:00,target,0.11814784103135377,0.1550614950684718,"simulated minute opens; intrabar exits only known within minute, not actual exchange fills"
205,814.0,1172162.0,1172251.0,1.0,0.452,3112.94,3128.16,3013.7509288793053,3128.794961300331,0.70352444,0.70696416,0.0,6.87943999999991,5.468951400000151,9310.671575403518,9316.140526803518,0.1511221686432452,2.0,9301.244809693319,0.0,0.0,2022-03-25 00:00:00+00:00,2022-03-24 00:00:00+00:00,2022-03-25 00:01:00+00:00,76.06,0.03981162355221166,3109.89,2022-03-25 00:02:00+00:00,2022-03-25 01:31:00+00:00,2022-03-25 01:32:00+00:00,target,0.12198370105994381,0.15984584915649142,"simulated minute opens; intrabar exits only known within minute, not actual exchange fills"
206,815.0,1173602.0,1175039.0,-1.0,0.632,3102.59,3145.84,3172.395402254516,3078.8336603842836,0.98041844,0.9940854400000001,-0.2954350172747378,-27.334,-29.01306886272505,9316.140526803518,9287.127457940793,0.2104773832423916,3.0,9284.341249411193,0.0,0.0,2022-03-26 00:00:00+00:00,2022-03-25 00:00:00+00:00,2022-03-26 00:01:00+00:00,70.71,0.037011305566354014,3101.37,2022-03-26 00:02:00+00:00,2022-03-26 23:59:00+00:00,2022-03-26 23:59:00+00:00,scheduled_23_59_exit,-0.6576389942177943,0.34032236543955713,"simulated minute opens; intrabar exits only known within minute, not actual exchange fills"
207,816.0,1175042.0,1175174.0,1.0,0.493,3145.5,3160.88,3055.2197723931545,3161.5209827242206,0.77536575,0.77915692,0.0,7.582340000000054,6.027817330001199,9287.127457940793,9293.155275270794,0.16697644207241655,2.0,9281.487647830492,0.0,0.0,2022-03-27 00:00:00+00:00,2022-03-26 00:00:00+00:00,2022-03-27 00:01:00+00:00,71.33,0.037335828398359944,3143.47,2022-03-27 00:02:00+00:00,2022-03-27 02:14:00+00:00,2022-03-27 02:15:00+00:00,target,0.13543175869303337,0.17745837764154943,"simulated minute opens; intrabar exits only known within minute, not actual exchange fills"
208,817.0,1176482.0,1176513.0,1.0,0.507,3290.4300000000003,3313.4500000000003,3202.68415964828,3314.1198900048444,0.8341240050000002,0.8399595750000001,0.0,11.67113999999999,9.997056420001172,9293.155275270794,9303.152331690795,0.17951362702818813,2.0,9284.380577279384,0.0,0.0,2022-03-28 00:00:00+00:00,2022-03-27 00:00:00+00:00,2022-03-28 00:01:00+00:00,71.65,0.03750332405358882,3295.01,2022-03-28 00:02:00+00:00,2022-03-28 00:33:00+00:00,2022-03-28 00:34:00+00:00,target,0.22471788885905555,0.26998305457997274,"simulated minute opens; intrabar exits only known within minute, not actual exchange fills"
209,818.0,1177922.0,1177936.0,1.0,0.437,3341.55,3352.65,3239.2304578538246,3353.3235941002085,0.730128675,0.732554025,0.0,4.85069999999996,3.388017299999774,9303.152331690795,9306.540348990795,0.15696371487175323,2.0,9299.269224282325,0.0,0.0,2022-03-29 00:00:00+00:00,2022-03-28 00:00:00+00:00,2022-03-29 00:01:00+00:00,72.6,0.03800057678004952,3333.62,2022-03-29 00:02:00+00:00,2022-03-29 00:16:00+00:00,2022-03-29 00:17:00+00:00,target,0.07577144929874247,0.11506691540300668,"simulated minute opens; intrabar exits only known within minute, not actual exchange fills"
210,819.0,1179362.0,1180053.0,1.0,0.512,3392.31,3418.1,3305.605874439312,3418.789419370376,0.8684313600000001,0.8750336,0.174471549333504,13.204479999999982,11.28654349066528,9306.540348990795,9317.82689248146,0.1866281834998272,2.0,9276.267757630794,0.0,0.0,2022-03-30 00:00:00+00:00,2022-03-29 00:00:00+00:00,2022-03-30 00:01:00+00:00,71.14,0.037236377853067805,3399.0,2022-03-30 00:02:00+00:00,2022-03-30 11:33:00+00:00,2022-03-30 11:34:00+00:00,target,0.2542443062847812,0.3053997626888239,"simulated minute opens; intrabar exits only known within minute, not actual exchange fills"
211,820.0,1180802.0,1181640.0,-1.0,0.518,3378.31,3362.32,3463.987711293061,3361.6414853461265,0.87498229,0.8708408800000002,-0.17623407268882801,8.282819999999887,6.713230902687428,9317.82689248146,9324.540123384148,0.1878082304160473,2.0,9282.909064264148,0.0,0.0,2022-03-31 00:00:00+00:00,2022-03-30 00:00:00+00:00,2022-03-31 00:01:00+00:00,70.8,0.03705841371938713,3385.1,2022-03-31 00:02:00+00:00,2022-03-31 14:00:00+00:00,2022-03-31 14:01:00+00:00,target,0.15126343855304336,0.19454901866902988,"simulated minute opens; intrabar exits only known within minute, not actual exchange fills"
212,821.0,1182242.0,1182354.0,-1.0,0.499,3272.84,3257.86,3362.0971574541322,3257.207479811478,0.81657358,0.8128360700000001,0.0,7.475020000000009,5.845610350001152,9324.540123384148,9330.385733734149,0.17514506221109843,2.0,9306.537989804148,0.0,0.0,2022-04-01 00:00:00+00:00,2022-03-31 00:00:00+00:00,2022-04-01 00:01:00+00:00,75.03,0.03927249691194373,3281.43,2022-04-01 00:02:00+00:00,2022-04-01 01:54:00+00:00,2022-04-01 01:55:00+00:00,target,0.13124605728142635,0.17514024235597367,"simulated minute opens; intrabar exits only known within minute, not actual exchange fills"
213,822.0,1183682.0,1183718.0,1.0,0.524,3444.77,3473.65,3359.982044940045,3474.3475221424897,0.9025297400000001,0.9100963000000001,0.0,15.133120000000059,13.320493960000022,9330.385733734149,9343.706227694149,0.1934603275268439,2.0,9326.77088315371,0.0,0.0,2022-04-02 00:00:00+00:00,2022-04-01 00:00:00+00:00,2022-04-02 00:01:00+00:00,70.62,0.036964197413320896,3454.33,2022-04-02 00:02:00+00:00,2022-04-02 00:38:00+00:00,2022-04-02 00:39:00+00:00,target,0.29981605266956324,0.34884108387299695,"simulated minute opens; intrabar exits only known within minute, not actual exchange fills"
214,823.0,1185122.0,1185201.0,-1.0,0.594,3446.9,3420.61,3521.3079833661445,3419.9190059193224,1.0237293,1.01592117,0.0,15.616259999999977,13.576609530000496,9343.706227694149,9357.28283722415,0.21912703054934063,2.0,9331.43213839415,0.0,0.0,2022-04-03 00:00:00+00:00,2022-04-02 00:00:00+00:00,2022-04-03 00:01:00+00:00,68.77,0.035995863156528994,3443.07,2022-04-03 00:02:00+00:00,2022-04-03 01:21:00+00:00,2022-04-03 01:22:00+00:00,target,0.3071746332316326,0.36260886077116794,"simulated minute opens; intrabar exits only known within minute, not actual exchange fills"
215,824.0,1186562.0,1187466.0,1.0,0.551,3507.07,3425.67,3426.360808328838,3540.778012132875,0.9661977850000002,0.9437720850000001,0.05586372126400001,-44.851400000000055,-46.817233591262266,9357.28283722415,9310.465603632887,0.2065124677339825,1.0,9310.465603632887,0.0,0.0,2022-04-04 00:00:00+00:00,2022-04-03 00:00:00+00:00,2022-04-04 00:01:00+00:00,69.33,0.03628898055317952,3520.76,2022-04-04 00:02:00+00:00,2022-04-04 15:06:00+00:00,2022-04-04 15:07:00+00:00,stop,-1.0527643048413342,0.41764774785768405,"simulated minute opens; intrabar exits only known within minute, not actual exchange fills"
216,825.0,1188002.0,1188793.0,-1.0,0.51,3511.98,3496.02,3598.87090027814,3495.314245118234,0.8955549,0.8914851,-0.17980356,8.13960000000002,6.532363559999794,9310.465603632887,9316.997967192887,0.19237596445242436,2.0,9288.537191084388,0.0,0.0,2022-04-05 00:00:00+00:00,2022-04-04 00:00:00+00:00,2022-04-05 00:01:00+00:00,68.69,0.03595398924272178,3518.96,2022-04-05 00:02:00+00:00,2022-04-05 13:13:00+00:00,2022-04-05 13:14:00+00:00,target,0.14740963621045533,0.19180092309342625,"simulated minute opens; intrabar exits only known within minute, not actual exchange fills"
217,826.0,1189442.0,1189442.0,-1.0,0.446,3384.6800000000003,3382.14,3484.957872361906,3381.45894581118,0.7547836400000001,0.75421722,0.0,1.1328400000001866,-0.37616085999979987,9316.997967192887,9316.621806332887,0.1620229268392571,2.0,9314.691103552886,0.0,0.0,2022-04-06 00:00:00+00:00,2022-04-05 00:00:00+00:00,2022-04-06 00:01:00+00:00,70.89,0.03710552187242025,3405.04,2022-04-06 00:02:00+00:00,2022-04-06 00:02:00+00:00,2022-04-06 00:03:00+00:00,target,-0.008410728908922796,0.032121285712917905,"simulated minute opens; intrabar exits only known within minute, not actual exchange fills"
218,827.0,1190882.0,1190935.0,-1.0,0.583,3171.13,3143.3,3247.1107735801183,3142.662841170181,0.9243843949999999,0.91627195,0.0,16.224889999999956,14.384233654998752,9316.621806332887,9331.006039987886,0.1984376771356455,2.0,9295.921547067266,0.0,0.0,2022-04-07 00:00:00+00:00,2022-04-06 00:00:00+00:00,2022-04-07 00:01:00+00:00,77.04,0.04032457899635007,3166.78,2022-04-07 00:02:00+00:00,2022-04-07 00:55:00+00:00,2022-04-07 00:56:00+00:00,target,0.32472405632961265,0.3746626612033891,"simulated minute opens; intrabar exits only known within minute, not actual exchange fills"
219,828.0,1192322.0,1192415.0,1.0,0.506,3222.1800000000003,3243.71,3133.8720327814817,3244.360230028559,0.8152115400000002,0.8206586300000001,0.0,10.89417999999987,9.258309829998325,9331.006039987886,9340.264349817884,0.174731757005927,2.0,9326.218791885105,0.0,0.0,2022-04-08 00:00:00+00:00,2022-04-07 00:00:00+00:00,2022-04-08 00:01:00+00:00,72.68,0.03804245069385674,3225.15,2022-04-08 00:02:00+00:00,2022-04-08 01:35:00+00:00,2022-04-08 01:36:00+00:00,target,0.20719597083149385,0.25116907032491664,"simulated minute opens; intrabar exits only known within minute, not actual exchange fills"
220,829.0,1193762.0,1195173.0,-1.0,0.682,3201.7000000000003,3266.84,3266.1861971971584,3169.3956175401945,1.0917797000000002,1.1139924400000003,-0.4376162276730421,-44.425479999999915,-46.1936359123265,9340.264349817884,9294.070713905558,0.23377918635060638,1.0,9294.070713905558,0.0,0.0,2022-04-09 00:00:00+00:00,2022-04-08 00:00:00+00:00,2022-04-09 00:01:00+00:00,70.66,0.0369851343702245,3191.26,2022-04-09 00:02:00+00:00,2022-04-09 23:33:00+00:00,2022-04-09 23:34:00+00:00,stop,-1.0503426612354687,0.5009503407533757,"simulated minute opens; intrabar exits only known within minute, not actual exchange fills"
221,830.0,1195202.0,1196203.0,1.0,0.521,3260.33,3274.76,3175.1350512360946,3275.415109214603,0.8493159650000001,0.8530749800000001,0.2702861421934778,7.518030000000152,5.5453529128062655,9294.070713905558,9299.616066818364,0.18276511792174652,2.0,9278.032071471862,0.0,0.0,2022-04-10 00:00:00+00:00,2022-04-09 00:00:00+00:00,2022-04-10 00:01:00+00:00,66.75,0.034938546832896766,3257.53,2022-04-10 00:02:00+00:00,2022-04-10 16:43:00+00:00,2022-04-10 16:44:00+00:00,target,0.12493313009866838,0.17706577013629513,"simulated minute opens; intrabar exits only known within minute, not actual exchange fills"
222,831.0,1196642.0,1196649.0,-1.0,0.629,3204.2000000000003,3179.26,3274.191228500411,3178.6146635233754,1.0077209000000003,0.99987727,0.0,15.687260000000034,13.67966183000135,9299.616066818364,9313.295728648365,0.21672311905340136,2.0,9296.318785918365,0.0,0.0,2022-04-11 00:00:00+00:00,2022-04-10 00:00:00+00:00,2022-04-11 00:01:00+00:00,70.45,0.036875215346480555,3200.24,2022-04-11 00:02:00+00:00,2022-04-11 00:09:00+00:00,2022-04-11 00:10:00+00:00,target,0.31072850792831186,0.3655506129096558,"simulated minute opens; intrabar exits only known within minute, not actual exchange fills"
223,832.0,1198082.0,1198143.0,-1.0,0.671,2984.76,2957.94,3050.4657402474118,2957.348202597356,1.0013869800000001,0.9923888700000001,0.0,17.99622000000011,16.002444149999064,9313.295728648365,9329.298172798364,0.2150446005745661,2.0,9304.987151668365,0.0,0.0,2022-04-12 00:00:00+00:00,2022-04-11 00:00:00+00:00,2022-04-12 00:01:00+00:00,73.72,0.03858681157335055,2978.69,2022-04-12 00:02:00+00:00,2022-04-12 01:03:00+00:00,2022-04-12 01:04:00+00:00,target,0.3629614385318201,0.4171902987383862,"simulated minute opens; intrabar exits only known within minute, not actual exchange fills"
224,833.0,1199522.0,1199675.0,1.0,0.557,3026.32,3042.93,2946.2651940416667,3043.5415626755826,0.8428301200000001,0.8474560050000001,0.0,9.25176999999982,7.561483874998885,9329.298172798364,9336.859656673363,0.18068457120546497,2.0,9316.318799630044,0.0,0.0,2022-04-13 00:00:00+00:00,2022-04-12 00:00:00+00:00,2022-04-13 00:01:00+00:00,69.88,0.03657686371060413,3026.3,2022-04-13 00:02:00+00:00,2022-04-13 02:35:00+00:00,2022-04-13 02:36:00+00:00,target,0.16957601529961425,0.21512215874392096,"simulated minute opens; intrabar exits only known within minute, not actual exchange fills"
225,834.0,1200962.0,1201062.0,1.0,0.583,3111.37,3133.51,3035.0647116963114,3134.14213960807,0.9069643549999999,0.9134181650000001,0.0,12.90762000000019,11.087237480000113,9336.859656673363,9347.946894153363,0.19427610317603144,2.0,9334.685718414894,0.0,0.0,2022-04-14 00:00:00+00:00,2022-04-13 00:00:00+00:00,2022-04-14 00:01:00+00:00,69.25,0.0362471066393723,3116.45,2022-04-14 00:02:00+00:00,2022-04-14 01:42:00+00:00,2022-04-14 01:43:00+00:00,target,0.2492299082117604,0.298434618547524,"simulated minute opens; intrabar exits only known within minute, not actual exchange fills"
226,835.0,1202402.0,1203235.0,-1.0,0.66,3018.9700000000003,3001.2000000000003,3086.0210499264786,3000.5943549078997,0.9962601000000001,0.9903960000000002,0.073596714048,11.728199999999989,9.667947185951562,9347.946894153363,9357.614841339315,0.21315056905663576,2.0,9329.645434053362,0.0,0.0,2022-04-15 00:00:00+00:00,2022-04-14 00:00:00+00:00,2022-04-15 00:01:00+00:00,66.83,0.03498042074670398,3019.82,2022-04-15 00:02:00+00:00,2022-04-15 13:55:00+00:00,2022-04-15 13:56:00+00:00,target,0.2184664497164677,0.2740545466812148,"simulated minute opens; intrabar exits only known within minute, not actual exchange fills"
227,836.0,1203842.0,1204740.0,1.0,0.591,3039.93,3054.7000000000003,2964.4719223741763,3055.319837221878,0.8982993149999999,0.90266385,-0.22070334791099996,8.729070000000258,7.148810182910893,9357.614841339315,9364.763651522226,0.19199322268139649,2.0,9349.455185372226,0.0,0.0,2022-04-16 00:00:00+00:00,2022-04-15 00:00:00+00:00,2022-04-16 00:01:00+00:00,65.38,0.03422145605894817,3039.19,2022-04-16 00:02:00+00:00,2022-04-16 15:00:00+00:00,2022-04-16 15:01:00+00:00,target,0.16030259319593693,0.20395215073185827,"simulated minute opens; intrabar exits only known within minute, not actual exchange fills"
228,837.0,1205282.0,1206102.0,1.0,0.597,3058.21,3073.55,2983.47257703903,3074.1690710490275,0.912875685,0.9174546750000001,-0.11707039603259999,9.157980000000087,7.4447200360318675,9364.763651522226,9372.208371558258,0.194959684829123,2.0,9341.501484332735,0.0,0.0,2022-04-17 00:00:00+00:00,2022-04-16 00:00:00+00:00,2022-04-17 00:01:00+00:00,65.07,0.034059194642945205,3057.99,2022-04-17 00:02:00+00:00,2022-04-17 13:42:00+00:00,2022-04-17 13:43:00+00:00,target,0.1668537303234429,0.21353520655056205,"simulated minute opens; intrabar exits only known within minute, not actual exchange fills"
229,838.0,1206722.0,1206974.0,-1.0,0.638,2981.4,2967.67,3051.202462218634,2967.074149968871,0.9510666,0.94668673,0.0,8.759740000000011,6.861986669999169,9372.208371558258,9379.070358228257,0.20295464255493761,2.0,9359.601044958257,0.0,0.0,2022-04-18 00:00:00+00:00,2022-04-17 00:00:00+00:00,2022-04-18 00:01:00+00:00,66.91,0.0350222946605112,2986.03,2022-04-18 00:02:00+00:00,2022-04-18 04:14:00+00:00,2022-04-18 04:15:00+00:00,target,0.15408432107037467,0.20523416475278233,"simulated minute opens; intrabar exits only known within minute, not actual exchange fills"
230,839.0,1208162.0,1208168.0,1.0,0.557,3055.4,3070.26,2974.8876203255963,3070.8772229093647,0.8509289000000001,0.8550674100000001,0.0,8.277020000000071,6.5710236900013115,9379.070358228257,9385.641381918258,0.1814527170602746,2.0,9377.827496372947,0.0,0.0,2022-04-19 00:00:00+00:00,2022-04-18 00:00:00+00:00,2022-04-19 00:01:00+00:00,68.49,0.03584930445820374,3054.02,2022-04-19 00:02:00+00:00,2022-04-19 00:08:00+00:00,2022-04-19 00:09:00+00:00,target,0.1465261621592943,0.19223407595149122,"simulated minute opens; intrabar exits only known within minute, not actual exchange fills"
231,840.0,1209602.0,1210226.0,1.0,0.597,3096.86,3116.3,3022.043841337225,3116.9327963372343,0.9244127099999999,0.93021555,0.1215883882522119,11.605680000000032,9.6294633517482,9385.641381918258,9395.270845270006,0.19698445154337793,2.0,9366.305489208258,0.0,0.0,2022-04-20 00:00:00+00:00,2022-04-19 00:00:00+00:00,2022-04-20 00:01:00+00:00,66.78,0.034954249550574475,3100.42,2022-04-20 00:02:00+00:00,2022-04-20 10:26:00+00:00,2022-04-20 10:27:00+00:00,target,0.2155918540370416,0.2682949338218484,"simulated minute opens; intrabar exits only known within minute, not actual exchange fills"
232,841.0,1211042.0,1211718.0,-1.0,0.682,3075.33,3141.06,3140.424920759841,3054.187406929252,1.0486875300000003,1.0711014600000002,0.2745544044394265,-44.827860000000015,-47.22220339443811,9395.270845270006,9348.048641875568,0.22323731742719385,1.0,9348.048641875568,0.0,0.0,2022-04-21 00:00:00+00:00,2022-04-20 00:00:00+00:00,2022-04-21 00:01:00+00:00,67.34,0.035247366947224995,3074.01,2022-04-21 00:02:00+00:00,2022-04-21 11:18:00+00:00,2022-04-21 11:19:00+00:00,stop,-1.063689249979728,0.3247963562126541,"simulated minute opens; intrabar exits only known within minute, not actual exchange fills"
233,842.0,1212482.0,1213344.0,-1.0,0.623,2975.3,2962.33,3046.6330196520753,2961.7368686588447,0.9268059500000001,0.922765795,0.322649875856,8.080310000000159,5.908088379144829,9348.048641875568,9353.956730254713,0.19828864515066283,2.0,9312.482598274299,0.0,0.0,2022-04-22 00:00:00+00:00,2022-04-21 00:00:00+00:00,2022-04-22 00:01:00+00:00,68.08,0.03563470064994175,2981.31,2022-04-22 00:02:00+00:00,2022-04-22 14:24:00+00:00,2022-04-22 14:25:00+00:00,target,0.13294387331779606,0.19013819136368051,"simulated minute opens; intrabar exits only known within minute, not actual exchange fills"
234,843.0,1213922.0,1214142.0,-1.0,0.6950000000000001,2959.1,2942.39,3022.715303663218,2941.8002287453155,1.0282872500000002,1.022480525,0.0,11.613450000000027,9.562682225001481,9353.956730254713,9363.519412479714,0.21986145107429833,2.0,9342.885693004713,0.0,0.0,2022-04-23 00:00:00+00:00,2022-04-22 00:00:00+00:00,2022-04-23 00:01:00+00:00,65.25,0.03415341094901145,2960.38,2022-04-23 00:02:00+00:00,2022-04-23 03:42:00+00:00,2022-04-23 03:43:00+00:00,target,0.21628844330987015,0.2719435459472151,"simulated minute opens; intrabar exits only known within minute, not actual exchange fills"
235,844.0,1215362.0,1216232.0,-1.0,0.8220000000000001,2938.6,2912.33,2991.925061814062,2911.739713278961,1.2077646,1.19696763,0.1369680042528,21.593939999999986,19.05223976574598,9363.519412479714,9382.57165224546,0.25797235992062756,2.0,9346.225107879714,0.0,0.0,2022-04-24 00:00:00+00:00,2022-04-23 00:00:00+00:00,2022-04-24 00:01:00+00:00,65.59,0.03433137508269212,2930.28,2022-04-24 00:02:00+00:00,2022-04-24 14:32:00+00:00,2022-04-24 14:33:00+00:00,target,0.43465317186911306,0.5037084966670542,"simulated minute opens; intrabar exits only known within minute, not actual exchange fills"
236,845.0,1216802.0,1216809.0,-1.0,0.742,2921.48,2900.93,2981.1063011339465,2900.3403047963775,1.08386908,1.0762450300000002,0.0,15.248100000000134,13.08798589000071,9382.57165224546,9395.659638135461,0.2310388068799039,2.0,9380.812563165462,0.0,0.0,2022-04-25 00:00:00+00:00,2022-04-24 00:00:00+00:00,2022-04-25 00:01:00+00:00,66.51,0.034812925091475114,2918.97,2022-04-25 00:02:00+00:00,2022-04-25 00:09:00+00:00,2022-04-25 00:10:00+00:00,target,0.2958223915378647,0.35453641768141214,"simulated minute opens; intrabar exits only known within minute, not actual exchange fills"
237,846.0,1218242.0,1218666.0,-1.0,0.65,3008.09,2985.61,3076.605797351716,2985.0054923051384,0.9776292500000001,0.9703232500000001,0.0,14.612000000000013,12.664047500000379,9395.659638135461,9408.323685635462,0.20810231269595192,2.0,9377.219967860461,0.0,0.0,2022-04-26 00:00:00+00:00,2022-04-25 00:00:00+00:00,2022-04-26 00:01:00+00:00,72.83,0.03812096428224526,3006.11,2022-04-26 00:02:00+00:00,2022-04-26 07:06:00+00:00,2022-04-26 07:07:00+00:00,target,0.28435996884027653,0.3369224118689126,"simulated minute opens; intrabar exits only known within minute, not actual exchange fills"
238,847.0,1219682.0,1220101.0,-1.0,0.684,2807.93,2873.81,2873.2303111544643,2788.0408047965257,0.96031206,0.98284302,0.0,-45.06192000000008,-47.0050750800001,9408.323685635462,9361.318610555461,0.204140948395769,1.0,9361.318610555461,0.0,0.0,2022-04-27 00:00:00+00:00,2022-04-26 00:00:00+00:00,2022-04-27 00:01:00+00:00,72.36,0.03787495503862787,2807.88,2022-04-27 00:02:00+00:00,2022-04-27 07:01:00+00:00,2022-04-27 07:02:00+00:00,stop,-1.0523819685551656,0.3045804047767449,"simulated minute opens; intrabar exits only known within minute, not actual exchange fills"
239,848.0,1221122.0,1221234.0,-1.0,0.614,2881.83,2867.94,2954.466991286343,2867.363422077311,0.88472181,0.8804575800000001,0.0,8.52845999999992,6.7632806099991285,9361.318610555461,9368.08189116546,0.18901649368122603,2.0,9340.504792705502,0.0,0.0,2022-04-28 00:00:00+00:00,2022-04-27 00:00:00+00:00,2022-04-28 00:01:00+00:00,71.66,0.037508558292814714,2887.57,2022-04-28 00:02:00+00:00,2022-04-28 01:54:00+00:00,2022-04-28 01:55:00+00:00,target,0.1516460801160638,0.19916268097697035,"simulated minute opens; intrabar exits only known within minute, not actual exchange fills"
240,849.0,1222562.0,1223208.0,1.0,0.537,2938.62,2854.3,2854.8747798742834,2952.2465165731974,0.7890194700000001,0.7663795500000001,0.157089459604347,-45.279839999999844,-46.99232847960411,9368.08189116546,9321.089562685856,0.16844845704094075,1.0,9321.089562685856,0.0,0.0,2022-04-29 00:00:00+00:00,2022-04-28 00:00:00+00:00,2022-04-29 00:01:00+00:00,71.27,0.037304422963004534,2935.39,2022-04-29 00:02:00+00:00,2022-04-29 10:48:00+00:00,2022-04-29 10:49:00+00:00,stop,-1.0449431197477774,0.16271396209528907,"simulated minute opens; intrabar exits only known within minute, not actual exchange fills"
241,850.0,1224002.0,1224862.0,-1.0,0.745,2816.75,2797.52,2875.8563373724896,2796.9510825078187,1.049239375,1.0420762,0.10959592935450352,14.326350000000014,12.12543849564645,9321.089562685856,9333.215001181503,0.22513234487099237,2.0,9302.994723310858,0.0,0.0,2022-04-30 00:00:00+00:00,2022-04-29 00:00:00+00:00,2022-04-30 00:01:00+00:00,66.73,0.03492807835444496,2815.37,2022-04-30 00:02:00+00:00,2022-04-30 14:22:00+00:00,2022-04-30 14:23:00+00:00,target,0.27536398114850197,0.33497114475911505,"simulated minute opens; intrabar exits only known within minute, not actual exchange fills"
242,851.0,1225442.0,1225753.0,-1.0,0.721,2725.04,2786.98,2786.4130537937613,2706.438299482064,0.98237692,1.00470629,0.0,-44.65874000000004,-46.645823209999435,9333.215001181503,9286.569177971503,0.21051200896489358,1.0,9286.569177971503,0.0,0.0,2022-05-01 00:00:00+00:00,2022-04-30 00:00:00+00:00,2022-05-01 00:01:00+00:00,69.72,0.0364931158829897,2725.1,2022-05-01 00:02:00+00:00,2022-05-01 05:13:00+00:00,2022-05-01 05:14:00+00:00,stop,-1.054143569544452,0.3030923079116348,"simulated minute opens; intrabar exits only known within minute, not actual exchange fills"
243,852.0,1226882.0,1227498.0,-1.0,0.73,2825.56,2805.11,2885.678939493411,2804.540231182994,1.0313294,1.02386515,0.15996734287199998,14.928499999999866,12.713338107127129,9286.569177971503,9299.28251607863,0.22211203733805096,2.0,9251.731548571503,0.0,0.0,2022-05-02 00:00:00+00:00,2022-05-01 00:00:00+00:00,2022-05-02 00:01:00+00:00,68.08,0.03563470064994175,2823.38,2022-05-02 00:02:00+00:00,2022-05-02 10:18:00+00:00,2022-05-02 10:19:00+00:00,target,0.2896846118768876,0.3496363873702369,"simulated minute opens; intrabar exits only known within minute, not actual exchange fills"
244,853.0,1228322.0,1228374.0,-1.0,0.6920000000000001,2855.71,2836.18,2919.369985379445,2835.6128046066788,0.9880756600000001,0.9813182800000001,0.0,13.51476000000014,11.545366059999651,9299.28251607863,9310.82788213863,0.21250578381538557,2.0,9294.93824041863,0.0,0.0,2022-05-03 00:00:00+00:00,2022-05-02 00:00:00+00:00,2022-05-03 00:01:00+00:00,69.68,0.0364721789260861,2855.16,2022-05-03 00:02:00+00:00,2022-05-03 00:54:00+00:00,2022-05-03 00:55:00+00:00,target,0.26208072308773334,0.315695884526709,"simulated minute opens; intrabar exits only known within minute, not actual exchange fills"
245,854.0,1229762.0,1230278.0,-1.0,0.683,2781.16,2846.41,2845.833477386535,2760.976607157685,0.94976614,0.9720490150000001,-0.19316260212535802,-44.56575,-46.29440255287409,9310.82788213863,9264.533479585756,0.20401325253192107,1.0,9264.533479585756,0.0,0.0,2022-05-04 00:00:00+00:00,2022-05-03 00:00:00+00:00,2022-05-04 00:01:00+00:00,72.62,0.038011045258501325,2780.91,2022-05-04 00:02:00+00:00,2022-05-04 08:38:00+00:00,2022-05-04 08:39:00+00:00,stop,-1.0480489499221686,0.3120814537570689,"simulated minute opens; intrabar exits only known within minute, not actual exchange fills"
246,855.0,1231202.0,1231684.0,-1.0,0.682,2940.86,2920.4900000000002,3005.1330709656245,2919.8977005198058,1.00283326,0.9958870900000002,-0.20008585624084202,13.892339999999926,12.09370550624044,9264.533479585756,9276.627185091997,0.21648866879475936,2.0,9255.186688702217,0.0,0.0,2022-05-05 00:00:00+00:00,2022-05-04 00:00:00+00:00,2022-05-05 00:01:00+00:00,68.55,0.035880709893559154,2939.76,2022-05-05 00:02:00+00:00,2022-05-05 08:04:00+00:00,2022-05-05 08:05:00+00:00,target,0.2758963552615142,0.3261443582088334,"simulated minute opens; intrabar exits only known within minute, not actual exchange fills"
247,856.0,1232642.0,1232692.0,-1.0,0.672,2743.78,2727.54,2809.417240977513,2726.9893942351155,0.9219100800000001,0.9164534400000001,0.0,10.91328000000016,9.074916479999956,9276.627185091997,9285.702101571997,0.19875975645147315,2.0,9271.445630912796,0.0,0.0,2022-05-06 00:00:00+00:00,2022-05-05 00:00:00+00:00,2022-05-06 00:01:00+00:00,70.94,0.03713169306854976,2746.37,2022-05-06 00:02:00+00:00,2022-05-06 00:52:00+00:00,2022-05-06 00:53:00+00:00,target,0.20574204215296812,0.25580913388235194,"simulated minute opens; intrabar exits only known within minute, not actual exchange fills"
248,857.0,1234082.0,1234287.0,-1.0,0.775,2694.58,2673.75,2751.190900429675,2673.208493691855,1.04414975,1.036078125,0.0,16.143249999999945,14.063022124999407,9285.702101571997,9299.765123696996,0.22489408739986042,2.0,9282.914201821997,0.0,0.0,2022-05-07 00:00:00+00:00,2022-05-06 00:00:00+00:00,2022-05-07 00:01:00+00:00,68.53,0.03587024141510735,2691.59,2022-05-07 00:02:00+00:00,2022-05-07 03:27:00+00:00,2022-05-07 03:28:00+00:00,target,0.32053606041014904,0.3775157460124441,"simulated minute opens; intrabar exits only known within minute, not actual exchange fills"
249,858.0,1235522.0,1235579.0,-1.0,0.783,2638.4700000000003,2616.7000000000003,2694.607335047119,2616.1682118006865,1.0329610050000002,1.0244380500000003,0.0,17.045909999999985,14.988510945000598,9299.765123696996,9314.753634641997,0.222147762069363,2.0,9296.665042691997,0.0,0.0,2022-05-08 00:00:00+00:00,2022-05-07 00:00:00+00:00,2022-05-08 00:01:00+00:00,70.54,0.03692232349951368,2634.82,2022-05-08 00:02:00+00:00,2022-05-08 00:59:00+00:00,2022-05-08 01:00:00+00:00,target,0.3409925851295522,0.3972719435397999,"simulated minute opens; intrabar exits only known within minute, not actual exchange fills"
250,859.0,1236962.0,1237082.0,-1.0,0.805,2522.34,2500.91,2577.0580114296326,2500.4047083839846,1.0152418500000002,1.006616275,0.0,17.251150000000234,15.229291875000854,9314.753634641997,9329.982926516997,0.21798576533989455,2.0,9306.974494384647,0.0,0.0,2022-05-09 00:00:00+00:00,2022-05-08 00:00:00+00:00,2022-05-09 00:01:00+00:00,72.52,0.0379587028662423,2518.9,2022-05-09 00:02:00+00:00,2022-05-09 02:02:00+00:00,2022-05-09 02:03:00+00:00,target,0.3457431018729571,0.4008788156386931,"simulated minute opens; intrabar exits only known within minute, not actual exchange fills"
251,860.0,1238402.0,1238410.0,-1.0,0.771,2232.67,2207.51,2290.412283461161,2207.0655420954968,0.860694285,0.8509951050000001,0.0,19.398359999999887,17.686670609999055,9329.982926516997,9347.669597126996,0.1845007202647279,2.0,9303.990496458448,0.0,0.0,2022-05-10 00:00:00+00:00,2022-05-09 00:00:00+00:00,2022-05-10 00:01:00+00:00,89.08,0.046626603024336244,2227.48,2022-05-10 00:02:00+00:00,2022-05-10 00:10:00+00:00,2022-05-10 00:11:00+00:00,target,0.39728096335900376,0.44342648696471243,"simulated minute opens; intrabar exits only known within minute, not actual exchange fills"
252,861.0,1239842.0,1239964.0,-1.0,0.752,2347.58,2320.26,2406.8524361664436,2319.7944507382363,0.8826900799999999,0.87241776,0.0,20.54463999999978,18.789532160000817,9347.669597126996,9366.459129286997,0.18885778339262108,2.0,9319.321185956436,0.0,0.0,2022-05-11 00:00:00+00:00,2022-05-10 00:00:00+00:00,2022-05-11 00:01:00+00:00,87.71,0.04590951225038765,2340.86,2022-05-11 00:02:00+00:00,2022-05-11 02:04:00+00:00,2022-05-11 02:05:00+00:00,target,0.4215463648201902,0.46877690641462294,"simulated minute opens; intrabar exits only known within minute, not actual exchange fills"
253,862.0,1241282.0,1241321.0,-1.0,0.778,2100.65,2158.67,2158.2289841164097,2059.9282333516117,0.81715285,0.8397226300000001,0.0,-45.13955999999999,-46.79643548000058,9366.459129286997,9319.662693806997,0.17448490165188052,1.0,9319.662693806997,0.0,0.0,2022-05-12 00:00:00+00:00,2022-05-11 00:00:00+00:00,2022-05-12 00:01:00+00:00,110.36,0.057765064097055986,2083.98,2022-05-12 00:02:00+00:00,2022-05-12 00:41:00+00:00,2022-05-12 00:42:00+00:00,stop,-1.0446460791735035,0.7072331558691569,"simulated minute opens; intrabar exits only known within minute, not actual exchange fills"
254,863.0,1242722.0,1242788.0,-1.0,0.559,1963.44,2044.68,2044.2630479557838,1932.4142151274477,0.5487814800000002,0.5714880600000001,0.0,-45.41316000000001,-46.533429540000725,9319.662693806997,9273.129264266996,0.11776852833196862,1.0,9273.129264266996,0.0,0.0,2022-05-13 00:00:00+00:00,2022-05-12 00:00:00+00:00,2022-05-13 00:01:00+00:00,132.18,0.06918617408797445,1959.78,2022-05-13 00:02:00+00:00,2022-05-13 01:08:00+00:00,2022-05-13 01:09:00+00:00,stop,-1.029954475925506,0.38387298743702103,"simulated minute opens; intrabar exits only known within minute, not actual exchange fills"
255,864.0,1244162.0,1244832.0,-1.0,0.582,2002.78,1985.77,2079.8838074951777,1985.3630158151404,0.5828089799999999,0.57785907,-0.1078781869872,9.899819999999995,8.847030136987087,9273.129264266996,9281.976294403983,0.125698448364306,2.0,9234.384715286997,0.0,0.0,2022-05-14 00:00:00+00:00,2022-05-13 00:00:00+00:00,2022-05-14 00:01:00+00:00,108.8,0.05694852277781526,2008.49,2022-05-14 00:02:00+00:00,2022-05-14 11:12:00+00:00,2022-05-14 11:13:00+00:00,target,0.19715086976152915,0.22589006627135536,"simulated minute opens; intrabar exits only known within minute, not actual exchange fills"
256,865.0,1245602.0,1245692.0,-1.0,0.602,2050.13,2032.88,2124.5893596310602,2032.4719033353144,0.6170891300000001,0.61189688,0.0,10.3845,9.155513989999235,9281.976294403983,9291.131808393982,0.13296503038303112,2.0,9264.203639135643,0.0,0.0,2022-05-15 00:00:00+00:00,2022-05-14 00:00:00+00:00,2022-05-15 00:01:00+00:00,103.6,0.054226718380346144,2055.0,2022-05-15 00:02:00+00:00,2022-05-15 01:32:00+00:00,2022-05-15 01:33:00+00:00,target,0.2042522938063871,0.23715079947208864,"simulated minute opens; intrabar exits only known within minute, not actual exchange fills"
257,866.0,1247042.0,1247058.0,-1.0,0.541,2134.2400000000002,2120.92,2217.3263820608586,2120.4863696492785,0.5773119200000001,0.5737088600000001,0.0,7.206120000000089,6.055099220000557,9291.131808393982,9297.186907613983,0.12427160262185352,2.0,9286.956846473982,0.0,0.0,2022-05-16 00:00:00+00:00,2022-05-15 00:00:00+00:00,2022-05-16 00:01:00+00:00,104.32,0.054603583604611095,2144.07,2022-05-16 00:02:00+00:00,2022-05-16 00:18:00+00:00,2022-05-16 00:19:00+00:00,target,0.13470823644484733,0.16553411051943082,"simulated minute opens; intrabar exits only known within minute, not actual exchange fills"
258,867.0,1248482.0,1248888.0,-1.0,0.646,2022.3400000000001,2092.18,2091.76066957325,2000.2411277090534,0.6532158200000001,0.67577414,0.0,-45.116639999999805,-46.44562996000059,9297.186907613983,9250.741277653982,0.1405190250537064,1.0,9250.706451793982,0.0,0.0,2022-05-17 00:00:00+00:00,2022-05-16 00:00:00+00:00,2022-05-17 00:01:00+00:00,105.33,0.055132241766427205,2022.89,2022-05-17 00:02:00+00:00,2022-05-17 06:48:00+00:00,2022-05-17 06:49:00+00:00,stop,-1.0356751158116912,0.31833274479769763,"simulated minute opens; intrabar exits only known within minute, not actual exchange fills"
259,868.0,1249922.0,1250028.0,-1.0,0.71,2093.2,2068.79,2155.73748343793,2068.3680140648844,0.7430859999999999,0.73442045,0.0,17.331099999999896,15.853593550000369,9250.741277653982,9266.594871203983,0.16065436870340166,2.0,9237.767479071481,0.0,0.0,2022-05-18 00:00:00+00:00,2022-05-17 00:00:00+00:00,2022-05-18 00:01:00+00:00,97.29,0.0509239134288019,2090.0,2022-05-18 00:02:00+00:00,2022-05-18 01:48:00+00:00,2022-05-18 01:49:00+00:00,target,0.3570499446489954,0.3970736360020247,"simulated minute opens; intrabar exits only known within minute, not actual exchange fills"
260,869.0,1251362.0,1252153.0,-1.0,0.764,1922.91,1981.56,1981.1577168572364,1892.1036538974488,0.7345516200000001,0.75695592,-0.007307367758387199,-44.8085999999999,-46.292800172243005,9266.594871203983,9220.30207103174,0.15853754916654986,1.0,9220.30207103174,0.0,0.0,2022-05-19 00:00:00+00:00,2022-05-18 00:00:00+00:00,2022-05-19 00:01:00+00:00,107.9,0.05647744124748406,1914.2,2022-05-19 00:02:00+00:00,2022-05-19 13:13:00+00:00,2022-05-19 13:14:00+00:00,stop,-1.0402582908275715,0.5288850407314134,"simulated minute opens; intrabar exits only known within minute, not actual exchange fills"
261,870.0,1252802.0,1253689.0,-1.0,0.636,2014.64,1998.54,2084.628831374538,1998.1329560441675,0.64065552,0.63553572,-0.12880239966842402,10.239600000000086,9.092211159668295,9220.30207103174,9229.394282191408,0.13896627573901416,2.0,9189.438743870847,0.0,0.0,2022-05-20 00:00:00+00:00,2022-05-19 00:00:00+00:00,2022-05-20 00:01:00+00:00,99.01,0.05182420257565706,2019.46,2022-05-20 00:02:00+00:00,2022-05-20 14:49:00+00:00,2022-05-20 14:50:00+00:00,target,0.20426015430705804,0.23585254435092473,"simulated minute opens; intrabar exits only known within minute, not actual exchange fills"
262,871.0,1254242.0,1254329.0,-1.0,0.6930000000000001,1957.46,1938.44,2021.6435764859364,1938.0478626942358,0.6782598900000001,0.67166946,0.0,13.180859999999988,11.830930649999573,9229.394282191408,9241.225212841407,0.14697820230927558,2.0,9218.043822301408,0.0,0.0,2022-05-21 00:00:00+00:00,2022-05-20 00:00:00+00:00,2022-05-21 00:01:00+00:00,98.59,0.051604364528169175,1958.69,2022-05-21 00:02:00+00:00,2022-05-21 01:29:00+00:00,2022-05-21 01:30:00+00:00,target,0.26598782639886304,0.3024471113730739,"simulated minute opens; intrabar exits only known within minute, not actual exchange fills"
263,872.0,1255682.0,1256279.0,-1.0,0.772,1974.9,2032.71,2032.2960485922051,1954.6372391704913,0.7623114000000001,0.78462606,-0.0807489297024,-44.62931999999996,-46.09550853029759,9241.225212841407,9195.12970431111,0.1649805913052976,1.0,9195.12970431111,0.0,0.0,2022-05-22 00:00:00+00:00,2022-05-21 00:00:00+00:00,2022-05-22 00:01:00+00:00,91.4,0.047840946524745534,1973.94,2022-05-22 00:02:00+00:00,2022-05-22 09:59:00+00:00,2022-05-22 10:00:00+00:00,stop,-1.0403017177197997,0.3530340733640799,"simulated minute opens; intrabar exits only known within minute, not actual exchange fills"
264,873.0,1257122.0,1257254.0,-1.0,0.661,2036.8600000000001,2022.94,2103.8488782428326,2022.5294897386339,0.6731822300000001,0.66858167,0.0,9.20112000000005,7.859356099999786,9195.12970431111,9202.98906041111,0.14642147563930077,2.0,9181.71329498263,0.0,0.0,2022-05-23 00:00:00+00:00,2022-05-22 00:00:00+00:00,2022-05-23 00:01:00+00:00,92.22,0.04827015414126951,2042.63,2022-05-23 00:02:00+00:00,2022-05-23 02:14:00+00:00,2022-05-23 02:15:00+00:00,target,0.17749364240581034,0.21392372341896285,"simulated minute opens; intrabar exits only known within minute, not actual exchange fills"
265,874.0,1258562.0,1259109.0,-1.0,0.792,1976.0900000000001,1953.42,2031.7503375273805,1953.0273611687603,0.7825316400000001,0.7735543200000001,0.0765512653630813,17.954640000000058,16.32200277463744,9202.98906041111,9219.311063185747,0.17006032167662782,2.0,9189.217728771111,0.0,0.0,2022-05-24 00:00:00+00:00,2022-05-23 00:00:00+00:00,2022-05-24 00:01:00+00:00,92.17,0.04824398294514,1972.45,2022-05-24 00:02:00+00:00,2022-05-24 09:09:00+00:00,2022-05-24 09:10:00+00:00,target,0.370256277223943,0.41434601110521324,"simulated minute opens; intrabar exits only known within minute, not actual exchange fills"
266,875.0,1260002.0,1260671.0,-1.0,0.755,1979.1000000000001,1959.56,2037.7101207523383,1959.160519281956,0.7471102500000001,0.7397338999999999,-0.14923254500000002,14.752700000000145,13.415088395000566,9219.311063185747,9232.726151580748,0.16207507152748896,2.0,9186.981043120097,0.0,0.0,2022-05-25 00:00:00+00:00,2022-05-24 00:00:00+00:00,2022-05-25 00:01:00+00:00,91.61,0.04795086554848948,1978.56,2022-05-25 00:02:00+00:00,2022-05-25 11:11:00+00:00,2022-05-25 11:12:00+00:00,target,0.30316144672491413,0.3402054195093698,"simulated minute opens; intrabar exits only known within minute, not actual exchange fills"
267,876.0,1261442.0,1261791.0,-1.0,0.807,1946.5,1923.01,2001.273458493179,1922.6184814000558,0.7854127500000001,0.7759345350000001,0.0,18.956430000000008,17.39508271500017,9232.726151580748,9250.121234295748,0.1701366935627195,2.0,9217.011238830748,0.0,0.0,2022-05-26 00:00:00+00:00,2022-05-25 00:00:00+00:00,2022-05-26 00:01:00+00:00,93.34,0.048856388934570553,1942.0,2022-05-26 00:02:00+00:00,2022-05-26 05:51:00+00:00,2022-05-26 05:52:00+00:00,target,0.39353448902052585,0.4360053072587737,"simulated minute opens; intrabar exits only known within minute, not actual exchange fills"
268,877.0,1262882.0,1262927.0,-1.0,1.035,1804.65,1772.75,1847.106519083226,1772.39296950456,0.9339063750000001,0.917398125,0.0,33.01650000000009,31.165195500001573,9250.121234295748,9281.28642979575,0.20192305621626858,2.0,9245.906377920748,0.0,0.0,2022-05-27 00:00:00+00:00,2022-05-26 00:00:00+00:00,2022-05-27 00:01:00+00:00,95.91,0.0502015884156274,1791.02,2022-05-27 00:02:00+00:00,2022-05-27 00:47:00+00:00,2022-05-27 00:48:00+00:00,target,0.7092267724769309,0.7597662547937092,"simulated minute opens; intrabar exits only known within minute, not actual exchange fills"
269,878.0,1264322.0,1264655.0,-1.0,0.799,1726.1000000000001,1782.3500000000001,1781.9886274860366,1707.9533863226868,0.6895769500000002,0.7120488250000001,0.0,-44.94375,-46.34537577500123,9281.28642979575,9234.941054020748,0.14859512314720696,1.0,9234.941054020748,0.0,0.0,2022-05-28 00:00:00+00:00,2022-05-27 00:00:00+00:00,2022-05-28 00:01:00+00:00,98.7,0.05166194115965409,1726.55,2022-05-28 00:02:00+00:00,2022-05-28 05:35:00+00:00,2022-05-28 05:36:00+00:00,stop,-1.0378538105000628,0.3246924194344755,"simulated minute opens; intrabar exits only known within minute, not actual exchange fills"
270,879.0,1265762.0,1265863.0,-1.0,0.77,1789.41,1773.66,1847.1180592406856,1773.3030458946264,0.6889228500000001,0.6828591,0.0,12.1275,10.755718049998904,9234.941054020748,9245.696772070747,0.14919918729747686,2.0,9229.994031170749,0.0,0.0,2022-05-29 00:00:00+00:00,2022-05-28 00:00:00+00:00,2022-05-29 00:01:00+00:00,94.45,0.049437389488645685,1791.74,2022-05-29 00:02:00+00:00,2022-05-29 01:43:00+00:00,2022-05-29 01:44:00+00:00,target,0.2420539727690319,0.27911099969929165,"simulated minute opens; intrabar exits only known within minute, not actual exchange fills"
271,880.0,1267202.0,1267324.0,-1.0,0.748,1809.3600000000001,1869.31,1868.9333977522472,1793.7094236434536,0.6767006400000001,0.69912194,0.0,-44.84259999999986,-46.21842258000106,9245.696772070747,9199.478349490746,0.14638175070680806,1.0,9199.478349490746,0.0,0.0,2022-05-30 00:00:00+00:00,2022-05-29 00:00:00+00:00,2022-05-30 00:01:00+00:00,95.32,0.04989276830129917,1812.45,2022-05-30 00:02:00+00:00,2022-05-30 02:04:00+00:00,2022-05-30 02:05:00+00:00,stop,-1.0371967578040449,0.2627108230696168,"simulated minute opens; intrabar exits only known within minute, not actual exchange fills"
272,881.0,1268642.0,1268736.0,-1.0,0.704,1994.6200000000001,1978.74,2057.439537926277,1978.3387909069975,0.70210624,0.69651648,0.0,11.179520000000077,9.780897279999408,9199.478349490746,9209.259246770745,0.15264044619200964,2.0,9184.309043250747,0.0,0.0,2022-05-31 00:00:00+00:00,2022-05-30 00:00:00+00:00,2022-05-31 00:01:00+00:00,90.14,0.04718143238228187,1997.87,2022-05-31 00:02:00+00:00,2022-05-31 01:36:00+00:00,2022-05-31 01:37:00+00:00,target,0.22116240358698538,0.2591742892491474,"simulated minute opens; intrabar exits only known within minute, not actual exchange fills"
273,882.0,1270082.0,1270328.0,-1.0,0.803,1943.77,1923.3600000000001,1998.6718119199415,1922.9695815529594,0.7804236550000001,0.77222904,0.0,16.389229999999884,14.836577304999082,9209.259246770745,9224.095824075745,0.16948673809430612,2.0,9196.878701031206,0.0,0.0,2022-06-01 00:00:00+00:00,2022-05-31 00:00:00+00:00,2022-06-01 00:01:00+00:00,88.86,0.04651144976136639,1941.68,2022-06-01 00:02:00+00:00,2022-06-01 04:08:00+00:00,2022-06-01 04:09:00+00:00,target,0.33653597857464884,0.3788657918498566,"simulated minute opens; intrabar exits only known within minute, not actual exchange fills"
274,883.0,1271522.0,1272314.0,-1.0,0.769,1814.04,1799.3700000000001,1871.7342566545565,1799.0034427034511,0.69749838,0.6918577650000001,-0.0649782686696,11.281229999999882,9.956852123668796,9224.095824075745,9234.052676199413,0.151233983970432,2.0,9201.123853964415,0.0,0.0,2022-06-02 00:00:00+00:00,2022-06-01 00:00:00+00:00,2022-06-02 00:01:00+00:00,90.86,0.04755829760654682,1817.1,2022-06-02 00:02:00+00:00,2022-06-02 13:14:00+00:00,2022-06-02 13:15:00+00:00,target,0.22442081498551344,0.26062485537477315,"simulated minute opens; intrabar exits only known within minute, not actual exchange fills"
275,884.0,1272962.0,1273260.0,-1.0,0.81,1832.04,1816.08,1886.7571791872906,1815.7115280246467,0.7419762000000001,0.7355124000000001,0.0,12.92760000000003,11.450111399999514,9234.052676199413,9245.502787599413,0.16070434640522008,2.0,9224.295399999412,0.0,0.0,2022-06-03 00:00:00+00:00,2022-06-02 00:00:00+00:00,2022-06-03 00:01:00+00:00,87.9,0.046008962795679786,1833.37,2022-06-03 00:02:00+00:00,2022-06-03 05:00:00+00:00,2022-06-03 05:01:00+00:00,target,0.25834555453989494,0.29841582146372725,"simulated minute opens; intrabar exits only known within minute, not actual exchange fills"
276,885.0,1274402.0,1274520.0,-1.0,0.912,1776.45,1757.56,1824.914004737262,1757.207522563392,0.8100612000000001,0.80144736,0.0,17.227680000000092,15.616171440000471,9245.502787599413,9261.118959039413,0.17523356351944422,2.0,9242.376246399414,0.0,0.0,2022-06-04 00:00:00+00:00,2022-06-03 00:00:00+00:00,2022-06-04 00:01:00+00:00,86.7,0.04538085408857153,1774.15,2022-06-04 00:02:00+00:00,2022-06-04 02:00:00+00:00,2022-06-04 02:01:00+00:00,target,0.35331366222889404,0.39704678845520935,"simulated minute opens; intrabar exits only known within minute, not actual exchange fills"
277,886.0,1275842.0,1275918.0,-1.0,0.859,1803.45,1787.17,1855.0908438204087,1786.8080210279938,0.774581775,0.7675895150000001,0.0,13.984519999999977,12.44234870999935,9261.118959039413,9273.561307749413,0.16727606640749632,2.0,9254.692157264413,0.0,0.0,2022-06-05 00:00:00+00:00,2022-06-04 00:00:00+00:00,2022-06-05 00:01:00+00:00,85.97,0.04499875462508068,1803.71,2022-06-05 00:02:00+00:00,2022-06-05 01:18:00+00:00,2022-06-05 01:19:00+00:00,target,0.28048902629036493,0.32226388534397293,"simulated minute opens; intrabar exits only known within minute, not actual exchange fills"
278,887.0,1277282.0,1277390.0,-1.0,0.8320000000000001,1803.44,1857.32,1856.9450062542198,1788.4478489350536,0.7502310400000002,0.7726451200000001,0.0,-44.828159999999905,-46.35103616000015,9273.561307749413,9227.210271589413,0.1617999849471147,1.0,9223.814596709413,0.0,0.0,2022-06-06 00:00:00+00:00,2022-06-05 00:00:00+00:00,2022-06-06 00:01:00+00:00,86.21,0.04512437636650232,1805.39,2022-06-06 00:02:00+00:00,2022-06-06 01:50:00+00:00,2022-06-06 01:51:00+00:00,stop,-1.041218082197803,0.28020090295315303,"simulated minute opens; intrabar exits only known within minute, not actual exchange fills"
279,888.0,1278722.0,1278742.0,-1.0,0.8180000000000001,1855.8,1843.06,1909.9226749096833,1842.683431921423,0.7590222,0.7538115400000001,0.0,10.421320000000009,8.908486259999336,9227.210271589413,9236.118757849412,0.16451824065113807,2.0,9222.040773946552,0.0,0.0,2022-06-07 00:00:00+00:00,2022-06-06 00:00:00+00:00,2022-06-07 00:01:00+00:00,81.82,0.042826545346331284,1859.11,2022-06-07 00:02:00+00:00,2022-06-07 00:22:00+00:00,2022-06-07 00:23:00+00:00,target,0.20122009893584722,0.2423488510215908,"simulated minute opens; intrabar exits only known within minute, not actual exchange fills"
280,889.0,1280162.0,1280226.0,-1.0,0.968,1819.6100000000001,1795.71,1865.0841349649945,1795.3461086675802,0.88069124,0.8691236400000001,0.0,23.135200000000086,21.385385120000137,9236.118757849412,9257.504142969412,0.19070591513378612,2.0,9227.552146609412,0.0,0.0,2022-06-08 00:00:00+00:00,2022-06-07 00:00:00+00:00,2022-06-08 00:01:00+00:00,87.34,0.04571584539902927,1812.61,2022-06-08 00:02:00+00:00,2022-06-08 01:06:00+00:00,2022-06-08 01:07:00+00:00,target,0.4858221056212865,0.5335756546242838,"simulated minute opens; intrabar exits only known within minute, not actual exchange fills"
281,890.0,1281602.0,1283039.0,-1.0,0.871,1792.39,1788.07,1843.3202311411656,1773.7593222850667,0.7805858450000001,0.778704485,-0.24221867549964535,3.7627200000001424,2.4456483454996487,9257.504142969412,9259.949791314912,0.16863850838086072,3.0,9221.951678490226,0.0,0.0,2022-06-09 00:00:00+00:00,2022-06-08 00:00:00+00:00,2022-06-09 00:01:00+00:00,88.27,0.04620262964703816,1791.02,2022-06-09 00:02:00+00:00,2022-06-09 23:59:00+00:00,2022-06-09 23:59:00+00:00,scheduled_23_59_exit,0.055131550772120674,0.36580783745697126,"simulated minute opens; intrabar exits only known within minute, not actual exchange fills"
282,891.0,1283042.0,1283053.0,-1.0,0.808,1784.81,1771.39,1839.865868206044,1771.0340881630232,0.7210632400000001,0.7156415600000001,0.0,10.843359999999876,9.406655200000387,9259.949791314912,9269.356446514912,0.15573804529184368,2.0,9251.980968074911,0.0,0.0,2022-06-10 00:00:00+00:00,2022-06-09 00:00:00+00:00,2022-06-10 00:01:00+00:00,87.33,0.04571061115980336,1788.03,2022-06-10 00:02:00+00:00,2022-06-10 00:13:00+00:00,2022-06-10 00:14:00+00:00,target,0.2114561150217664,0.2502169575352266,"simulated minute opens; intrabar exits only known within minute, not actual exchange fills"
283,892.0,1284482.0,1284997.0,-1.0,0.836,1659.57,1645.49,1712.9648491108317,1645.1580312919175,0.69370026,0.6878148199999999,0.2591660306425008,11.770879999999938,10.130198889357416,9269.356446514912,9279.48664540427,0.14967603500905763,2.0,9250.772346254911,0.0,0.0,2022-06-11 00:00:00+00:00,2022-06-10 00:00:00+00:00,2022-06-11 00:01:00+00:00,92.46,0.04839577588269116,1661.95,2022-06-11 00:02:00+00:00,2022-06-11 08:37:00+00:00,2022-06-11 08:38:00+00:00,target,0.22694066914882505,0.26991308989688323,"simulated minute opens; intrabar exits only known within minute, not actual exchange fills"
284,893.0,1285922.0,1285997.0,-1.0,0.865,1529.91,1515.92,1581.6128555336245,1515.6154419572488,0.6616860750000001,0.6556354,0.0,12.101350000000007,10.784028525000394,9279.48664540427,9290.27067392927,0.14261264664413406,2.0,9268.84285932927,0.0,0.0,2022-06-12 00:00:00+00:00,2022-06-11 00:00:00+00:00,2022-06-12 00:01:00+00:00,97.85,0.05121703082545241,1532.19,2022-06-12 00:02:00+00:00,2022-06-12 01:17:00+00:00,2022-06-12 01:18:00+00:00,target,0.24112952507802238,0.2764752138971316,"simulated minute opens; intrabar exits only known within minute, not actual exchange fills"
285,894.0,1287362.0,1287407.0,-1.0,1.004,1439.98,1417.79,1484.4743556533106,1417.5025920289377,0.72286996,0.71173058,0.0,22.278760000000055,20.84415946000081,9290.27067392927,9311.11483338927,0.15561870808103506,2.0,9275.197771284309,0.0,0.0,2022-06-13 00:00:00+00:00,2022-06-12 00:00:00+00:00,2022-06-13 00:01:00+00:00,105.81,0.05538348524927052,1434.35,2022-06-13 00:02:00+00:00,2022-06-13 00:47:00+00:00,2022-06-13 00:48:00+00:00,target,0.46660109344579537,0.505174367423162,"simulated minute opens; intrabar exits only known within minute, not actual exchange fills"
286,895.0,1288802.0,1288852.0,-1.0,0.8290000000000001,1208.05,1190.8500000000001,1262.656221604609,1190.6115507828326,0.500736725,0.49360732500000015,0.0,14.25879999999985,13.26445595000041,9311.11483338927,9324.379289339271,0.10755677144145596,2.0,9297.174513113001,0.0,0.0,2022-06-14 00:00:00+00:00,2022-06-13 00:00:00+00:00,2022-06-14 00:01:00+00:00,134.62,0.07046332845909457,1209.04,2022-06-14 00:02:00+00:00,2022-06-14 00:52:00+00:00,2022-06-14 00:53:00+00:00,target,0.2930169773667319,0.3193491273473387,"simulated minute opens; intrabar exits only known within minute, not actual exchange fills"
287,896.0,1290242.0,1290293.0,-1.0,0.8220000000000001,1205.17,1190.83,1260.3767061151282,1190.5903398709036,0.4953248700000001,0.48943113,0.0,11.787480000000121,10.802723999999216,9324.379289339271,9335.18201333927,0.1062429690234317,2.0,9313.968610643991,0.0,0.0,2022-06-15 00:00:00+00:00,2022-06-14 00:00:00+00:00,2022-06-15 00:01:00+00:00,130.25,0.06817596591737533,1208.32,2022-06-15 00:02:00+00:00,2022-06-15 00:53:00+00:00,2022-06-15 00:54:00+00:00,target,0.23805078992745393,0.2640921937760981,"simulated minute opens; intrabar exits only known within minute, not actual exchange fills"
288,897.0,1291682.0,1291797.0,-1.0,0.927,1236.1200000000001,1219.95,1284.9161889347604,1219.697789624634,0.57294162,0.5654468250000001,0.0,14.989590000000069,13.851201555000443,9335.18201333927,9349.03321489427,0.12274889106207243,2.0,9315.50360171927,0.0,0.0,2022-06-16 00:00:00+00:00,2022-06-15 00:00:00+00:00,2022-06-16 00:01:00+00:00,118.75,0.06215659080758788,1236.49,2022-06-16 00:02:00+00:00,2022-06-16 01:57:00+00:00,2022-06-16 01:58:00+00:00,target,0.3062117211648977,0.33654698725186066,"simulated minute opens; intrabar exits only known within minute, not actual exchange fills"
289,898.0,1293122.0,1293160.0,-1.0,0.914,1065.71,1051.23,1115.480507198479,1051.0144855759147,0.4870294700000001,0.48041211000000006,0.0,13.234720000000017,12.267278420000366,9349.03321489427,9361.300493314271,0.10418819974328392,2.0,9329.745377347672,0.0,0.0,2022-06-17 00:00:00+00:00,2022-06-16 00:00:00+00:00,2022-06-17 00:01:00+00:00,135.82,0.07109143716620282,1067.77,2022-06-17 00:02:00+00:00,2022-06-17 00:40:00+00:00,2022-06-17 00:41:00+00:00,target,0.26966833885129804,0.2952655146848581,"simulated minute opens; intrabar exits only known within minute, not actual exchange fills"
290,899.0,1294562.0,1294970.0,-1.0,0.97,1082.99,1070.74,1129.8690929974816,1070.518833536722,0.52525015,0.5193089,0.0,11.8825,10.837940949999393,9361.300493314271,9372.13843426427,0.11221734637727468,2.0,9347.292243164271,0.0,0.0,2022-06-18 00:00:00+00:00,2022-06-17 00:00:00+00:00,2022-06-18 00:01:00+00:00,123.1,0.0644334848708553,1085.99,2022-06-18 00:02:00+00:00,2022-06-18 06:50:00+00:00,2022-06-18 06:51:00+00:00,target,0.23833940218509778,0.2660283223471912,"simulated minute opens; intrabar exits only known within minute, not actual exchange fills"
291,900.0,1296002.0,1296091.0,-1.0,0.989,992.5500000000001,978.22,1038.684030829103,978.0194195309124,0.49081597500000007,0.48372979000000005,0.0,14.17237000000004,13.197824235001463,9372.13843426427,9385.336258499272,0.10473937798562404,2.0,9355.78609650948,0.0,0.0,2022-06-19 00:00:00+00:00,2022-06-18 00:00:00+00:00,2022-06-19 00:01:00+00:00,137.59,0.07201789750918751,994.09,2022-06-19 00:02:00+00:00,2022-06-19 01:31:00+00:00,2022-06-19 01:32:00+00:00,target,0.28925751251683907,0.3149644678331748,"simulated minute opens; intrabar exits only known within minute, not actual exchange fills"
292,901.0,1297442.0,1297451.0,-1.0,0.915,1126.41,1110.82,1176.2846763861335,1110.5966947651557,0.5153325750000001,0.5082001500000001,0.0,14.264850000000134,13.241317275000256,9385.336258499272,9398.577575774272,0.10981653950508587,2.0,9379.613823373373,0.0,0.0,2022-06-20 00:00:00+00:00,2022-06-19 00:00:00+00:00,2022-06-20 00:01:00+00:00,130.05,0.0680712811328573,1127.88,2022-06-20 00:02:00+00:00,2022-06-20 00:11:00+00:00,2022-06-20 00:12:00+00:00,target,0.290154965376853,0.3170608088244348,"simulated minute opens; intrabar exits only known within minute, not actual exchange fills"
293,902.0,1298882.0,1298912.0,-1.0,1.034,1128.19,1112.18,1172.229508768406,1111.9531818414634,0.58327423,0.5749970600000001,0.0,16.554339999999993,15.396068709998872,9398.577575774272,9413.973644484271,0.12411968200452902,2.0,9393.22261336829,0.0,0.0,2022-06-21 00:00:00+00:00,2022-06-20 00:00:00+00:00,2022-06-21 00:01:00+00:00,119.12,0.062350257658946265,1127.83,2022-06-21 00:02:00+00:00,2022-06-21 00:32:00+00:00,2022-06-21 00:33:00+00:00,target,0.33810129623155294,0.3686875401794882,"simulated minute opens; intrabar exits only known within minute, not actual exchange fills"
294,903.0,1300322.0,1300329.0,-1.0,0.964,1122.19,1110.1100000000001,1169.6206979639599,1109.886042481428,0.54089558,0.53507302,0.0,11.64511999999993,10.56915140000092,9413.973644484271,9424.542795884272,0.1149133406203905,2.0,9412.558552483632,0.0,0.0,2022-06-22 00:00:00+00:00,2022-06-21 00:00:00+00:00,2022-06-22 00:01:00+00:00,118.37,0.0619576897170036,1125.47,2022-06-22 00:02:00+00:00,2022-06-22 00:09:00+00:00,2022-06-22 00:10:00+00:00,target,0.23115514783973518,0.2594091600322072,"simulated minute opens; intrabar exits only known within minute, not actual exchange fills"
295,904.0,1301762.0,1301848.0,-1.0,1.107,1049.35,1090.84,1090.6173607256667,1035.055652698388,0.5808152249999999,0.6037799399999999,0.0,-45.92943000000001,-47.114025164999475,9424.542795884272,9377.428770719273,0.12325589422834259,1.0,9374.781532952062,0.0,0.0,2022-06-23 00:00:00+00:00,2022-06-22 00:00:00+00:00,2022-06-23 00:01:00+00:00,118.59,0.062072842979973446,1049.4,2022-06-23 00:02:00+00:00,2022-06-23 01:28:00+00:00,2022-06-23 01:29:00+00:00,stop,-1.0313258287324567,0.3463838503420773,"simulated minute opens; intrabar exits only known within minute, not actual exchange fills"
296,905.0,1303202.0,1303892.0,-1.0,1.051,1143.1100000000001,1186.51,1186.2689386633774,1129.0193103132224,0.6007043049999999,0.623511005,-0.0966241826205149,-45.61339999999986,-46.74099112737895,9377.428770719273,9330.687779591894,0.1281170605903572,1.0,9329.341725530394,0.0,0.0,2022-06-24 00:00:00+00:00,2022-06-23 00:00:00+00:00,2022-06-24 00:01:00+00:00,111.57,0.058398407043390145,1143.71,2022-06-24 00:02:00+00:00,2022-06-24 11:32:00+00:00,2022-06-24 11:33:00+00:00,stop,-1.0304441189668034,0.32648369313897124,"simulated minute opens; intrabar exits only known within minute, not actual exchange fills"
297,906.0,1304642.0,1304676.0,-1.0,0.928,1222.94,1208.55,1271.6753368166167,1208.3071481772242,0.56744416,0.5607672,0.0,13.353920000000093,12.225708640000448,9330.687779591894,9342.913488231894,0.12162965333404799,2.0,9326.519695431893,0.0,0.0,2022-06-25 00:00:00+00:00,2022-06-24 00:00:00+00:00,2022-06-25 00:01:00+00:00,114.98,0.060183282619422775,1224.42,2022-06-25 00:02:00+00:00,2022-06-25 00:36:00+00:00,2022-06-25 00:37:00+00:00,target,0.27032243666588635,0.3002513736149385,"simulated minute opens; intrabar exits only known within minute, not actual exchange fills"
298,907.0,1306082.0,1306899.0,-1.0,0.9550000000000001,1240.6100000000001,1226.02,1287.9654237113668,1225.770572602108,0.5923912750000001,0.58542455,-0.0335315427605,13.933450000000141,12.789165717760625,9342.913488231894,9355.702653949655,0.12681082314337208,2.0,9305.651378493054,0.0,0.0,2022-06-26 00:00:00+00:00,2022-06-25 00:00:00+00:00,2022-06-26 00:01:00+00:00,111.21,0.05820997443125766,1241.6,2022-06-26 00:02:00+00:00,2022-06-26 13:39:00+00:00,2022-06-26 13:40:00+00:00,target,0.28279330039835965,0.3133627837085601,"simulated minute opens; intrabar exits only known within minute, not actual exchange fills"
299,908.0,1307522.0,1308358.0,-1.0,1.076,1199.94,1182.15,1241.9031179223514,1181.9119444573325,0.6455677200000002,0.6359967000000001,0.05708612283,19.142039999999962,17.80338945717085,9355.702653949655,9373.506043406825,0.13800518119875554,2.0,9314.243240095826,0.0,0.0,2022-06-27 00:00:00+00:00,2022-06-26 00:00:00+00:00,2022-06-27 00:01:00+00:00,111.25,0.05823091138816128,1197.21,2022-06-27 00:02:00+00:00,2022-06-27 13:58:00+00:00,2022-06-27 13:59:00+00:00,target,0.3942962725772039,0.4296166832985738,"simulated minute opens; intrabar exits only known within minute, not actual exchange fills"
300,909.0,1308962.0,1309000.0,-1.0,0.979,1190.32,1176.95,1236.7061629115476,1176.7086882273213,0.58266164,0.5761170250000001,0.0,13.089229999999892,11.930451334999816,9373.506043406825,9385.436494741825,0.12432096107941058,2.0,9364.552931766824,0.0,0.0,2022-06-28 00:00:00+00:00,2022-06-27 00:00:00+00:00,2022-06-28 00:01:00+00:00,111.69,0.05846121791410097,1191.9,2022-06-28 00:02:00+00:00,2022-06-28 00:40:00+00:00,2022-06-28 00:41:00+00:00,target,0.26271552193781605,0.293434742568244,"simulated minute opens; intrabar exits only known within minute, not actual exchange fills"
301,910.0,1310402.0,1310749.0,-1.0,1.077,1144.28,1129.2,1186.4277808378977,1128.9719494253907,0.6161947799999999,0.6080742,0.0,16.241159999999923,15.016891020000912,9385.436494741825,9400.453385761826,0.13130871011598064,2.0,9372.542499961826,0.0,0.0,2022-06-29 00:00:00+00:00,2022-06-28 00:00:00+00:00,2022-06-29 00:01:00+00:00,111.42,0.05831989345500162,1143.5,2022-06-29 00:02:00+00:00,2022-06-29 05:49:00+00:00,2022-06-29 05:50:00+00:00,target,0.33081836630087985,0.36319944420050876,"simulated minute opens; intrabar exits only known within minute, not actual exchange fills"
302,911.0,1311842.0,1311921.0,-1.0,1.033,1098.06,1084.92,1142.2020616751292,1084.6969328883351,0.5671479899999999,0.56036118,0.0,13.573619999999867,12.44611083000018,9400.453385761826,9412.899496591826,0.12066396517832155,2.0,9391.527586409376,0.0,0.0,2022-06-30 00:00:00+00:00,2022-06-29 00:00:00+00:00,2022-06-30 00:01:00+00:00,116.29,0.060868967958015954,1099.32,2022-06-30 00:02:00+00:00,2022-06-30 01:21:00+00:00,2022-06-30 01:22:00+00:00,target,0.27294851084829586,0.3027286584394829,"simulated minute opens; intrabar exits only known within minute, not actual exchange fills"
303,912.0,1313282.0,1313284.0,-1.0,0.912,1063.67,1056.27,1113.9088326575582,1056.0514524952932,0.48503352000000005,0.48165912000000005,0.0,6.748800000000084,5.782107359998918,9412.899496591826,9418.681603951825,0.10305719723781571,2.0,9411.177827715986,0.0,0.0,2022-07-01 00:00:00+00:00,2022-06-30 00:00:00+00:00,2022-07-01 00:01:00+00:00,120.04,0.06283180766772926,1070.85,2022-07-01 00:02:00+00:00,2022-07-01 00:04:00+00:00,2022-07-01 00:05:00+00:00,target,0.12619779689576446,0.15164658694673477,"simulated minute opens; intrabar exits only known within minute, not actual exchange fills"
304,913.0,1314722.0,1314871.0,-1.0,1.004,1056.09,1045.06,1101.673718186898,1044.8441628171624,0.5301571799999999,0.5246201199999999,0.0,11.074119999999972,10.019342700001289,9418.681603951825,9428.700946651827,0.11257566659383841,2.0,9406.124724353067,0.0,0.0,2022-07-02 00:00:00+00:00,2022-07-01 00:00:00+00:00,2022-07-02 00:01:00+00:00,119.0,0.06228744678823543,1059.24,2022-07-02 00:02:00+00:00,2022-07-02 02:31:00+00:00,2022-07-02 02:32:00+00:00,target,0.218925208318562,0.24670732511833182,"simulated minute opens; intrabar exits only known within minute, not actual exchange fills"
305,914.0,1316162.0,1316451.0,-1.0,1.087,1065.57,1052.78,1107.5955842787628,1052.5639636300111,0.579137295,0.57218593,0.0,13.90272999999996,12.75140677499985,9428.700946651827,9441.452353426826,0.12284561749848566,2.0,9422.349839356826,0.0,0.0,2022-07-03 00:00:00+00:00,2022-07-02 00:00:00+00:00,2022-07-03 00:01:00+00:00,114.59,0.0599791472896126,1066.53,2022-07-03 00:02:00+00:00,2022-07-03 04:51:00+00:00,2022-07-03 04:52:00+00:00,target,0.27913532200259983,0.30947901363411295,"simulated minute opens; intrabar exits only known within minute, not actual exchange fills"
306,915.0,1317602.0,1317765.0,-1.0,1.113,1073.91,1060.1200000000001,1114.9679824111352,1059.8984567667928,0.5976309150000001,0.5899567800000001,0.0,15.348269999999959,14.160682305000591,9441.452353426826,9455.613035731827,0.126597242167533,2.0,9438.476638619097,0.0,0.0,2022-07-04 00:00:00+00:00,2022-07-03 00:00:00+00:00,2022-07-04 00:01:00+00:00,114.47,0.05991633641890177,1073.9,2022-07-04 00:02:00+00:00,2022-07-04 02:45:00+00:00,2022-07-04 02:46:00+00:00,target,0.30987847558115794,0.34126234194613686,"simulated minute opens; intrabar exits only known within minute, not actual exchange fills"
307,916.0,1319042.0,1319564.0,-1.0,1.064,1148.72,1136.38,1191.7234088704913,1136.1469507533773,0.6111190400000001,0.6045541600000002,-0.0217019394144,13.129759999999914,11.93578873941442,9455.613035731827,9467.548824471241,0.1292605857897614,2.0,9429.880930147187,0.0,0.0,2022-07-05 00:00:00+00:00,2022-07-04 00:00:00+00:00,2022-07-05 00:01:00+00:00,107.35,0.05618955809005944,1150.23,2022-07-05 00:02:00+00:00,2022-07-05 08:44:00+00:00,2022-07-05 08:45:00+00:00,target,0.2608594726381714,0.29237331590357524,"simulated minute opens; intrabar exits only known within minute, not actual exchange fills"
308,917.0,1320482.0,1320586.0,-1.0,1.112,1132.1200000000001,1117.99,1173.264572620701,1117.7637534273363,0.6294587200000001,0.6216024400000001,0.0,15.712560000000122,14.461498840000786,9467.548824471241,9482.010323311242,0.13297184554739386,2.0,9443.356085751242,0.0,0.0,2022-07-06 00:00:00+00:00,2022-07-05 00:00:00+00:00,2022-07-06 00:01:00+00:00,108.79,0.056943288538589355,1131.8,2022-07-06 00:02:00+00:00,2022-07-06 01:46:00+00:00,2022-07-06 01:47:00+00:00,target,0.31607923406786254,0.34892200011431956,"simulated minute opens; intrabar exits only known within minute, not actual exchange fills"
309,918.0,1321922.0,1322074.0,-1.0,1.121,1187.76,1172.39,1228.5749453864958,1172.147876586277,0.6657394799999999,0.657124595,0.0,17.229769999999878,15.906905924999592,9482.010323311242,9497.917229236242,0.14042158936766796,2.0,9479.394043831242,0.0,0.0,2022-07-07 00:00:00+00:00,2022-07-06 00:00:00+00:00,2022-07-07 00:01:00+00:00,105.27,0.055100836331071795,1186.37,2022-07-07 00:02:00+00:00,2022-07-07 02:34:00+00:00,2022-07-07 02:35:00+00:00,target,0.3476649267965108,0.38250996702027656,"simulated minute opens; intrabar exits only known within minute, not actual exchange fills"
310,919.0,1323362.0,1323890.0,-1.0,1.032,1236.41,1222.43,1280.8832933628657,1222.1805388626292,0.63798756,0.6307738800000001,-0.12806528997232802,14.42736000000002,13.286663849972683,9497.917229236242,9511.203893086215,0.13434262367251704,2.0,9456.556521676242,0.0,0.0,2022-07-08 00:00:00+00:00,2022-07-07 00:00:00+00:00,2022-07-08 00:01:00+00:00,104.64,0.05477107925983996,1236.92,2022-07-08 00:02:00+00:00,2022-07-08 08:50:00+00:00,2022-07-08 08:51:00+00:00,target,0.2894922615283411,0.31995519246281445,"simulated minute opens; intrabar exits only known within minute, not actual exchange fills"
311,920.0,1324802.0,1326239.0,-1.0,1.1420000000000001,1214.7,1216.7,1254.8255186052659,1199.7168803495256,0.6935937000000001,0.6947357000000001,-0.0820226214396139,-2.2840000000000003,-3.5903067785620806,9511.203893086215,9507.613586307652,0.14584771976220173,3.0,9489.910702007654,0.0,0.0,2022-07-09 00:00:00+00:00,2022-07-08 00:00:00+00:00,2022-07-09 00:01:00+00:00,100.02,0.052352860737473174,1213.53,2022-07-09 00:02:00+00:00,2022-07-09 23:59:00+00:00,2022-07-09 23:59:00+00:00,scheduled_23_59_exit,-0.07835104561323002,0.3734062554523139,"simulated minute opens; intrabar exits only known within minute, not actual exchange fills"
312,921.0,1326242.0,1326386.0,-1.0,1.1340000000000001,1216.03,1203.33,1256.439000149337,1203.0830221241217,0.6894890100000001,0.6822881100000001,0.0,14.401800000000053,13.030022880000615,9507.613586307652,9520.643609187653,0.14503934215268582,2.0,9503.045817297652,0.0,0.0,2022-07-10 00:00:00+00:00,2022-07-09 00:00:00+00:00,2022-07-10 00:01:00+00:00,96.75,0.05064126451060318,1216.48,2022-07-10 00:02:00+00:00,2022-07-10 02:26:00+00:00,2022-07-10 02:27:00+00:00,target,0.2843505149233206,0.3203983723435593,"simulated minute opens; intrabar exits only known within minute, not actual exchange fills"
313,922.0,1327682.0,1327762.0,-1.0,1.103,1165.72,1154.7,1207.423583603306,1154.4649465294358,0.64289458,0.63681705,0.0,12.15505999999998,10.87534837000021,9520.643609187653,9531.518957557653,0.135052756177028,2.0,9514.358353194084,0.0,0.0,2022-07-11 00:00:00+00:00,2022-07-10 00:00:00+00:00,2022-07-11 00:01:00+00:00,100.04,0.05236332921592498,1167.81,2022-07-11 00:02:00+00:00,2022-07-11 01:22:00+00:00,2022-07-11 01:23:00+00:00,target,0.2364254854879801,0.2698821659458541,"simulated minute opens; intrabar exits only known within minute, not actual exchange fills"
314,923.0,1329122.0,1329306.0,-1.0,1.1480000000000001,1095.32,1082.73,1135.460128936141,1082.5124470782914,0.62871368,0.62148702,0.0,14.453319999999907,13.203119300000253,9531.518957557653,9544.722076857654,0.1319230823123917,2.0,9528.525363877652,0.0,0.0,2022-07-12 00:00:00+00:00,2022-07-11 00:00:00+00:00,2022-07-12 00:01:00+00:00,106.86,0.05593308036799024,1095.95,2022-07-12 00:02:00+00:00,2022-07-12 03:06:00+00:00,2022-07-12 03:07:00+00:00,target,0.28652062922610727,0.3190710458873725,"simulated minute opens; intrabar exits only known within minute, not actual exchange fills"
315,924.0,1330562.0,1331078.0,-1.0,1.176,1037.35,1076.8700000000001,1076.6471117780561,1024.654025729831,0.6099617999999999,0.63319956,0.2481835572368806,-46.475520000000245,-47.96686491723631,9544.722076857654,9496.755211940417,0.1278113275773481,1.0,9496.755211940417,1.0,0.0,2022-07-13 00:00:00+00:00,2022-07-12 00:00:00+00:00,2022-07-13 00:01:00+00:00,110.72,0.057953496709188465,1037.88,2022-07-13 00:02:00+00:00,2022-07-13 08:38:00+00:00,2022-07-13 08:39:00+00:00,stop,-1.037942703529759,0.3230765238390507,"simulated minute opens; intrabar exits only known within minute, not actual exchange fills"
316,925.0,1332002.0,1332385.0,-1.0,1.197,1115.01,1101.1200000000001,1153.2776796854157,1100.8932865174531,0.667333485,0.6590203200000001,0.0,16.62632999999985,15.299976194999545,9496.755211940417,9512.055188135417,0.140539262117855,2.0,9482.825118455417,0.0,0.0,2022-07-14 00:00:00+00:00,2022-07-13 00:00:00+00:00,2022-07-14 00:01:00+00:00,103.41,0.054127267835054005,1114.19,2022-07-14 00:02:00+00:00,2022-07-14 06:25:00+00:00,2022-07-14 06:26:00+00:00,target,0.33401384941744905,0.36889389684964125,"simulated minute opens; intrabar exits only known within minute, not actual exchange fills"
317,926.0,1333442.0,1334207.0,-1.0,1.104,1192.6200000000001,1234.45,1234.200850933029,1179.142180576308,0.6583262400000001,0.6814164,-0.062414549270843146,-46.180319999999924,-47.45764809072898,9512.055188135417,9464.597540044688,0.13841934828577193,1.0,9464.597540044688,0.0,0.0,2022-07-15 00:00:00+00:00,2022-07-14 00:00:00+00:00,2022-07-15 00:01:00+00:00,100.56,0.052635509655671896,1193.01,2022-07-15 00:02:00+00:00,2022-07-15 12:47:00+00:00,2022-07-15 12:48:00+00:00,stop,-1.0338172287868275,0.32413524786685743,"simulated minute opens; intrabar exits only known within minute, not actual exchange fills"
318,927.0,1334882.0,1334914.0,-1.0,1.067,1230.93,1216.44,1273.7250254255277,1216.1928506447969,0.656701155,0.64897074,0.0,15.460830000000009,14.155158105000737,9464.597540044688,9478.752698149689,0.13877001155548327,2.0,9459.939588889689,0.0,0.0,2022-07-16 00:00:00+00:00,2022-07-15 00:00:00+00:00,2022-07-16 00:01:00+00:00,101.13,0.052933861291548305,1230.58,2022-07-16 00:02:00+00:00,2022-07-16 00:34:00+00:00,2022-07-16 00:35:00+00:00,target,0.30999666124949177,0.3443659446084202,"simulated minute opens; intrabar exits only known within minute, not actual exchange fills"
319,928.0,1336322.0,1336398.0,-1.0,0.903,1356.6000000000001,1338.81,1407.3616930936012,1338.5378500866602,0.6125049000000001,0.604472715,0.0,16.064370000000174,14.847392384999694,9478.752698149689,9493.600090534688,0.12923744705768406,2.0,9451.782447444879,0.0,0.0,2022-07-17 00:00:00+00:00,2022-07-16 00:00:00+00:00,2022-07-17 00:01:00+00:00,108.0,0.056529783639743085,1355.37,2022-07-17 00:02:00+00:00,2022-07-17 01:18:00+00:00,2022-07-17 01:19:00+00:00,target,0.32391147729610226,0.35582244823935566,"simulated minute opens; intrabar exits only known within minute, not actual exchange fills"
320,929.0,1337762.0,1337923.0,-1.0,0.903,1337.8,1388.98,1388.696237736078,1322.0196826206925,0.6040167000000001,0.6271244699999999,0.0,-46.21554000000006,-47.446681169998556,9493.600090534688,9446.15340936469,0.12724713369846216,1.0,9441.801134967309,0.0,0.0,2022-07-18 00:00:00+00:00,2022-07-17 00:00:00+00:00,2022-07-18 00:01:00+00:00,105.94,0.05545153035920724,1338.27,2022-07-18 00:02:00+00:00,2022-07-18 02:43:00+00:00,2022-07-18 02:44:00+00:00,stop,-1.0323629473844727,0.3100487989139027,"simulated minute opens; intrabar exits only known within minute, not actual exchange fills"
321,930.0,1339202.0,1339203.0,-1.0,0.5660000000000001,1565.23,1559.45,1646.6986492304243,1559.1333396341872,0.44296009000000003,0.44132435000000003,0.0,3.271479999999985,2.3871955599988723,9446.15340936469,9448.540604924689,0.09378634261028622,2.0,9442.89034743741,0.0,0.0,2022-07-19 00:00:00+00:00,2022-07-18 00:00:00+00:00,2022-07-19 00:01:00+00:00,116.1,0.060769517412723816,1580.12,2022-07-19 00:02:00+00:00,2022-07-19 00:03:00+00:00,2022-07-19 00:04:00+00:00,target,0.05177034405061588,0.07483443537365062,"simulated minute opens; intrabar exits only known within minute, not actual exchange fills"
322,931.0,1340642.0,1340660.0,-1.0,0.6980000000000001,1538.67,1521.79,1604.3638592809032,1521.4771792560284,0.5369958300000001,0.53110471,0.0,11.782240000000078,10.714139460000297,9448.540604924689,9459.254744384689,0.11366746515755283,2.0,9444.353069094688,0.0,0.0,2022-07-20 00:00:00+00:00,2022-07-19 00:00:00+00:00,2022-07-20 00:01:00+00:00,112.62,0.058948002162109873,1541.39,2022-07-20 00:02:00+00:00,2022-07-20 00:20:00+00:00,2022-07-20 00:21:00+00:00,target,0.23365608548533748,0.2617112304280398,"simulated minute opens; intrabar exits only known within minute, not actual exchange fills"
323,932.0,1342082.0,1342247.0,-1.0,0.713,1519.32,1501.8600000000001,1583.7632342833406,1501.558507093538,0.54163758,0.53541309,0.0,12.448979999999864,11.371929330000057,9459.254744384689,9470.626673714689,0.11452013813699922,2.0,9436.868621253869,0.0,0.0,2022-07-21 00:00:00+00:00,2022-07-20 00:00:00+00:00,2022-07-21 00:01:00+00:00,112.91,0.05909979509966103,1521.34,2022-07-21 00:02:00+00:00,2022-07-21 02:47:00+00:00,2022-07-21 02:48:00+00:00,target,0.24749549238752586,0.2756145482762248,"simulated minute opens; intrabar exits only known within minute, not actual exchange fills"
324,933.0,1343522.0,1343730.0,-1.0,0.722,1574.43,1555.8500000000001,1638.0303228308912,1555.529437169741,0.5683692300000001,0.5616618500000001,0.0,13.414759999999948,12.284728919999907,9470.626673714689,9482.911402634689,0.12002779743762554,2.0,9454.860204484688,0.0,0.0,2022-07-22 00:00:00+00:00,2022-07-21 00:00:00+00:00,2022-07-22 00:01:00+00:00,109.23,0.05717359506452905,1575.39,2022-07-22 00:02:00+00:00,2022-07-22 03:30:00+00:00,2022-07-22 03:31:00+00:00,target,0.2675278873228552,0.29717715239456227,"simulated minute opens; intrabar exits only known within minute, not actual exchange fills"
325,934.0,1344962.0,1345682.0,-1.0,0.741,1536.18,1514.79,1598.2068250457592,1514.4819183764102,0.5691546900000001,0.561229695,-0.07647893529899999,15.849990000000075,14.796084550300293,9482.911402634689,9497.707487184989,0.12003796425681436,2.0,9438.37871794469,0.0,0.0,2022-07-23 00:00:00+00:00,2022-07-22 00:00:00+00:00,2022-07-23 00:01:00+00:00,113.38,0.05934580434327843,1534.53,2022-07-23 00:02:00+00:00,2022-07-23 12:02:00+00:00,2022-07-23 12:03:00+00:00,target,0.32192080481744695,0.3498177056069285,"simulated minute opens; intrabar exits only known within minute, not actual exchange fills"
326,935.0,1346402.0,1346775.0,-1.0,0.868,1559.41,1612.49,1612.163974116851,1527.7675664100702,0.6767839400000001,0.69982066,0.0,-46.073439999999934,-47.45004460000018,9497.707487184989,9450.257442584989,0.14251522083895868,1.0,9447.93221885675,0.0,0.0,2022-07-24 00:00:00+00:00,2022-07-23 00:00:00+00:00,2022-07-24 00:01:00+00:00,113.35,0.05933010162560073,1548.01,2022-07-24 00:02:00+00:00,2022-07-24 06:15:00+00:00,2022-07-24 06:16:00+00:00,stop,-1.0362432577859293,0.5998113719326875,"simulated minute opens; intrabar exits only known within minute, not actual exchange fills"
327,936.0,1347842.0,1347866.0,-1.0,0.719,1601.8600000000001,1577.15,1665.5337564388212,1576.8290917188644,0.5758686700000001,0.5669854249999999,0.0,17.766490000000026,16.62363590500172,9450.257442584989,9466.88107848999,0.12187364704055703,2.0,9444.25760455762,0.0,0.0,2022-07-25 00:00:00+00:00,2022-07-24 00:00:00+00:00,2022-07-25 00:01:00+00:00,115.24,0.060319372839296226,1597.77,2022-07-25 00:02:00+00:00,2022-07-25 00:26:00+00:00,2022-07-25 00:27:00+00:00,target,0.36310870118393257,0.39311185142949484,"simulated minute opens; intrabar exits only known within minute, not actual exchange fills"
328,937.0,1349282.0,1349315.0,-1.0,0.8260000000000001,1445.3500000000001,1421.98,1500.8719856331988,1421.6930402457276,0.59692955,0.5872777400000001,0.0,19.303620000000098,18.119412710000688,9466.88107848999,9485.000491199991,0.12610902050017364,2.0,9463.89700893999,0.0,0.0,2022-07-26 00:00:00+00:00,2022-07-25 00:00:00+00:00,2022-07-26 00:01:00+00:00,114.06,0.05970173261063978,1440.4,2022-07-26 00:02:00+00:00,2022-07-26 00:35:00+00:00,2022-07-26 00:36:00+00:00,target,0.3950927682039574,0.42608273973773597,"simulated minute opens; intrabar exits only known within minute, not actual exchange fills"
329,938.0,1350722.0,1350843.0,-1.0,0.745,1446.4,1430.18,1508.2657659389195,1429.8896088186523,0.538784,0.5327420500000001,0.0,12.08390000000002,11.012373949999528,9485.000491199991,9496.01286514999,0.11360758504965263,2.0,9475.941396155591,0.0,0.0,2022-07-27 00:00:00+00:00,2022-07-26 00:00:00+00:00,2022-07-27 00:01:00+00:00,112.5,0.05888519129139905,1448.27,2022-07-27 00:02:00+00:00,2022-07-27 02:03:00+00:00,2022-07-27 02:04:00+00:00,target,0.23893198080814976,0.2668744325843904,"simulated minute opens; intrabar exits only known within minute, not actual exchange fills"
330,939.0,1352162.0,1352190.0,-1.0,0.6880000000000001,1632.98,1616.39,1699.878623471538,1616.0648737757633,0.5617451200000001,0.5560381600000001,0.0,11.413919999999944,10.296136720000504,9496.01286514999,9506.309001869991,0.11831178579413755,2.0,9492.829128397192,0.0,0.0,2022-07-28 00:00:00+00:00,2022-07-27 00:00:00+00:00,2022-07-28 00:01:00+00:00,105.71,0.05533114285701149,1635.45,2022-07-28 00:02:00+00:00,2022-07-28 00:30:00+00:00,2022-07-28 00:31:00+00:00,target,0.22370138910806908,0.2528471491111208,"simulated minute opens; intrabar exits only known within minute, not actual exchange fills"
331,940.0,1353602.0,1353618.0,-1.0,0.643,1723.56,1702.76,1795.2569442166416,1702.4155081697725,0.55412454,0.5474373400000001,0.0,13.374399999999971,12.272838119999506,9506.309001869991,9518.58183998999,0.11658037623035353,2.0,9503.68441732999,0.0,0.0,2022-07-29 00:00:00+00:00,2022-07-28 00:00:00+00:00,2022-07-29 00:01:00+00:00,110.59,0.05788545159925174,1723.82,2022-07-29 00:02:00+00:00,2022-07-29 00:18:00+00:00,2022-07-29 00:19:00+00:00,target,0.2662155299440078,0.2949148260257319,"simulated minute opens; intrabar exits only known within minute, not actual exchange fills"
332,941.0,1355042.0,1355149.0,-1.0,0.655,1722.04,1701.16,1792.557069343775,1700.8110761664143,0.5639681000000001,0.5571299000000001,0.0,13.676399999999923,12.555302000000665,9518.58183998999,9531.137141989992,0.11849834554778448,2.0,9509.73212188999,0.0,0.0,2022-07-30 00:00:00+00:00,2022-07-29 00:00:00+00:00,2022-07-30 00:01:00+00:00,109.44,0.057283514088272994,1721.85,2022-07-30 00:02:00+00:00,2022-07-30 01:49:00+00:00,2022-07-30 01:50:00+00:00,target,0.27182638442550505,0.3010465980951837,"simulated minute opens; intrabar exits only known within minute, not actual exchange fills"
333,942.0,1356482.0,1357832.0,-1.0,0.659,1695.45,1676.31,1765.6157637396113,1675.9729672961175,0.558650775,0.5523441450000001,-0.17417164164447302,12.613260000000066,11.676436721643768,9531.137141989992,9542.813578711635,0.11722646871564377,2.0,9492.978925628986,0.0,0.0,2022-07-31 00:00:00+00:00,2022-07-30 00:00:00+00:00,2022-07-31 00:01:00+00:00,109.12,0.05711601843304412,1696.68,2022-07-31 00:02:00+00:00,2022-07-31 22:32:00+00:00,2022-07-31 22:33:00+00:00,target,0.25252225490340097,0.2775859858970932,"simulated minute opens; intrabar exits only known within minute, not actual exchange fills"
334,943.0,1357922.0,1358568.0,-1.0,0.675,1679.91,1656.6200000000001,1748.4210040338085,1656.282263771884,0.566969625,0.5591092500000001,-0.11425453924657503,15.720749999999976,14.708925664246635,9542.813578711635,9557.522504375882,0.11882651176688835,2.0,9526.195241184134,0.0,0.0,2022-08-01 00:00:00+00:00,2022-07-31 00:00:00+00:00,2022-08-01 00:01:00+00:00,113.75,0.05953947119463681,1677.63,2022-08-01 00:02:00+00:00,2022-08-01 10:48:00+00:00,2022-08-01 10:49:00+00:00,target,0.31806570771194365,0.3448750541804427,"simulated minute opens; intrabar exits only known within minute, not actual exchange fills"
335,944.0,1359362.0,1359461.0,-1.0,0.668,1628.3,1609.22,1697.7217459601734,1608.8886664583956,0.5438522,0.5374794800000001,0.0,12.745439999999952,11.664108319999286,9557.522504375882,9569.186612695881,0.11380610398793181,2.0,9538.613835181202,0.0,0.0,2022-08-02 00:00:00+00:00,2022-08-01 00:00:00+00:00,2022-08-02 00:01:00+00:00,112.97,0.05913120053501644,1629.45,2022-08-02 00:02:00+00:00,2022-08-02 01:41:00+00:00,2022-08-02 01:42:00+00:00,target,0.251524068697671,0.2796145973156657,"simulated minute opens; intrabar exits only known within minute, not actual exchange fills"
336,945.0,1360802.0,1360824.0,-1.0,0.71,1630.27,1610.43,1695.6140776722534,1610.1048298724643,0.57874585,0.57170265,0.0,14.08639999999994,12.935951499999646,9569.186612695881,9582.12256419588,0.12096030173184233,2.0,9562.926886626981,0.0,0.0,2022-08-03 00:00:00+00:00,2022-08-02 00:00:00+00:00,2022-08-03 00:01:00+00:00,108.9,0.05700086517007427,1629.97,2022-08-03 00:02:00+00:00,2022-08-03 00:24:00+00:00,2022-08-03 00:25:00+00:00,target,0.2788263397240662,0.30859981265139635,"simulated minute opens; intrabar exits only known within minute, not actual exchange fills"
337,946.0,1362242.0,1363114.0,-1.0,0.7000000000000001,1616.32,1597.92,1682.733045794002,1597.593479330205,0.565712,0.5592720000000001,-0.08762426764,12.879999999999905,11.8426402676414,9582.12256419588,9593.965204463522,0.11807655270739564,2.0,9549.440852195881,0.0,0.0,2022-08-04 00:00:00+00:00,2022-08-03 00:00:00+00:00,2022-08-04 00:01:00+00:00,109.22,0.05716836082530315,1617.37,2022-08-04 00:02:00+00:00,2022-08-04 14:34:00+00:00,2022-08-04 14:35:00+00:00,target,0.2547399734937305,0.2819705141649485,"simulated minute opens; intrabar exits only known within minute, not actual exchange fills"
338,947.0,1363682.0,1364044.0,-1.0,0.7000000000000001,1605.23,1672.03,1671.6955117775842,1587.6777699535016,0.5618305,0.5852105000000001,0.0,-46.75999999999997,-47.90704100000039,9593.965204463522,9546.058163463522,0.11712164637382935,1.0,9544.322781983521,0.0,0.0,2022-08-05 00:00:00+00:00,2022-08-04 00:00:00+00:00,2022-08-05 00:01:00+00:00,108.52,0.056801964079489994,1607.2,2022-08-05 00:02:00+00:00,2022-08-05 06:04:00+00:00,2022-08-05 06:05:00+00:00,stop,-1.0296863466427382,0.2640802662474639,"simulated minute opens; intrabar exits only known within minute, not actual exchange fills"
339,948.0,1365122.0,1365448.0,-1.0,0.651,1735.8,1716.76,1806.9125843541126,1716.4127120807436,0.5650029,0.55880538,0.0,12.395039999999977,11.271231719998468,9546.058163463522,9557.32939518352,0.11837407447662238,2.0,9536.26796625463,0.0,0.0,2022-08-06 00:00:00+00:00,2022-08-05 00:00:00+00:00,2022-08-06 00:01:00+00:00,107.58,0.056309945592255196,1737.13,2022-08-06 00:02:00+00:00,2022-08-06 05:28:00+00:00,2022-08-06 05:29:00+00:00,target,0.24346914343292805,0.2726280881976567,"simulated minute opens; intrabar exits only known within minute, not actual exchange fills"
340,949.0,1366562.0,1366617.0,-1.0,0.667,1688.74,1669.93,1758.2265694383238,1669.595444539035,0.5631947900000001,0.5569216550000001,0.0,12.546269999999964,11.426153554999473,9557.32939518352,9568.75554873852,0.1178561011580967,2.0,9551.11004039352,0.0,0.0,2022-08-07 00:00:00+00:00,2022-08-06 00:00:00+00:00,2022-08-07 00:01:00+00:00,108.46,0.056770558644134585,1689.85,2022-08-07 00:02:00+00:00,2022-08-07 00:57:00+00:00,2022-08-07 00:58:00+00:00,target,0.24653202969250565,0.2755144715837158,"simulated minute opens; intrabar exits only known within minute, not actual exchange fills"
341,950.0,1368002.0,1368526.0,-1.0,0.66,1697.96,1768.6100000000001,1768.252492313602,1678.9379379918769,0.5603268,0.5836413000000001,-0.03206562678,-46.62900000000006,-47.74090247322056,9568.75554873852,9521.0146462653,0.11711591902331955,1.0,9521.0146462653,0.0,0.0,2022-08-08 00:00:00+00:00,2022-08-07 00:00:00+00:00,2022-08-08 00:01:00+00:00,108.62,0.056854306471749015,1699.25,2022-08-08 00:02:00+00:00,2022-08-08 08:46:00+00:00,2022-08-08 08:47:00+00:00,stop,-1.0290530088802055,0.27061299695077506,"simulated minute opens; intrabar exits only known within minute, not actual exchange fills"
342,951.0,1369442.0,1370149.0,1.0,0.556,1775.8400000000001,1692.02,1692.3632955366809,1793.960010133175,0.4936835200000001,0.47038156000000003,-0.0031786040172000008,-46.603920000000095,-47.56480647598255,9521.0146462653,9473.449839789317,0.10370397238988635,1.0,9473.449839789317,0.0,0.0,2022-08-09 00:00:00+00:00,2022-08-08 00:00:00+00:00,2022-08-09 00:01:00+00:00,109.54,0.05733585648053202,1776.09,2022-08-09 00:02:00+00:00,2022-08-09 11:49:00+00:00,2022-08-09 11:50:00+00:00,stop,-1.0248154097157793,0.21706666847559927,"simulated minute opens; intrabar exits only known within minute, not actual exchange fills"
343,952.0,1370882.0,1370914.0,-1.0,0.631,1699.06,1682.3,1772.0036779766147,1681.9563506865459,0.5360534299999999,0.53076565,0.0,10.575559999999994,9.508740920000491,9473.449839789317,9482.958580709317,0.11316963494091217,2.0,9471.544516359318,0.0,0.0,2022-08-10 00:00:00+00:00,2022-08-09 00:00:00+00:00,2022-08-10 00:01:00+00:00,110.3,0.057733658661700576,1702.04,2022-08-10 00:02:00+00:00,2022-08-10 00:34:00+00:00,2022-08-10 00:35:00+00:00,target,0.20658843121170706,0.2344774734136301,"simulated minute opens; intrabar exits only known within minute, not actual exchange fills"
344,953.0,1372322.0,1373053.0,-1.0,0.611,1851.58,1927.26,1926.8688221295886,1832.5153619648313,0.56565769,0.58877793,-0.05039724113444602,-46.24048000000004,-47.34451837886445,9482.958580709317,9435.614062330453,0.11929983352467396,1.0,9435.614062330453,0.0,0.0,2022-08-11 00:00:00+00:00,2022-08-10 00:00:00+00:00,2022-08-11 00:01:00+00:00,105.68,0.05531544013933379,1853.24,2022-08-11 00:02:00+00:00,2022-08-11 12:13:00+00:00,2022-08-11 12:14:00+00:00,stop,-1.0291957637073061,0.253220033145879,"simulated minute opens; intrabar exits only known within minute, not actual exchange fills"
345,954.0,1373762.0,1373777.0,-1.0,0.653,1881.82,1859.3500000000001,1951.7048417511155,1858.9715053548587,0.61441423,0.6070777750000002,0.0,14.67290999999987,13.451417995000156,9435.614062330453,9449.065480325453,0.1302330141824917,2.0,9434.098508100453,0.0,0.0,2022-08-12 00:00:00+00:00,2022-08-11 00:00:00+00:00,2022-08-12 00:01:00+00:00,102.66,0.05373469989311134,1879.35,2022-08-12 00:02:00+00:00,2022-08-12 00:17:00+00:00,2022-08-12 00:18:00+00:00,target,0.29476227582172937,0.32694492929543684,"simulated minute opens; intrabar exits only known within minute, not actual exchange fills"
346,955.0,1375202.0,1375379.0,1.0,0.5730000000000001,1956.93,1975.3700000000001,1876.7985452960675,1975.771196061214,0.5606604450000001,0.5659435050000001,0.0,10.566120000000032,9.439516049998929,9449.065480325453,9458.504996375452,0.11867003063263551,2.0,9442.012729880453,0.0,0.0,2022-08-13 00:00:00+00:00,2022-08-12 00:00:00+00:00,2022-08-13 00:01:00+00:00,100.96,0.05284487922470797,1957.4,2022-08-13 00:02:00+00:00,2022-08-13 02:59:00+00:00,2022-08-13 03:00:00+00:00,target,0.2055853105483388,0.23512859127327415,"simulated minute opens; intrabar exits only known within minute, not actual exchange fills"
347,956.0,1376642.0,1377085.0,1.0,0.548,1982.65,2001.63,1898.8127217863591,2002.0393884470325,0.5432461000000001,0.5484466200000001,0.0,10.40104000000001,9.309347279999201,9458.504996375452,9467.814343655451,0.11486933721728218,2.0,9451.277372211332,0.0,0.0,2022-08-14 00:00:00+00:00,2022-08-13 00:00:00+00:00,2022-08-14 00:01:00+00:00,104.33,0.05460881784383699,1982.8,2022-08-14 00:02:00+00:00,2022-08-14 07:25:00+00:00,2022-08-14 07:26:00+00:00,target,0.20262895411166254,0.2312740687695368,"simulated minute opens; intrabar exits only known within minute, not actual exchange fills"
348,957.0,1378082.0,1378274.0,-1.0,0.593,1933.46,2011.19,2010.782310606387,1913.4365021014003,0.57327089,0.5963178349999999,0.0,-46.09389000000001,-47.263478724999004,9467.814343655451,9420.550864930452,0.12109888706978267,1.0,9420.550864930452,0.0,0.0,2022-08-15 00:00:00+00:00,2022-08-14 00:00:00+00:00,2022-08-15 00:01:00+00:00,105.65,0.05529973742165608,1934.55,2022-08-15 00:02:00+00:00,2022-08-15 03:14:00+00:00,2022-08-15 03:15:00+00:00,stop,-1.0307804354906946,0.25896145293084133,"simulated minute opens; intrabar exits only known within minute, not actual exchange fills"
349,958.0,1379522.0,1379706.0,-1.0,0.602,1896.8700000000001,1878.5,1972.7662095814583,1878.1206795026972,0.5709578700000001,0.5654285,0.0,11.058740000000071,9.922353629999634,9420.550864930452,9430.473218560452,0.12121538924554498,2.0,9409.868274685412,0.0,0.0,2022-08-16 00:00:00+00:00,2022-08-15 00:00:00+00:00,2022-08-16 00:01:00+00:00,104.62,0.054760610781388164,1898.56,2022-08-16 00:02:00+00:00,2022-08-16 03:06:00+00:00,2022-08-16 03:07:00+00:00,target,0.21716914574382262,0.24703895755399516,"simulated minute opens; intrabar exits only known within minute, not actual exchange fills"
350,959.0,1380962.0,1381321.0,-1.0,0.625,1875.0,1948.45,1948.0566731326096,1855.745586785898,0.5859375,0.608890625,0.0,-45.90625000000003,-47.10107812500064,9430.473218560452,9383.372140435451,0.1242647079145075,1.0,9383.372140435451,0.0,0.0,2022-08-17 00:00:00+00:00,2022-08-16 00:00:00+00:00,2022-08-17 00:01:00+00:00,103.83,0.05434710588254189,1875.78,2022-08-17 00:02:00+00:00,2022-08-17 06:01:00+00:00,2022-08-17 06:02:00+00:00,stop,-1.0315515581062304,0.2635544761140729,"simulated minute opens; intrabar exits only known within minute, not actual exchange fills"
351,960.0,1382402.0,1383839.0,-1.0,0.619,1834.15,1846.89,1907.6533415803267,1812.9559313836344,0.5676694250000001,0.5716124550000001,-0.14798872295557744,-7.886060000000006,-8.877353157044126,9383.372140435451,9374.494787278407,0.12099475892121153,3.0,9353.97424095673,0.0,0.0,2022-08-18 00:00:00+00:00,2022-08-17 00:00:00+00:00,2022-08-18 00:01:00+00:00,108.97,0.057037504844655584,1833.55,2022-08-18 00:02:00+00:00,2022-08-18 23:59:00+00:00,2022-08-18 23:59:00+00:00,scheduled_23_59_exit,-0.19511280160600597,0.2883415659845099,"simulated minute opens; intrabar exits only known within minute, not actual exchange fills"
352,961.0,1383842.0,1384238.0,1.0,0.5720000000000001,1845.79,1765.78,1766.1343704670162,1863.86650929355,0.52789594,0.5050130800000001,0.0,-45.76572,-46.79862902000059,9374.494787278407,9327.696158258406,0.11262386976125423,1.0,9308.369722283847,0.0,0.0,2022-08-19 00:00:00+00:00,2022-08-18 00:00:00+00:00,2022-08-19 00:01:00+00:00,106.75,0.05587550373650531,1845.86,2022-08-19 00:02:00+00:00,2022-08-19 06:38:00+00:00,2022-08-19 06:39:00+00:00,stop,-1.0271186792406528,0.2269332299491146,"simulated minute opens; intrabar exits only known within minute, not actual exchange fills"
353,962.0,1385282.0,1386406.0,-1.0,0.6970000000000001,1613.1000000000001,1589.05,1677.9506840528172,1588.7253897838011,0.5621653500000001,0.5537839250000001,0.03166949867476033,16.762850000000128,15.615231226325704,9327.696158258406,9343.311389484732,0.12053680575825343,2.0,9297.372092908407,0.0,0.0,2022-08-20 00:00:00+00:00,2022-08-19 00:00:00+00:00,2022-08-20 00:01:00+00:00,117.32,0.06140809459828388,1608.29,2022-08-20 00:02:00+00:00,2022-08-20 18:46:00+00:00,2022-08-20 18:47:00+00:00,target,0.34546263400006366,0.37585741110066506,"simulated minute opens; intrabar exits only known within minute, not actual exchange fills"
354,963.0,1386722.0,1387453.0,-1.0,0.706,1575.42,1639.89,1639.554869654676,1556.5857595204986,0.55612326,0.5788811700000001,-0.0213912865968,-45.51582000000002,-46.62943314340373,9343.311389484732,9296.681956341328,0.11904200487760244,1.0,9296.681956341328,0.0,0.0,2022-08-21 00:00:00+00:00,2022-08-20 00:00:00+00:00,2022-08-21 00:01:00+00:00,111.74,0.05848738911023048,1574.93,2022-08-21 00:02:00+00:00,2022-08-21 12:13:00+00:00,2022-08-21 12:14:00+00:00,stop,-1.0298197545706784,0.29366615354348485,"simulated minute opens; intrabar exits only known within minute, not actual exchange fills"
355,964.0,1388162.0,1388230.0,-1.0,0.645,1615.27,1598.4,1685.3111676734652,1598.0800150690422,0.520924575,0.515484,0.0,10.88114999999993,9.844741425000393,9296.681956341328,9306.526697766329,0.11206677338137268,2.0,9292.32973176633,0.0,0.0,2022-08-22 00:00:00+00:00,2022-08-21 00:00:00+00:00,2022-08-22 00:01:00+00:00,114.19,0.059769777720576504,1617.17,2022-08-22 00:02:00+00:00,2022-08-22 01:10:00+00:00,2022-08-22 01:11:00+00:00,target,0.21791705516901297,0.24542687539274252,"simulated minute opens; intrabar exits only known within minute, not actual exchange fills"
356,965.0,1389602.0,1389918.0,-1.0,0.651,1622.8700000000001,1605.17,1692.3272630736835,1604.8405853067572,0.528244185,0.522482835,0.0,11.52270000000003,10.471972979999919,9306.526697766329,9316.998670746329,0.11352123131539171,2.0,9296.116273581329,0.0,0.0,2022-08-23 00:00:00+00:00,2022-08-22 00:00:00+00:00,2022-08-23 00:01:00+00:00,114.19,0.059769777720576504,1624.02,2022-08-23 00:02:00+00:00,2022-08-23 05:18:00+00:00,2022-08-23 05:19:00+00:00,target,0.2315953622148218,0.2595756569635698,"simulated minute opens; intrabar exits only known within minute, not actual exchange fills"
357,966.0,1391042.0,1391075.0,-1.0,0.645,1661.45,1645.3,1731.5564738240544,1644.9629696967022,0.5358176250000001,0.53060925,0.0,10.416750000000059,9.350323125001523,9316.998670746329,9326.34899387133,0.11501936276590215,2.0,9314.379503121329,0.0,0.0,2022-08-24 00:00:00+00:00,2022-08-23 00:00:00+00:00,2022-08-24 00:01:00+00:00,111.38,0.058298956498098,1664.19,2022-08-24 00:02:00+00:00,2022-08-24 00:35:00+00:00,2022-08-24 00:36:00+00:00,target,0.20678011899991477,0.2351712959444404,"simulated minute opens; intrabar exits only known within minute, not actual exchange fills"
358,967.0,1392482.0,1393919.0,-1.0,0.6880000000000001,1656.58,1694.44,1722.2379657536978,1636.6495315917443,0.56986352,0.5828873600000001,-0.009512478644800006,-26.04768000000009,-27.190918401354793,9326.34899387133,9299.158075469975,0.12220506017402463,3.0,9281.077369210416,0.0,0.0,2022-08-25 00:00:00+00:00,2022-08-24 00:00:00+00:00,2022-08-25 00:01:00+00:00,110.74,0.057963965187640264,1655.71,2022-08-25 00:02:00+00:00,2022-08-25 23:59:00+00:00,2022-08-25 23:59:00+00:00,scheduled_23_59_exit,-0.6019328084448536,0.3035498919205107,"simulated minute opens; intrabar exits only known within minute, not actual exchange fills"
359,968.0,1393922.0,1393972.0,-1.0,0.633,1691.68,1674.8700000000001,1762.9904195441445,1674.5292868429904,0.5354167200000001,0.5300963550000001,0.0,10.640729999999966,9.57521692499904,9299.158075469975,9308.733292394974,0.11515380546382213,2.0,9297.995988749975,0.0,0.0,2022-08-26 00:00:00+00:00,2022-08-25 00:00:00+00:00,2022-08-26 00:01:00+00:00,111.8,0.05851879454558589,1694.16,2022-08-26 00:02:00+00:00,2022-08-26 00:52:00+00:00,2022-08-26 00:53:00+00:00,target,0.21212503161104443,0.24050781451920386,"simulated minute opens; intrabar exits only known within minute, not actual exchange fills"
360,969.0,1395362.0,1395512.0,-1.0,0.6930000000000001,1502.97,1489.84,1568.2103041952787,1489.5327403537344,0.5207791050000001,0.51622956,0.0,9.099090000000077,8.062081334999675,9308.733292394974,9316.795373729974,0.11189043420665298,2.0,9298.267963289974,0.0,0.0,2022-08-27 00:00:00+00:00,2022-08-26 00:00:00+00:00,2022-08-27 00:01:00+00:00,112.06,0.05865488476545935,1507.23,2022-08-27 00:02:00+00:00,2022-08-27 02:32:00+00:00,2022-08-27 02:33:00+00:00,target,0.1783191409589018,0.2059656191369818,"simulated minute opens; intrabar exits only known within minute, not actual exchange fills"
361,970.0,1396802.0,1397572.0,-1.0,0.724,1487.44,1472.84,1549.8951867294468,1472.5425575918857,0.5384532799999999,0.5331680799999999,0.29112473241599995,10.570400000000099,9.207653907584245,9316.795373729974,9326.003027637558,0.1155876582882233,2.0,9300.486386489694,0.0,0.0,2022-08-28 00:00:00+00:00,2022-08-27 00:00:00+00:00,2022-08-28 00:01:00+00:00,111.92,0.05858160541629672,1490.0,2022-08-28 00:02:00+00:00,2022-08-28 12:52:00+00:00,2022-08-28 12:53:00+00:00,target,0.2036300695263809,0.23853010755775067,"simulated minute opens; intrabar exits only known within minute, not actual exchange fills"
362,971.0,1398242.0,1398989.0,-1.0,0.8290000000000001,1431.69,1486.43,1486.1273758304362,1408.7307743544786,0.5934355050000001,0.616125235,0.20550865316900002,-45.37946000000001,-46.79452939316798,9326.003027637558,9279.20849824439,0.127264703483659,1.0,9279.20849824439,0.0,0.0,2022-08-29 00:00:00+00:00,2022-08-28 00:00:00+00:00,2022-08-29 00:01:00+00:00,117.48,0.061491842425898315,1426.3,2022-08-29 00:02:00+00:00,2022-08-29 12:29:00+00:00,2022-08-29 12:30:00+00:00,stop,-1.0369155125482559,0.42175482001622916,"simulated minute opens; intrabar exits only known within minute, not actual exchange fills"
363,972.0,1399682.0,1399772.0,-1.0,0.685,1547.88,1532.77,1613.687171752771,1532.4564581339187,0.5301489,0.5249737250000001,0.0,10.350350000000088,9.29522737500156,9279.20849824439,9288.503725619392,0.11426597432319863,2.0,9277.914965876691,0.0,0.0,2022-08-30 00:00:00+00:00,2022-08-29 00:00:00+00:00,2022-08-30 00:01:00+00:00,112.91,0.05909979509966103,1550.67,2022-08-30 00:02:00+00:00,2022-08-30 01:32:00+00:00,2022-08-30 01:33:00+00:00,target,0.20620358904013975,0.23437478705247666,"simulated minute opens; intrabar exits only known within minute, not actual exchange fills"
364,973.0,1401122.0,1401218.0,-1.0,0.739,1525.29,1586.55,1586.2305426588607,1505.436196557274,0.563594655,0.586230225,0.0,-45.271139999999995,-46.42096487999879,9288.503725619392,9242.082760739393,0.12135316336160858,1.0,9242.082760739393,0.0,0.0,2022-08-31 00:00:00+00:00,2022-08-30 00:00:00+00:00,2022-08-31 00:01:00+00:00,114.33,0.059843057069739136,1523.48,2022-08-31 00:02:00+00:00,2022-08-31 01:38:00+00:00,2022-08-31 01:39:00+00:00,stop,-1.030773886468911,0.32578973826776936,"simulated minute opens; intrabar exits only known within minute, not actual exchange fills"
365,974.0,1402562.0,1402603.0,-1.0,0.687,1552.66,1534.8400000000001,1617.9421071266338,1534.5306323970974,0.5333387100000001,0.5272175400000001,0.0,12.242339999999958,11.18178375000025,9242.082760739393,9253.264544489393,0.11541526381166738,2.0,9232.437955009284,0.0,0.0,2022-09-01 00:00:00+00:00,2022-08-31 00:00:00+00:00,2022-09-01 00:01:00+00:00,115.45,0.06042929186304018,1553.04,2022-09-01 00:02:00+00:00,2022-09-01 00:43:00+00:00,2022-09-01 00:44:00+00:00,target,0.24932176236940115,0.27770806428988987,"simulated minute opens; intrabar exits only known within minute, not actual exchange fills"
366,975.0,1404002.0,1405162.0,-1.0,0.635,1580.63,1566.93,1651.4555335710402,1566.6088681290023,0.501850025,0.49750027500000005,-0.014190038821526765,8.699500000000029,7.714339738820854,9253.264544489393,9260.978884228214,0.10846983193598789,2.0,9210.409744352453,0.0,0.0,2022-09-02 00:00:00+00:00,2022-09-01 00:00:00+00:00,2022-09-02 00:01:00+00:00,114.94,0.060162345662519164,1585.4,2022-09-02 00:02:00+00:00,2022-09-02 19:22:00+00:00,2022-09-02 19:23:00+00:00,target,0.17152806206031262,0.1979671901367916,"simulated minute opens; intrabar exits only known within minute, not actual exchange fills"
367,976.0,1405442.0,1405630.0,-1.0,0.6950000000000001,1573.39,1556.7,1638.0029236690714,1556.3868237608956,0.5467530250000001,0.54095325,0.0,11.59955000000004,10.51184372499847,9260.978884228214,9271.490727953213,0.11807672425020653,2.0,9255.250839490163,0.0,0.0,2022-09-03 00:00:00+00:00,2022-09-02 00:00:00+00:00,2022-09-03 00:01:00+00:00,111.4,0.05830942497654981,1574.49,2022-09-03 00:02:00+00:00,2022-09-03 03:10:00+00:00,2022-09-03 03:11:00+00:00,target,0.2340855999252324,0.26315441669517786,"simulated minute opens; intrabar exits only known within minute, not actual exchange fills"
368,977.0,1406882.0,1408319.0,-1.0,0.6910000000000001,1554.21,1577.38,1619.3318740877767,1538.1772057402866,0.536979555,0.5449847900000001,0.14678443136627362,-16.01047000000005,-17.239218776365306,9271.490727953213,9254.251509176847,0.11583456657752476,3.0,9251.90835404761,0.0,0.0,2022-09-04 00:00:00+00:00,2022-09-03 00:00:00+00:00,2022-09-04 00:01:00+00:00,113.28,0.059293461951019415,1556.41,2022-09-04 00:02:00+00:00,2022-09-04 23:59:00+00:00,2022-09-04 23:59:00+00:00,scheduled_23_59_exit,-0.3831004336056416,0.2461967577607354,"simulated minute opens; intrabar exits only known within minute, not actual exchange fills"
369,978.0,1408322.0,1408644.0,-1.0,0.727,1579.48,1560.3600000000001,1641.0935883591926,1560.0387625974565,0.57414098,0.5671908600000001,0.0,13.90023999999992,12.758908159999919,9254.251509176847,9267.010417336847,0.12408155957954271,2.0,9245.811228196848,0.0,0.0,2022-09-05 00:00:00+00:00,2022-09-04 00:00:00+00:00,2022-09-05 00:01:00+00:00,111.56,0.05839317280416424,1578.14,2022-09-05 00:02:00+00:00,2022-09-05 05:24:00+00:00,2022-09-05 05:25:00+00:00,target,0.28484106294356837,0.3155348993667711,"simulated minute opens; intrabar exits only known within minute, not actual exchange fills"
370,979.0,1409762.0,1410490.0,-1.0,0.678,1614.16,1680.83,1680.4852807166633,1598.910491110709,0.5472002400000001,0.5698013700000001,0.14943416578600469,-45.202259999999896,-46.46869577578582,9267.010417336847,9220.541721561061,0.1180963903906465,1.0,9220.541721561061,0.0,0.0,2022-09-06 00:00:00+00:00,2022-09-05 00:00:00+00:00,2022-09-06 00:01:00+00:00,109.75,0.05744577550427595,1616.92,2022-09-06 00:02:00+00:00,2022-09-06 12:10:00+00:00,2022-09-06 12:11:00+00:00,stop,-1.0333601099572318,0.22992000523052233,"simulated minute opens; intrabar exits only known within minute, not actual exchange fills"
371,980.0,1411202.0,1411219.0,-1.0,0.685,1555.6100000000001,1540.8700000000001,1620.9602937837365,1540.5602618259168,0.5327964250000001,0.5277479750000001,0.0,10.096900000000007,9.036355600001116,9220.541721561061,9229.578077161063,0.11556727166130025,2.0,9212.336925136062,0.0,0.0,2022-09-07 00:00:00+00:00,2022-09-06 00:00:00+00:00,2022-09-07 00:01:00+00:00,112.06,0.05865488476545935,1558.23,2022-09-07 00:02:00+00:00,2022-09-07 00:19:00+00:00,2022-09-07 00:20:00+00:00,target,0.20186229068314684,0.23029335145588548,"simulated minute opens; intrabar exits only known within minute, not actual exchange fills"
372,981.0,1412642.0,1413080.0,-1.0,0.708,1632.15,1611.18,1695.3043462960838,1610.8542436888877,0.5777811,0.57035772,0.0,14.84676000000002,13.698621179999463,9229.578077161063,9243.276698341062,0.12520206127942968,2.0,9219.038736061062,0.0,0.0,2022-09-08 00:00:00+00:00,2022-09-07 00:00:00+00:00,2022-09-08 00:01:00+00:00,112.16,0.05870722715771837,1629.35,2022-09-08 00:02:00+00:00,2022-09-08 07:20:00+00:00,2022-09-08 07:21:00+00:00,target,0.3063658502502629,0.33720175348300596,"simulated minute opens; intrabar exits only known within minute, not actual exchange fills"
373,982.0,1414082.0,1414376.0,-1.0,0.633,1631.25,1702.56,1702.209926515838,1615.3864094953185,0.516290625,0.53886024,0.0,-45.13922999999997,-46.19438086500122,9243.276698341062,9197.08231747606,0.11171160224872664,1.0,9196.901110414421,0.0,0.0,2022-09-09 00:00:00+00:00,2022-09-08 00:00:00+00:00,2022-09-09 00:01:00+00:00,114.9,0.06014140870561556,1634.22,2022-09-09 00:02:00+00:00,2022-09-09 04:56:00+00:00,2022-09-09 04:57:00+00:00,stop,-1.0284241907115508,0.22355703118070136,"simulated minute opens; intrabar exits only known within minute, not actual exchange fills"
374,983.0,1415522.0,1416884.0,-1.0,0.602,1713.63,1788.19,1787.825061042142,1698.0523172412004,0.51580263,0.53824519,0.35610235171140003,-44.885119999999965,-46.29527017170949,9197.08231747606,9150.787047304351,0.11216657896382748,1.0,9150.787047304351,0.0,0.0,2022-09-10 00:00:00+00:00,2022-09-09 00:00:00+00:00,2022-09-10 00:01:00+00:00,113.11,0.059204479884179075,1717.48,2022-09-10 00:02:00+00:00,2022-09-10 22:44:00+00:00,2022-09-10 22:45:00+00:00,stop,-1.0364900448294974,0.2099557913963006,"simulated minute opens; intrabar exits only known within minute, not actual exchange fills"
375,984.0,1416962.0,1417350.0,-1.0,0.626,1774.88,1753.3700000000001,1845.7730144121974,1753.009450479742,0.55553744,0.5488048100000001,0.0,13.465259999999994,12.360917750000226,9150.787047304351,9163.147965054352,0.12141850468778002,2.0,9148.121152104572,0.0,0.0,2022-09-11 00:00:00+00:00,2022-09-10 00:00:00+00:00,2022-09-11 00:01:00+00:00,113.35,0.05933010162560073,1773.05,2022-09-11 00:02:00+00:00,2022-09-11 06:30:00+00:00,2022-09-11 06:31:00+00:00,target,0.27853061636215365,0.30850076980920604,"simulated minute opens; intrabar exits only known within minute, not actual exchange fills"
376,985.0,1418402.0,1418451.0,-1.0,0.5680000000000001,1759.94,1745.04,1838.3383008579156,1744.6896706015555,0.4998229600000001,0.4955913600000001,0.0,8.463200000000052,7.467785679998997,9163.147965054352,9170.61575073435,0.1090941588864838,2.0,9160.858942094352,0.0,0.0,2022-09-12 00:00:00+00:00,2022-09-11 00:00:00+00:00,2022-09-12 00:01:00+00:00,115.45,0.06042929186304018,1765.01,2022-09-12 00:02:00+00:00,2022-09-12 00:51:00+00:00,2022-09-12 00:52:00+00:00,target,0.16770146618133996,0.19452372349348995,"simulated minute opens; intrabar exits only known within minute, not actual exchange fills"
377,986.0,1419842.0,1419862.0,-1.0,0.619,1713.5,1696.02,1785.4203037836437,1695.6731604663687,0.5303282500000001,0.52491819,0.0,10.820120000000012,9.764873559999614,9170.61575073435,9180.38062429435,0.11565815522420797,2.0,9168.129382484349,0.0,0.0,2022-09-13 00:00:00+00:00,2022-09-12 00:00:00+00:00,2022-09-13 00:01:00+00:00,115.1,0.0602460934901336,1715.14,2022-09-13 00:02:00+00:00,2022-09-13 00:22:00+00:00,2022-09-13 00:23:00+00:00,target,0.21934334492601268,0.24786935810587504,"simulated minute opens; intrabar exits only known within minute, not actual exchange fills"
378,987.0,1421282.0,1421301.0,-1.0,0.644,1566.64,1554.13,1635.937231241528,1553.813384727898,0.50445808,0.5004298600000001,0.0,8.056439999999995,7.051552060000176,9180.38062429435,9187.43217635435,0.1098991644562178,2.0,9173.89602618023,0.0,0.0,2022-09-14 00:00:00+00:00,2022-09-13 00:00:00+00:00,2022-09-14 00:01:00+00:00,115.61,0.06051303969065461,1571.9,2022-09-14 00:02:00+00:00,2022-09-14 00:21:00+00:00,2022-09-14 00:22:00+00:00,target,0.158009415438787,0.18509563863231926,"simulated minute opens; intrabar exits only known within minute, not actual exchange fills"
379,988.0,1422722.0,1422752.0,-1.0,0.641,1632.57,1616.8500000000001,1702.1393276130314,1616.518251870469,0.523238685,0.5182004250000001,0.0,10.076519999999872,9.035080890000245,9187.43217635435,9196.46725724435,0.11390313962733938,2.0,9181.31386879516,0.0,0.0,2022-09-15 00:00:00+00:00,2022-09-14 00:00:00+00:00,2022-09-15 00:01:00+00:00,116.01,0.060722409259690704,1635.39,2022-09-15 00:02:00+00:00,2022-09-15 00:32:00+00:00,2022-09-15 00:33:00+00:00,target,0.2026078227807985,0.23073024679520207,"simulated minute opens; intrabar exits only known within minute, not actual exchange fills"
380,989.0,1424162.0,1424175.0,-1.0,0.881,1474.81,1457.1000000000001,1525.1756767740274,1456.806384895407,0.649653805,0.6418525500000001,0.0,15.602509999999832,14.3110036449998,9196.46725724435,9210.77826088935,0.14128333996693068,2.0,9194.130470158601,0.0,0.0,2022-09-16 00:00:00+00:00,2022-09-15 00:00:00+00:00,2022-09-16 00:01:00+00:00,103.25,0.05404352000743957,1471.93,2022-09-16 00:02:00+00:00,2022-09-16 00:15:00+00:00,2022-09-16 00:16:00+00:00,target,0.3225221230100994,0.3574580201784759,"simulated minute opens; intrabar exits only known within minute, not actual exchange fills"
381,990.0,1425602.0,1426237.0,-1.0,0.835,1429.95,1419.42,1483.2987305661745,1419.131812331113,0.5970041250000001,0.59260785,-0.09460815931886886,8.792549999999977,7.697546184319435,9210.77826088935,9218.47580707367,0.12963163547970508,2.0,9188.61320676435,0.0,0.0,2022-09-17 00:00:00+00:00,2022-09-16 00:00:00+00:00,2022-09-17 00:01:00+00:00,100.95,0.05283964498548208,1433.58,2022-09-17 00:02:00+00:00,2022-09-17 10:37:00+00:00,2022-09-17 10:38:00+00:00,target,0.17279920416060882,0.20278247587293616,"simulated minute opens; intrabar exits only known within minute, not actual exchange fills"
382,991.0,1427042.0,1427049.0,-1.0,0.853,1463.75,1454.27,1515.9649777592758,1453.9740973049481,0.6242893749999999,0.6202461549999999,0.0,8.086440000000016,6.841904470000372,9218.47580707367,9225.31771154367,0.13544307932575148,2.0,9216.51230769867,0.0,0.0,2022-09-18 00:00:00+00:00,2022-09-17 00:00:00+00:00,2022-09-18 00:01:00+00:00,95.52,0.04999745308581721,1467.96,2022-09-18 00:02:00+00:00,2022-09-18 00:09:00+00:00,2022-09-18 00:10:00+00:00,target,0.1536147355454065,0.18722410914587043,"simulated minute opens; intrabar exits only known within minute, not actual exchange fills"
383,992.0,1428482.0,1428616.0,-1.0,1.04,1338.03,1320.05,1380.721980016825,1319.7825536514658,0.6957756,0.6864260000000001,0.0,18.69920000000002,17.316998400001467,9225.31771154367,9242.634709943672,0.1508404635494285,2.0,9208.955242345271,0.0,0.0,2022-09-19 00:00:00+00:00,2022-09-18 00:00:00+00:00,2022-09-19 00:01:00+00:00,103.33,0.054085393921246776,1333.67,2022-09-19 00:02:00+00:00,2022-09-19 02:16:00+00:00,2022-09-19 02:17:00+00:00,target,0.3900254800419006,0.42742094279400417,"simulated minute opens; intrabar exits only known within minute, not actual exchange fills"
384,993.0,1429922.0,1429991.0,-1.0,1.04,1376.96,1362.25,1419.665819327286,1361.969267072043,0.7160192000000001,0.70837,0.0,15.298400000000038,13.874010800000178,9242.634709943672,9256.508720743672,0.1549383314326319,2.0,9234.546871057273,0.0,0.0,2022-09-20 00:00:00+00:00,2022-09-19 00:00:00+00:00,2022-09-20 00:01:00+00:00,94.69,0.04956301123006734,1375.05,2022-09-20 00:02:00+00:00,2022-09-20 01:11:00+00:00,2022-09-20 01:12:00+00:00,target,0.31237885632782136,0.35102318990936554,"simulated minute opens; intrabar exits only known within minute, not actual exchange fills"
385,994.0,1431362.0,1432414.0,-1.0,0.882,1316.65,1367.72,1367.4462373765173,1308.9132695665974,0.58064265,0.6031645200000001,0.11746821761257698,-45.04373999999994,-46.345015387612875,9256.508720743672,9210.163705356059,0.12545608015229115,1.0,9205.220615092197,0.0,0.0,2022-09-21 00:00:00+00:00,2022-09-20 00:00:00+00:00,2022-09-21 00:01:00+00:00,99.96,0.052321455302117764,1322.08,2022-09-21 00:02:00+00:00,2022-09-21 17:34:00+00:00,2022-09-21 17:35:00+00:00,stop,-1.034434273757596,0.15230912431674268,"simulated minute opens; intrabar exits only known within minute, not actual exchange fills"
386,995.0,1432802.0,1433308.0,-1.0,1.096,1248.17,1288.89,1288.6273347888111,1231.278947838614,0.6839971600000001,0.7063117200000002,0.32817821552916215,-44.629120000000036,-46.34760709552938,9210.163705356059,9163.81609826053,0.1485309451344996,1.0,9163.81609826053,0.0,0.0,2022-09-22 00:00:00+00:00,2022-09-21 00:00:00+00:00,2022-09-22 00:01:00+00:00,103.3,0.054069691203569074,1244.19,2022-09-22 00:02:00+00:00,2022-09-22 08:28:00+00:00,2022-09-22 08:29:00+00:00,stop,-1.045248356055771,0.4175028397089952,"simulated minute opens; intrabar exits only known within minute, not actual exchange fills"
387,996.0,1434242.0,1434766.0,-1.0,0.9500000000000001,1325.47,1312.76,1372.063059663057,1312.4950127256695,0.62959825,0.623561,0.06019280759500001,12.074500000000036,10.761147942404932,9163.81609826053,9174.577246202934,0.13740962133002865,2.0,9132.56412867503,0.0,0.0,2022-09-23 00:00:00+00:00,2022-09-22 00:00:00+00:00,2022-09-23 00:01:00+00:00,100.03,0.05235809497669908,1325.73,2022-09-23 00:02:00+00:00,2022-09-23 08:46:00+00:00,2022-09-23 08:47:00+00:00,target,0.2431161257023304,0.2784746777344223,"simulated minute opens; intrabar exits only known within minute, not actual exchange fills"
388,997.0,1435682.0,1435718.0,-1.0,0.966,1327.3500000000001,1313.56,1373.1862548692106,1313.2886529254883,0.64111005,0.63444948,0.0,13.321140000000185,12.04558046999955,9174.577246202934,9186.622826672934,0.13975794912301492,2.0,9171.733656152934,0.0,0.0,2022-09-24 00:00:00+00:00,2022-09-23 00:00:00+00:00,2022-09-24 00:01:00+00:00,100.74,0.052729725961738125,1326.62,2022-09-24 00:02:00+00:00,2022-09-24 00:38:00+00:00,2022-09-24 00:39:00+00:00,target,0.27204545911484745,0.3067734725412129,"simulated minute opens; intrabar exits only known within minute, not actual exchange fills"
389,998.0,1437122.0,1437939.0,-1.0,1.051,1317.96,1303.8,1360.0412448348504,1303.5315510128428,0.69258798,0.6851469,0.0600909433608443,14.882160000000086,13.444334176638222,9186.622826672934,9200.067160849572,0.150781847272341,2.0,9167.001728692934,0.0,0.0,2022-09-25 00:00:00+00:00,2022-09-24 00:00:00+00:00,2022-09-25 00:01:00+00:00,96.26,0.050384786788533975,1316.19,2022-09-25 00:02:00+00:00,2022-09-25 13:39:00+00:00,2022-09-25 13:40:00+00:00,target,0.30398209541404386,0.3428712492651371,"simulated minute opens; intrabar exits only known within minute, not actual exchange fills"
390,999.0,1438562.0,1438957.0,-1.0,0.983,1292.58,1281.45,1337.7361139810052,1281.1892387490457,0.63530307,0.629832675,0.0,10.940789999999884,9.675654255001064,9200.067160849572,9209.742815104573,0.13810835483973433,2.0,9178.553000072283,0.0,0.0,2022-09-26 00:00:00+00:00,2022-09-25 00:00:00+00:00,2022-09-26 00:01:00+00:00,98.6,0.05160959876739507,1293.99,2022-09-26 00:02:00+00:00,2022-09-26 06:37:00+00:00,2022-09-26 06:38:00+00:00,target,0.21797679499483683,0.25225291210279344,"simulated minute opens; intrabar exits only known within minute, not actual exchange fills"
391,1000.0,1440002.0,1440191.0,-1.0,0.925,1332.69,1381.07,1380.785780414935,1322.094907046468,0.6163691250000001,0.638744875,0.0,-44.75149999999989,-46.0066139999999,9209.742815104573,9163.736201104573,0.13385153904387315,1.0,9162.598698412574,0.0,0.0,2022-09-27 00:00:00+00:00,2022-09-26 00:00:00+00:00,2022-09-27 00:01:00+00:00,98.97,0.05180326561875345,1335.25,2022-09-27 00:02:00+00:00,2022-09-27 03:11:00+00:00,2022-09-27 03:12:00+00:00,stop,-1.0341214878084248,0.22029152790796483,"simulated minute opens; intrabar exits only known within minute, not actual exchange fills"
392,1001.0,1441442.0,1441529.0,-1.0,1.028,1329.49,1314.44,1372.4217017540234,1314.1768693871238,0.6833578600000001,0.67562216,0.0,15.471399999999953,14.112419979999686,9163.736201104573,9177.848621084573,0.14914393976501197,2.0,9152.686136574293,0.0,0.0,2022-09-28 00:00:00+00:00,2022-09-27 00:00:00+00:00,2022-09-28 00:01:00+00:00,98.65,0.051635769963524585,1327.19,2022-09-28 00:02:00+00:00,2022-09-28 01:29:00+00:00,2022-09-28 01:30:00+00:00,target,0.31976451990313104,0.356685851881963,"simulated minute opens; intrabar exits only known within minute, not actual exchange fills"
393,1002.0,1442882.0,1443254.0,-1.0,0.999,1338.52,1323.26,1382.7974382502389,1322.9860908181438,0.66859074,0.6609683700000001,0.0,15.244739999999991,13.915180889998737,9177.848621084573,9191.763801974572,0.14569661531876316,2.0,9164.094851651542,0.0,0.0,2022-09-29 00:00:00+00:00,2022-09-28 00:00:00+00:00,2022-09-29 00:01:00+00:00,100.48,0.05259363574186468,1336.43,2022-09-29 00:02:00+00:00,2022-09-29 06:14:00+00:00,2022-09-29 06:15:00+00:00,target,0.314587079796189,0.35083125392360237,"simulated minute opens; intrabar exits only known within minute, not actual exchange fills"
394,1003.0,1444322.0,1444501.0,-1.0,0.963,1334.74,1321.72,1380.796360191949,1321.4479173505058,0.6426773100000001,0.63640818,0.0,12.538259999999982,11.259174509999866,9191.763801974572,9203.022976484572,0.13983764679896155,2.0,9174.625323312113,0.0,0.0,2022-09-30 00:00:00+00:00,2022-09-29 00:00:00+00:00,2022-09-30 00:01:00+00:00,99.87,0.052274347149084646,1334.8,2022-09-30 00:02:00+00:00,2022-09-30 03:01:00+00:00,2022-09-30 03:02:00+00:00,target,0.2538578808935861,0.2886047137484779,"simulated minute opens; intrabar exits only known within minute, not actual exchange fills"
395,1004.0,1445762.0,1446740.0,-1.0,1.0230000000000001,1327.1200000000001,1315.6000000000001,1370.4521300913216,1315.3329311735813,0.6788218800000002,0.6729294000000001,-0.1623809405394971,11.784959999999982,10.595589660541009,9203.022976484572,9213.618566145113,0.1475215006491923,2.0,9196.257304604573,0.0,0.0,2022-10-01 00:00:00+00:00,2022-09-30 00:00:00+00:00,2022-10-01 00:01:00+00:00,93.41,0.04889302860915186,1327.78,2022-10-01 00:02:00+00:00,2022-10-01 16:20:00+00:00,2022-10-01 16:21:00+00:00,target,0.23902287114269463,0.27201683373464086,"simulated minute opens; intrabar exits only known within minute, not actual exchange fills"
396,1005.0,1447202.0,1447815.0,-1.0,1.0090000000000001,1310.0,1299.08,1354.0371825322773,1298.8198852265014,0.6608950000000001,0.6553858600000001,-0.05811707230894877,11.018280000000075,9.760116212308276,9213.618566145113,9223.378682357421,0.14346046458411443,2.0,9205.743321145112,0.0,0.0,2022-10-02 00:00:00+00:00,2022-10-01 00:00:00+00:00,2022-10-02 00:01:00+00:00,95.09,0.04977238079910343,1311.31,2022-10-02 00:02:00+00:00,2022-10-02 10:15:00+00:00,2022-10-02 10:16:00+00:00,target,0.2196566203358038,0.2538789752342609,"simulated minute opens; intrabar exits only known within minute, not actual exchange fills"
397,1006.0,1448642.0,1448647.0,-1.0,0.977,1272.34,1263.78,1317.9579569192963,1263.5214403955852,0.6215380899999999,0.61735653,0.0,8.363119999999947,7.124225380001008,9223.378682357421,9230.502907737422,0.1347744923861545,2.0,9221.611726076422,0.0,0.0,2022-10-03 00:00:00+00:00,2022-10-02 00:00:00+00:00,2022-10-03 00:01:00+00:00,96.97,0.05075641777357302,1275.96,2022-10-03 00:02:00+00:00,2022-10-03 00:07:00+00:00,2022-10-03 00:08:00+00:00,target,0.15984801802722876,0.19331333974504483,"simulated minute opens; intrabar exits only known within minute, not actual exchange fills"
398,1007.0,1450082.0,1450921.0,-1.0,1.078,1321.32,1362.78,1362.500072924468,1310.7739042241394,0.71219148,0.7345384200000001,-0.14548765419804002,-44.69388000000004,-45.99512224580212,9230.502907737422,9184.50778549162,0.15431260617512163,1.0,9184.50110658092,0.0,0.0,2022-10-04 00:00:00+00:00,2022-10-03 00:00:00+00:00,2022-10-04 00:01:00+00:00,88.82,0.04649051280446278,1322.59,2022-10-04 00:02:00+00:00,2022-10-04 14:01:00+00:00,2022-10-04 14:02:00+00:00,stop,-1.03611009529001,0.2560970641116647,"simulated minute opens; intrabar exits only known within minute, not actual exchange fills"
399,1008.0,1451522.0,1451789.0,-1.0,1.082,1361.05,1348.81,1401.8074053423684,1348.536296946019,0.7363280500000001,0.72970621,0.0,13.24368000000001,11.77764574000139,9184.50778549162,9196.285431231621,0.16034131979574268,2.0,9181.88877744162,0.0,0.0,2022-10-05 00:00:00+00:00,2022-10-04 00:00:00+00:00,2022-10-05 00:01:00+00:00,89.29,0.04673652204808019,1360.73,2022-10-05 00:02:00+00:00,2022-10-05 04:29:00+00:00,2022-10-05 04:30:00+00:00,target,0.26706974863991056,0.3070289423201464,"simulated minute opens; intrabar exits only known within minute, not actual exchange fills"
400,1009.0,1452962.0,1454399.0,-1.0,1.083,1351.43,1351.78,1392.19206073132,1339.5003884267562,0.731799345,0.7319888699999999,-0.059911559348113055,-0.37904999999990147,-1.7829266556509538,9196.285431231621,9194.50250457597,0.15915107256560937,3.0,9161.363321886622,0.0,0.0,2022-10-06 00:00:00+00:00,2022-10-05 00:00:00+00:00,2022-10-06 00:01:00+00:00,89.08,0.046626603024336244,1351.61,2022-10-06 00:02:00+00:00,2022-10-06 23:59:00+00:00,2022-10-06 23:59:00+00:00,scheduled_23_59_exit,-0.04038767842117771,0.29266458464592815,"simulated minute opens; intrabar exits only known within minute, not actual exchange fills"
401,1010.0,1454402.0,1455148.0,-1.0,1.1360000000000001,1351.41,1340.33,1390.1851095775673,1340.052495805972,0.76760088,0.7613074400000001,-0.050011323763933066,12.586880000000177,11.107983003761547,9194.50250457597,9205.610487579732,0.16696952980718124,2.0,9182.82162160957,0.0,0.0,2022-10-07 00:00:00+00:00,2022-10-06 00:00:00+00:00,2022-10-07 00:01:00+00:00,84.73,0.04434970896106881,1351.5,2022-10-07 00:02:00+00:00,2022-10-07 12:28:00+00:00,2022-10-07 12:29:00+00:00,target,0.25217605208945676,0.292907081830627,"simulated minute opens; intrabar exits only known within minute, not actual exchange fills"
402,1011.0,1455842.0,1456710.0,-1.0,1.194,1330.17,1319.74,1367.0698637016365,1319.4752455534092,0.79411149,0.78788478,-0.11103687917279999,12.453420000000076,10.98246060917154,9205.610487579732,9216.592948188903,0.1725277190625044,2.0,9196.852396089731,0.0,0.0,2022-10-08 00:00:00+00:00,2022-10-07 00:00:00+00:00,2022-10-08 00:01:00+00:00,82.02,0.042931230130849325,1330.41,2022-10-08 00:02:00+00:00,2022-10-08 14:30:00+00:00,2022-10-08 14:31:00+00:00,target,0.24927031670285127,0.2898318143683713,"simulated minute opens; intrabar exits only known within minute, not actual exchange fills"
403,1012.0,1457282.0,1458719.0,-1.0,1.174,1312.27,1322.78,1349.908003654507,1304.1140864381703,0.77030249,0.77647186,0.052327133584006966,-12.338739999999989,-13.937841483584634,9216.592948188903,9202.655106705319,0.1671555843531893,3.0,9197.085578596205,0.0,0.0,2022-10-09 00:00:00+00:00,2022-10-08 00:00:00+00:00,2022-10-09 00:01:00+00:00,80.4,0.04208328337625319,1314.74,2022-10-09 00:02:00+00:00,2022-10-09 23:59:00+00:00,2022-10-09 23:59:00+00:00,scheduled_23_59_exit,-0.3154284369867157,0.21669357484248739,"simulated minute opens; intrabar exits only known within minute, not actual exchange fills"
404,1013.0,1458722.0,1459134.0,-1.0,1.172,1321.17,1311.94,1358.7854111200468,1311.6737664491486,0.7742056199999999,0.76879684,0.0,10.81756000000002,9.274557540000387,9202.655106705319,9211.92966424532,0.16825701083503422,2.0,9182.437421085318,0.0,0.0,2022-10-10 00:00:00+00:00,2022-10-09 00:00:00+00:00,2022-10-10 00:01:00+00:00,82.41,0.04313536546065951,1322.61,2022-10-10 00:02:00+00:00,2022-10-10 06:54:00+00:00,2022-10-10 06:55:00+00:00,target,0.21037773519861785,0.2524559287826193,"simulated minute opens; intrabar exits only known within minute, not actual exchange fills"
405,1014.0,1460162.0,1460165.0,-1.0,1.051,1282.67,1279.07,1324.8917985364335,1278.8101432464057,0.674043085,0.6721512849999999,0.0,3.7836000000001433,2.437405630000285,9211.92966424532,9214.36706987532,0.14634134422805986,2.0,9208.302311160318,0.0,0.0,2022-10-11 00:00:00+00:00,2022-10-10 00:00:00+00:00,2022-10-11 00:01:00+00:00,82.87,0.04337614046505101,1289.56,2022-10-11 00:02:00+00:00,2022-10-11 00:05:00+00:00,2022-10-11 00:06:00+00:00,target,0.054927314335013015,0.09141857730820475,"simulated minute opens; intrabar exits only known within minute, not actual exchange fills"
406,1015.0,1461602.0,1463039.0,-1.0,1.217,1279.25,1294.48,1315.5287122994034,1268.719229697013,0.7784236250000001,0.7876910800000001,0.013808672779853003,-18.534910000000025,-20.114833377781906,9214.36706987532,9194.252236497538,0.16895867488173183,3.0,9181.130438259233,0.0,0.0,2022-10-12 00:00:00+00:00,2022-10-11 00:00:00+00:00,2022-10-12 00:01:00+00:00,85.07,0.044527673094749476,1279.68,2022-10-12 00:02:00+00:00,2022-10-12 23:59:00+00:00,2022-10-12 23:59:00+00:00,scheduled_23_59_exit,-0.455589805642384,0.29027409286410266,"simulated minute opens; intrabar exits only known within minute, not actual exchange fills"
407,1016.0,1463042.0,1463190.0,-1.0,1.1520000000000001,1291.97,1283.2,1330.2743892755748,1282.9418249252064,0.7441747200000001,0.7391232000000001,0.0,10.10303999999998,8.619742080001743,9194.252236497538,9202.87197857754,0.16187824759601904,2.0,9185.673264158338,0.0,0.0,2022-10-13 00:00:00+00:00,2022-10-12 00:00:00+00:00,2022-10-13 00:01:00+00:00,85.06,0.04452243885552358,1294.02,2022-10-13 00:02:00+00:00,2022-10-13 02:30:00+00:00,2022-10-13 02:31:00+00:00,target,0.19534092936896824,0.23569557550811818,"simulated minute opens; intrabar exits only known within minute, not actual exchange fills"
408,1017.0,1464482.0,1464578.0,-1.0,1.243,1286.03,1321.72,1321.4534437679004,1275.4164582589588,0.799267645,0.8214489800000001,0.0,-44.36267000000007,-45.983386624999184,9202.87197857754,9156.88859195254,0.17369961178652416,1.0,9155.78478084271,0.0,0.0,2022-10-14 00:00:00+00:00,2022-10-13 00:00:00+00:00,2022-10-14 00:01:00+00:00,83.6,0.043758239928541866,1286.38,2022-10-14 00:02:00+00:00,2022-10-14 01:38:00+00:00,2022-10-14 01:39:00+00:00,stop,-1.0443331044375204,0.2996191395332059,"simulated minute opens; intrabar exits only known within minute, not actual exchange fills"
409,1018.0,1465922.0,1466433.0,-1.0,1.301,1295.41,1285.09,1328.9940753165802,1284.824600681742,0.842664205,0.835951045,0.0092274007848,13.426320000000212,11.738477349214008,9156.88859195254,9168.627069301754,0.18405033468258397,2.0,9148.760327747541,0.0,0.0,2022-10-15 00:00:00+00:00,2022-10-14 00:00:00+00:00,2022-10-15 00:01:00+00:00,79.74,0.041737823587343646,1295.35,2022-10-15 00:02:00+00:00,2022-10-15 08:33:00+00:00,2022-10-15 08:34:00+00:00,target,0.26865880242784884,0.3151910308226434,"simulated minute opens; intrabar exits only known within minute, not actual exchange fills"
410,1019.0,1467362.0,1468558.0,-1.0,1.383,1275.32,1307.17,1306.9028331000566,1263.7506689668467,0.88188378,0.9039080550000002,0.011889608607659575,-44.04855000000019,-45.84623144360921,9168.627069301754,9122.780837858145,0.19236986592086588,1.0,9122.780837858145,0.0,0.0,2022-10-16 00:00:00+00:00,2022-10-15 00:00:00+00:00,2022-10-16 00:01:00+00:00,79.64,0.04168548119508462,1274.13,2022-10-16 00:02:00+00:00,2022-10-16 19:58:00+00:00,2022-10-16 19:59:00+00:00,stop,-1.0496158423890487,0.3663170747380649,"simulated minute opens; intrabar exits only known within minute, not actual exchange fills"
411,1020.0,1468802.0,1470239.0,-1.0,1.242,1304.15,1330.88,1339.2632047626755,1294.8897177362842,0.80987715,0.8264764800000001,-0.1511324468241666,-33.198660000000025,-34.68388118317671,9122.780837858145,9088.096956674968,0.1775505000929396,3.0,9080.50841699511,0.0,0.0,2022-10-17 00:00:00+00:00,2022-10-16 00:00:00+00:00,2022-10-17 00:01:00+00:00,79.8,0.04176922902269905,1305.51,2022-10-17 00:02:00+00:00,2022-10-17 23:59:00+00:00,2022-10-17 23:59:00+00:00,scheduled_23_59_exit,-0.795308501429959,0.2637264905412276,"simulated minute opens; intrabar exits only known within minute, not actual exchange fills"
412,1021.0,1470242.0,1470780.0,-1.0,1.449,1332.8,1320.9,1362.5242643866166,1320.6313723233568,0.9656136000000001,0.9569920500000001,-0.1126495990047988,17.243099999999803,15.43314394900517,9088.096956674968,9103.530100623973,0.21250072586225704,2.0,9075.43791307497,0.0,0.0,2022-10-18 00:00:00+00:00,2022-10-17 00:00:00+00:00,2022-10-18 00:01:00+00:00,74.0,0.03873337027167582,1330.62,2022-10-18 00:02:00+00:00,2022-10-18 09:00:00+00:00,2022-10-18 09:01:00+00:00,target,0.3583231818943887,0.4093836442297997,"simulated minute opens; intrabar exits only known within minute, not actual exchange fills"
413,1022.0,1471682.0,1471735.0,-1.0,1.3760000000000001,1310.74,1299.97,1342.199297455841,1299.701306029046,0.90178912,0.8943793600000002,0.0,14.819519999999976,13.023351519999778,9103.530100623973,9116.553452143973,0.19811855621550362,2.0,9099.862551503973,0.0,0.0,2022-10-19 00:00:00+00:00,2022-10-18 00:00:00+00:00,2022-10-19 00:01:00+00:00,76.82,0.04020942573338021,1309.93,2022-10-19 00:02:00+00:00,2022-10-19 00:55:00+00:00,2022-10-19 00:56:00+00:00,target,0.30085366697350013,0.35088812731590413,"simulated minute opens; intrabar exits only known within minute, not actual exchange fills"
414,1023.0,1473122.0,1473165.0,-1.0,1.327,1282.83,1274.76,1315.5962035902458,1274.4996351928019,0.851157705,0.8458032600000001,0.0,10.708889999999915,9.01192903500123,9116.553452143973,9125.565381178974,0.18672795798719968,2.0,9109.216044012983,0.0,0.0,2022-10-20 00:00:00+00:00,2022-10-19 00:00:00+00:00,2022-10-20 00:01:00+00:00,75.98,0.03976974963840444,1284.45,2022-10-20 00:02:00+00:00,2022-10-20 00:45:00+00:00,2022-10-20 00:46:00+00:00,target,0.20726249171028782,0.2542364965857056,"simulated minute opens; intrabar exits only known within minute, not actual exchange fills"
415,1024.0,1474562.0,1475119.0,-1.0,1.344,1281.04,1272.44,1313.4017985956255,1272.1816950524512,0.86085888,0.8550796800000001,-0.03346578523167009,11.558399999999878,9.875927225231862,9125.565381178974,9135.441308404206,0.18866970846003223,2.0,9110.174728488415,0.0,0.0,2022-10-21 00:00:00+00:00,2022-10-20 00:00:00+00:00,2022-10-21 00:01:00+00:00,76.62,0.040104740948862176,1282.2,2022-10-21 00:02:00+00:00,2022-10-21 09:19:00+00:00,2022-10-21 09:20:00+00:00,target,0.22706278565167928,0.27372721331830285,"simulated minute opens; intrabar exits only known within minute, not actual exchange fills"
416,1025.0,1476002.0,1477439.0,-1.0,1.41,1299.29,1313.51,1330.0908874432296,1289.1552578327598,0.9159994499999999,0.92602455,0.0836943234477246,-20.050200000000036,-21.97591832344915,9135.441308404206,9113.465390080757,0.20053753706617775,3.0,9106.312114630757,0.0,0.0,2022-10-22 00:00:00+00:00,2022-10-21 00:00:00+00:00,2022-10-22 00:01:00+00:00,75.03,0.03927249691194373,1299.08,2022-10-22 00:02:00+00:00,2022-10-22 23:59:00+00:00,2022-10-22 23:59:00+00:00,scheduled_23_59_exit,-0.5060165134829906,0.3290405896881991,"simulated minute opens; intrabar exits only known within minute, not actual exchange fills"
417,1026.0,1477442.0,1478106.0,-1.0,1.42,1313.29,1303.74,1343.7537905041715,1303.4732033214798,0.9324359,0.9256554,-0.04371416380799999,13.560999999999934,11.746622863807715,9113.465390080757,9125.212012944565,0.20462817602069971,2.0,9110.985154180757,0.0,0.0,2022-10-23 00:00:00+00:00,2022-10-22 00:00:00+00:00,2022-10-23 00:01:00+00:00,73.1,0.03826228874134462,1313.19,2022-10-23 00:02:00+00:00,2022-10-23 11:06:00+00:00,2022-10-23 11:07:00+00:00,target,0.27154433133549255,0.3222447540523858,"simulated minute opens; intrabar exits only known within minute, not actual exchange fills"
418,1027.0,1478882.0,1478958.0,-1.0,1.403,1364.56,1353.76,1395.4007696576732,1353.4839297510896,0.95723884,0.94966264,0.0,15.152399999999936,13.245498520000183,9125.212012944565,9138.457511464565,0.20980089857465434,2.0,9117.180094132365,0.0,0.0,2022-10-24 00:00:00+00:00,2022-10-23 00:00:00+00:00,2022-10-24 00:01:00+00:00,72.94,0.038178540913730186,1363.44,2022-10-24 00:02:00+00:00,2022-10-24 01:18:00+00:00,2022-10-24 01:19:00+00:00,target,0.3061155770362308,0.35913728392166117,"simulated minute opens; intrabar exits only known within minute, not actual exchange fills"
419,1028.0,1480322.0,1481134.0,-1.0,1.3980000000000001,1344.42,1375.72,1375.44234685263,1332.4391297549257,0.9397495800000002,0.9616282800000001,-0.0665802411174,-43.75739999999994,-45.5921976188838,9138.457511464565,9092.865313845681,0.20566919063114233,1.0,9092.584129701982,0.0,0.0,2022-10-25 00:00:00+00:00,2022-10-24 00:00:00+00:00,2022-10-25 00:01:00+00:00,76.2,0.03988490290137429,1342.72,2022-10-25 00:02:00+00:00,2022-10-25 13:34:00+00:00,2022-10-25 13:35:00+00:00,stop,-1.0512565281931976,0.38620128586624625,"simulated minute opens; intrabar exits only known within minute, not actual exchange fills"
420,1029.0,1481762.0,1481969.0,-1.0,1.211,1461.41,1497.45,1497.14340577391,1447.5632825559335,0.884883755,0.906705975,0.0,-43.64443999999996,-45.43602972999906,9092.865313845681,9047.429284115682,0.19463254418881362,1.0,9047.429284115682,0.0,0.0,2022-10-26 00:00:00+00:00,2022-10-25 00:00:00+00:00,2022-10-26 00:01:00+00:00,79.52,0.04162267032437379,1459.2,2022-10-26 00:02:00+00:00,2022-10-26 03:29:00+00:00,2022-10-26 03:30:00+00:00,stop,-1.0499819199264053,0.3875006354467484,"simulated minute opens; intrabar exits only known within minute, not actual exchange fills"
421,1030.0,1483202.0,1483378.0,-1.0,0.9580000000000001,1566.03,1551.91,1611.287871269023,1551.5921219844354,0.75012837,0.7433648900000001,0.0,13.526959999999896,12.033466740000222,9047.429284115682,9059.462750855682,0.16582132812399636,2.0,9036.793751438561,0.0,0.0,2022-10-27 00:00:00+00:00,2022-10-26 00:00:00+00:00,2022-10-27 00:01:00+00:00,88.34,0.04623926932161949,1565.45,2022-10-27 00:02:00+00:00,2022-10-27 02:58:00+00:00,2022-10-27 02:59:00+00:00,target,0.2775435443115432,0.3190136347717849,"simulated minute opens; intrabar exits only known within minute, not actual exchange fills"
422,1031.0,1484642.0,1484661.0,-1.0,0.97,1509.97,1501.53,1554.803175958938,1501.2209206168684,0.73233545,0.72824205,0.0,8.186800000000053,6.726222499999494,9059.462750855682,9066.188973355682,0.16167304179948852,2.0,9050.951015405682,0.0,0.0,2022-10-28 00:00:00+00:00,2022-10-27 00:00:00+00:00,2022-10-28 00:01:00+00:00,82.09,0.04296786980543065,1513.7,2022-10-28 00:02:00+00:00,2022-10-28 00:21:00+00:00,2022-10-28 00:22:00+00:00,target,0.15466782916183427,0.1951474370485101,"simulated minute opens; intrabar exits only known within minute, not actual exchange fills"
423,1032.0,1486082.0,1486281.0,-1.0,1.0150000000000001,1551.69,1594.74,1594.4186235797574,1541.6583145144461,0.7874826750000001,0.8093305500000001,0.0,-43.69574999999996,-45.29256322499896,9066.188973355682,9020.896410130683,0.1737185662717392,1.0,9020.896410130683,0.0,0.0,2022-10-29 00:00:00+00:00,2022-10-28 00:00:00+00:00,2022-10-29 00:01:00+00:00,78.57,0.04112541759791309,1553.79,2022-10-29 00:02:00+00:00,2022-10-29 03:21:00+00:00,2022-10-29 03:22:00+00:00,stop,-1.0443400994816776,0.23477670575624174,"simulated minute opens; intrabar exits only known within minute, not actual exchange fills"
424,1033.0,1487522.0,1488102.0,-1.0,0.9540000000000001,1618.92,1605.71,1664.197591030403,1605.3852448592506,0.7722248400000001,0.7659236700000002,-0.14441353942378046,12.602340000000035,11.20860502942196,9020.896410130683,9032.105015160105,0.17120800525605706,2.0,9000.624425290682,0.0,0.0,2022-10-30 00:00:00+00:00,2022-10-29 00:00:00+00:00,2022-10-30 00:01:00+00:00,83.62,0.04376870840699368,1618.82,2022-10-30 00:02:00+00:00,2022-10-30 09:42:00+00:00,2022-10-30 09:43:00+00:00,target,0.2594895534043571,0.2989283403275843,"simulated minute opens; intrabar exits only known within minute, not actual exchange fills"
425,1034.0,1488962.0,1489063.0,-1.0,0.9580000000000001,1590.39,1576.6000000000001,1635.540803020029,1576.2792743546192,0.7617968100000001,0.7551914000000002,0.0,13.210819999999966,11.693831790000331,9032.105015160105,9043.798846950105,0.16868643770668035,2.0,9025.719758350104,0.0,0.0,2022-10-31 00:00:00+00:00,2022-10-30 00:00:00+00:00,2022-10-31 00:01:00+00:00,86.07,0.04505109701733969,1589.89,2022-10-31 00:02:00+00:00,2022-10-31 01:43:00+00:00,2022-10-31 01:44:00+00:00,target,0.27034967671750026,0.3125243561918785,"simulated minute opens; intrabar exits only known within minute, not actual exchange fills"
426,1035.0,1490402.0,1491839.0,-1.0,0.9,1569.68,1580.17,1617.9709351366491,1558.4055640895704,0.706356,0.7110765,0.06290314907286752,-9.441000000000008,-10.921335649072716,9043.798846950105,9032.877511301032,0.15620780867725928,3.0,9005.453792477421,0.0,0.0,2022-11-01 00:00:00+00:00,2022-10-31 00:00:00+00:00,2022-11-01 00:01:00+00:00,87.38,0.04573678235593287,1572.01,2022-11-01 00:02:00+00:00,2022-11-01 23:59:00+00:00,2022-11-01 23:59:00+00:00,scheduled_23_59_exit,-0.25128561610001193,0.2334689911994121,"simulated minute opens; intrabar exits only known within minute, not actual exchange fills"
427,1036.0,1491842.0,1492276.0,-1.0,0.966,1578.66,1564.73,1623.460240757635,1564.4156813411103,0.7624927800000001,0.7557645900000001,0.0,13.456380000000062,11.93812262999927,9032.877511301032,9044.815633931032,0.16882610863394204,2.0,9011.660214744772,0.0,0.0,2022-11-02 00:00:00+00:00,2022-11-01 00:00:00+00:00,2022-11-02 00:01:00+00:00,86.24,0.04514007908418003,1577.88,2022-11-02 00:02:00+00:00,2022-11-02 07:16:00+00:00,2022-11-02 07:17:00+00:00,target,0.27585353986949623,0.31795183280264677,"simulated minute opens; intrabar exits only known within minute, not actual exchange fills"
428,1037.0,1493282.0,1493535.0,-1.0,1.067,1517.32,1558.15,1557.8368174059271,1505.206605637153,0.8094902199999999,0.831273025,0.0,-43.56561000000016,-45.20637324499876,9044.815633931032,8999.609260686033,0.1789954052713359,1.0,8999.609260686033,0.0,0.0,2022-11-03 00:00:00+00:00,2022-11-02 00:00:00+00:00,2022-11-03 00:01:00+00:00,79.84,0.04179016597960267,1517.26,2022-11-03 00:02:00+00:00,2022-11-03 04:15:00+00:00,2022-11-03 04:16:00+00:00,stop,-1.0456826994955644,0.298972010597133,"simulated minute opens; intrabar exits only known within minute, not actual exchange fills"
429,1038.0,1494722.0,1495087.0,-1.0,1.1400000000000001,1530.7,1568.6100000000001,1568.2915671102794,1519.049326683635,0.8724990000000001,0.8941077000000002,0.0,-43.2174000000001,-44.984006699998645,8999.609260686033,8954.625253986034,0.193897084801544,1.0,8954.625253986034,0.0,0.0,2022-11-04 00:00:00+00:00,2022-11-03 00:00:00+00:00,2022-11-04 00:01:00+00:00,74.01,0.03873860451090173,1530.27,2022-11-04 00:02:00+00:00,2022-11-04 06:07:00+00:00,2022-11-04 06:08:00+00:00,stop,-1.0496943339509945,0.30992784318319205,"simulated minute opens; intrabar exits only known within minute, not actual exchange fills"
430,1039.0,1496162.0,1496969.0,-1.0,1.0050000000000001,1645.32,1631.77,1687.846820704758,1631.439366244704,0.8267733,0.8199644250000001,-0.024454752234,13.617749999999957,11.995467027234554,8954.625253986034,8966.620721013269,0.18465838079197625,2.0,8933.577942784985,0.0,0.0,2022-11-05 00:00:00+00:00,2022-11-04 00:00:00+00:00,2022-11-05 00:01:00+00:00,78.21,0.04093698498578061,1644.09,2022-11-05 00:02:00+00:00,2022-11-05 13:29:00+00:00,2022-11-05 13:30:00+00:00,target,0.28066495188212126,0.326397165959386,"simulated minute opens; intrabar exits only known within minute, not actual exchange fills"
431,1040.0,1497602.0,1497719.0,-1.0,0.978,1625.26,1613.96,1669.1081737384416,1613.634285847827,0.7947521399999999,0.7892264400000001,0.0,11.051399999999955,9.467421420000392,8966.620721013269,8976.08814243327,0.17726904365152837,2.0,8958.274016991449,0.0,0.0,2022-11-06 00:00:00+00:00,2022-11-05 00:00:00+00:00,2022-11-06 00:01:00+00:00,77.92,0.04078519204822945,1626.11,2022-11-06 00:02:00+00:00,2022-11-06 01:59:00+00:00,2022-11-06 02:00:00+00:00,target,0.22077065416098798,0.2651356524338162,"simulated minute opens; intrabar exits only known within minute, not actual exchange fills"
432,1041.0,1499042.0,1499512.0,-1.0,1.0210000000000001,1568.16,1555.26,1610.1843573802103,1554.9428234946386,0.8005456800000001,0.7939602300000002,0.0,13.170900000000094,11.576394089999667,8976.08814243327,8987.664536523269,0.1783729542974353,2.0,8948.32298675327,0.0,0.0,2022-11-07 00:00:00+00:00,2022-11-06 00:00:00+00:00,2022-11-07 00:01:00+00:00,80.67,0.04222460783535254,1567.42,2022-11-07 00:02:00+00:00,2022-11-07 07:52:00+00:00,2022-11-07 07:53:00+00:00,target,0.26980281690967683,0.3145122811939931,"simulated minute opens; intrabar exits only known within minute, not actual exchange fills"
433,1042.0,1500482.0,1500652.0,-1.0,0.902,1566.92,1554.1200000000001,1614.7909276832524,1553.8041634416566,0.70668092,0.70090812,0.0,11.54559999999996,10.13801095999952,8987.664536523269,8997.802547483268,0.15725574027118017,2.0,8979.125742699269,0.0,0.0,2022-11-08 00:00:00+00:00,2022-11-07 00:00:00+00:00,2022-11-08 00:01:00+00:00,89.29,0.04673652204808019,1567.52,2022-11-08 00:02:00+00:00,2022-11-08 02:52:00+00:00,2022-11-08 02:53:00+00:00,target,0.23478717760323653,0.2739833379692804,"simulated minute opens; intrabar exits only known within minute, not actual exchange fills"
434,1043.0,1501922.0,1501926.0,-1.0,0.8150000000000001,1327.07,1319.5,1380.616993701311,1319.2286996385849,0.540781025,0.5376962500000001,0.0,6.169549999999949,5.0910727249993215,8997.802547483268,9002.893620208268,0.12020291002079374,2.0,8996.008188120319,0.0,0.0,2022-11-09 00:00:00+00:00,2022-11-08 00:00:00+00:00,2022-11-09 00:01:00+00:00,104.85,0.05488099828358391,1333.4,2022-11-09 00:02:00+00:00,2022-11-09 00:06:00+00:00,2022-11-09 00:07:00+00:00,target,0.11665855668469059,0.14643773290344517,"simulated minute opens; intrabar exits only known within minute, not actual exchange fills"
435,1044.0,1503362.0,1503363.0,-1.0,0.708,1096.99,1084.19,1159.1683870089503,1083.9717882244024,0.38833446,0.38380326000000003,0.0,9.062399999999966,8.290262279999297,9002.893620208268,9011.183882488267,0.08626881009197496,2.0,9000.466245748268,0.0,0.0,2022-11-10 00:00:00+00:00,2022-11-09 00:00:00+00:00,2022-11-10 00:01:00+00:00,153.93,0.08057064440431161,1101.49,2022-11-10 00:02:00+00:00,2022-11-10 00:03:00+00:00,2022-11-10 00:04:00+00:00,target,0.18831961656248009,0.20936875981880465,"simulated minute opens; intrabar exits only known within minute, not actual exchange fills"
436,1045.0,1504802.0,1504892.0,-1.0,0.8210000000000001,1300.89,1281.68,1354.0991022493124,1281.420839982843,0.5340153450000001,0.5261296400000001,0.0,15.771410000000031,14.711265015001118,9011.183882488267,9025.895147503268,0.11852279388899607,2.0,9004.861112446128,0.0,0.0,2022-11-11 00:00:00+00:00,2022-11-10 00:00:00+00:00,2022-11-11 00:01:00+00:00,124.99,0.06542275608455081,1298.21,2022-11-11 00:02:00+00:00,2022-11-11 01:32:00+00:00,2022-11-11 01:33:00+00:00,target,0.33676033314831855,0.3658990509919506,"simulated minute opens; intrabar exits only known within minute, not actual exchange fills"
437,1046.0,1506242.0,1506282.0,-1.0,0.792,1288.19,1272.29,1343.5604312937799,1272.030258948517,0.5101232400000001,0.50382684,0.0,12.592800000000073,11.57884992000072,9025.895147503268,9037.473997423269,0.113035489923924,2.0,9022.652624263268,0.0,0.0,2022-11-12 00:00:00+00:00,2022-11-11 00:00:00+00:00,2022-11-12 00:01:00+00:00,124.63,0.06523432347241834,1288.64,2022-11-12 00:02:00+00:00,2022-11-12 00:42:00+00:00,2022-11-12 00:43:00+00:00,target,0.2640355088157542,0.29184784503021155,"simulated minute opens; intrabar exits only known within minute, not actual exchange fills"
438,1047.0,1507682.0,1508100.0,-1.0,0.799,1255.67,1240.93,1310.64398525228,1240.67246929771,0.5016401650000001,0.4957515350000001,0.0,11.777260000000007,10.77986830000009,9037.473997423269,9048.253865723269,0.11101335730382757,2.0,9022.48648725827,0.0,0.0,2022-11-13 00:00:00+00:00,2022-11-12 00:00:00+00:00,2022-11-13 00:01:00+00:00,125.5,0.06568970228507182,1256.82,2022-11-13 00:02:00+00:00,2022-11-13 07:00:00+00:00,2022-11-13 07:01:00+00:00,target,0.24541971876489704,0.2728114149531867,"simulated minute opens; intrabar exits only known within minute, not actual exchange fills"
439,1048.0,1509122.0,1509144.0,-1.0,0.8250000000000001,1224.03,1203.94,1277.3024606670192,1203.6904427437378,0.5049123750000001,0.4966252500000001,0.0,16.574249999999935,15.572712375000265,9048.253865723269,9063.82657809827,0.11160437858904837,2.0,9042.931440510769,0.0,0.0,2022-11-14 00:00:00+00:00,2022-11-13 00:00:00+00:00,2022-11-14 00:01:00+00:00,136.34,0.07136361760594974,1220.78,2022-11-14 00:02:00+00:00,2022-11-14 00:24:00+00:00,2022-11-14 00:25:00+00:00,target,0.35432969987974267,0.38180247357814157,"simulated minute opens; intrabar exits only known within minute, not actual exchange fills"
440,1049.0,1510562.0,1511999.0,-1.0,0.799,1240.78,1253.19,1295.9264181018975,1226.7821582044605,0.49569161000000006,0.5006494050000001,-0.007693138994546669,-9.915590000000066,-10.904237876004117,9063.82657809827,9052.922340222265,0.10937799961834746,3.0,9025.023744543663,0.0,0.0,2022-11-15 00:00:00+00:00,2022-11-14 00:00:00+00:00,2022-11-15 00:01:00+00:00,125.94,0.06592000881101152,1242.89,2022-11-15 00:02:00+00:00,2022-11-15 23:59:00+00:00,2022-11-15 23:59:00+00:00,scheduled_23_59_exit,-0.2474749405385479,0.25383048033463823,"simulated minute opens; intrabar exits only known within minute, not actual exchange fills"
441,1050.0,1512002.0,1512480.0,-1.0,0.912,1251.7,1238.93,1299.7741683104246,1238.6766825226568,0.5707752,0.5649520800000001,-0.0013510867776,11.646239999999985,10.51186380677791,9052.922340222265,9063.434204029043,0.12609744755326963,2.0,9037.672771514426,0.0,0.0,2022-11-16 00:00:00+00:00,2022-11-15 00:00:00+00:00,2022-11-16 00:01:00+00:00,110.49,0.057833109206992715,1252.81,2022-11-16 00:02:00+00:00,2022-11-16 08:00:00+00:00,2022-11-16 08:01:00+00:00,target,0.239758000187826,0.2709005258967568,"simulated minute opens; intrabar exits only known within minute, not actual exchange fills"
442,1051.0,1513442.0,1513682.0,-1.0,0.868,1215.95,1200.78,1266.5944632200074,1200.535459010712,0.5277223,0.5211385199999999,0.0,13.167560000000064,12.118699180000476,9063.434204029043,9075.552903209044,0.11645084812673044,2.0,9052.668826191004,0.0,0.0,2022-11-17 00:00:00+00:00,2022-11-16 00:00:00+00:00,2022-11-17 00:01:00+00:00,122.98,0.06437067400014448,1215.78,2022-11-17 00:02:00+00:00,2022-11-17 04:02:00+00:00,2022-11-17 04:03:00+00:00,target,0.2756793953832439,0.3043677434653605,"simulated minute opens; intrabar exits only known within minute, not actual exchange fills"
443,1052.0,1514882.0,1516319.0,-1.0,1.07,1200.25,1212.6000000000001,1241.1792382602337,1187.0679395531752,0.6421337500000001,0.6487410000000001,0.15927745612501787,-13.214500000000147,-14.664652206125538,9075.552903209044,9060.888251002918,0.1415084583492311,3.0,9040.266935088044,0.0,0.0,2022-11-18 00:00:00+00:00,2022-11-17 00:00:00+00:00,2022-11-18 00:01:00+00:00,102.94,0.053881258591436595,1199.7,2022-11-18 00:02:00+00:00,2022-11-18 23:59:00+00:00,2022-11-18 23:59:00+00:00,scheduled_23_59_exit,-0.33485310301870985,0.32206952797439087,"simulated minute opens; intrabar exits only known within minute, not actual exchange fills"
444,1053.0,1516322.0,1516638.0,-1.0,1.082,1212.03,1200.02,1252.3894567862912,1199.7744056810022,0.6557082300000001,0.6492108200000001,0.0,12.994819999999992,11.689900949999355,9060.888251002918,9072.578151952917,0.14473376380674866,2.0,9059.323662772918,0.0,0.0,2022-11-19 00:00:00+00:00,2022-11-18 00:00:00+00:00,2022-11-19 00:01:00+00:00,99.21,0.051928887360175105,1212.04,2022-11-19 00:02:00+00:00,2022-11-19 05:18:00+00:00,2022-11-19 05:19:00+00:00,target,0.2676937664748041,0.30366103250330523,"simulated minute opens; intrabar exits only known within minute, not actual exchange fills"
445,1054.0,1517762.0,1518280.0,-1.0,1.17,1217.74,1205.64,1255.0089891547013,1205.3946145364737,0.7123779,0.7052994,-0.08176856687999999,14.156999999999893,12.821091266881922,9072.578151952917,9085.3992432198,0.15703979355562941,2.0,9061.752915486717,0.0,0.0,2022-11-20 00:00:00+00:00,2022-11-19 00:00:00+00:00,2022-11-20 00:01:00+00:00,93.18,0.048772641106956116,1216.91,2022-11-20 00:02:00+00:00,2022-11-20 08:40:00+00:00,2022-11-20 08:41:00+00:00,target,0.2940299136774229,0.3312508802501022,"simulated minute opens; intrabar exits only known within minute, not actual exchange fills"
446,1055.0,1519202.0,1519207.0,-1.0,1.059,1141.45,1129.08,1182.9116201588765,1128.8505726993517,0.604397775,0.59784786,0.0,13.099830000000125,11.897584365000512,9085.3992432198,9097.2968275848,0.13304814875384735,2.0,9084.35466666213,0.0,0.0,2022-11-21 00:00:00+00:00,2022-11-20 00:00:00+00:00,2022-11-21 00:01:00+00:00,108.84,0.05696945973471886,1141.57,2022-11-21 00:02:00+00:00,2022-11-21 00:07:00+00:00,2022-11-21 00:08:00+00:00,target,0.2709671005848345,0.3038816923306109,"simulated minute opens; intrabar exits only known within minute, not actual exchange fills"
447,1056.0,1520642.0,1521004.0,-1.0,1.048,1103.8,1095.32,1145.8098185951212,1095.0935739433785,0.5783912,0.57394768,0.0,8.88704000000002,7.734701119999954,9097.2968275848,9105.0315287048,0.1271567172011369,2.0,9083.681316384798,0.0,0.0,2022-11-22 00:00:00+00:00,2022-11-21 00:00:00+00:00,2022-11-22 00:01:00+00:00,105.62,0.05528403470397838,1106.95,2022-11-22 00:02:00+00:00,2022-11-22 06:04:00+00:00,2022-11-22 06:05:00+00:00,target,0.17568369126109654,0.20724740900529795,"simulated minute opens; intrabar exits only known within minute, not actual exchange fills"
448,1057.0,1522082.0,1522164.0,-1.0,1.145,1139.79,1127.52,1178.131887162064,1127.286118254311,0.652529775,0.6455052,0.0,14.04914999999998,12.751115025001127,9105.0315287048,9117.7826437298,0.14333388587240248,2.0,9096.3410989298,0.0,0.0,2022-11-23 00:00:00+00:00,2022-11-22 00:00:00+00:00,2022-11-23 00:01:00+00:00,102.72,0.05376610532846675,1139.11,2022-11-23 00:02:00+00:00,2022-11-23 01:24:00+00:00,2022-11-23 01:25:00+00:00,target,0.29044853616437083,0.32611544895631506,"simulated minute opens; intrabar exits only known within minute, not actual exchange fills"
449,1058.0,1523522.0,1524959.0,-1.0,1.196,1184.3,1203.96,1220.9498075205247,1172.6920532289064,0.7082113999999999,0.71996808,0.03425116601829059,-23.513360000000098,-24.97579064601814,9117.7826437298,9092.806853083783,0.1553472873115766,3.0,9078.5632323298,0.0,0.0,2022-11-24 00:00:00+00:00,2022-11-23 00:00:00+00:00,2022-11-24 00:01:00+00:00,93.64,0.049013416111347616,1183.83,2022-11-24 00:02:00+00:00,2022-11-24 23:59:00+00:00,2022-11-24 23:59:00+00:00,scheduled_23_59_exit,-0.5697920265197175,0.31672599548013575,"simulated minute opens; intrabar exits only known within minute, not actual exchange fills"
450,1059.0,1524962.0,1525009.0,-1.0,1.155,1201.89,1192.26,1239.7705664046937,1192.0123639447338,0.6940914750000001,0.6885301500000001,0.0,11.122650000000126,9.740028375001202,9092.806853083783,9102.546881458784,0.15266825441576432,2.0,9089.375411608784,0.0,0.0,2022-11-25 00:00:00+00:00,2022-11-24 00:00:00+00:00,2022-11-25 00:01:00+00:00,91.16,0.04771532478332388,1202.92,2022-11-25 00:02:00+00:00,2022-11-25 00:49:00+00:00,2022-11-25 00:50:00+00:00,target,0.22261876736236344,0.26075734849736587,"simulated minute opens; intrabar exits only known within minute, not actual exchange fills"
451,1060.0,1526402.0,1526437.0,1.0,1.113,1198.4,1206.82,1158.9556591161681,1207.0670851191023,0.6669096000000001,0.67159533,0.0,9.371459999999828,8.032955069998934,9102.546881458784,9110.579836528783,0.1465325273651588,2.0,9099.309935556314,0.0,0.0,2022-11-26 00:00:00+00:00,2022-11-25 00:00:00+00:00,2022-11-26 00:01:00+00:00,85.58,0.04479461929527049,1198.55,2022-11-26 00:02:00+00:00,2022-11-26 00:37:00+00:00,2022-11-26 00:38:00+00:00,target,0.18297656490838754,0.2197294954079163,"simulated minute opens; intrabar exits only known within minute, not actual exchange fills"
452,1061.0,1527842.0,1529263.0,-1.0,1.2750000000000001,1204.53,1195.1100000000001,1238.761184750645,1194.8691052290214,0.767887875,0.7618826250000003,0.11848588261124579,12.010499999999805,10.36224361739005,9110.579836528783,9120.942080146173,0.16857058250478435,2.0,9086.696198653783,0.0,0.0,2022-11-27 00:00:00+00:00,2022-11-26 00:00:00+00:00,2022-11-27 00:01:00+00:00,84.81,0.04439158287487603,1204.84,2022-11-27 00:02:00+00:00,2022-11-27 23:43:00+00:00,2022-11-27 23:44:00+00:00,target,0.23742239584152988,0.2822249607003881,"simulated minute opens; intrabar exits only known within minute, not actual exchange fills"
453,1062.0,1529282.0,1529351.0,-1.0,1.335,1194.58,1183.66,1227.250997902436,1183.4213141556747,0.7973821499999999,0.7900930500000001,0.0,14.578199999999793,12.990724799999953,9120.942080146173,9133.932804946173,0.1748464452450993,2.0,9114.604447996173,0.0,0.0,2022-11-28 00:00:00+00:00,2022-11-27 00:00:00+00:00,2022-11-28 00:01:00+00:00,86.26,0.045150547562631836,1193.26,2022-11-28 00:02:00+00:00,2022-11-28 01:11:00+00:00,2022-11-28 01:12:00+00:00,target,0.29784459076085945,0.34154713846353507,"simulated minute opens; intrabar exits only known within minute, not actual exchange fills"
454,1063.0,1530722.0,1530822.0,1.0,1.105,1168.02,1175.5,1128.1014071862576,1175.7355579867956,0.64533105,0.64946375,0.0,8.26540000000002,6.970605200000136,9133.932804946173,9140.903410146173,0.14130409403724598,2.0,9122.823123896173,0.0,0.0,2022-11-29 00:00:00+00:00,2022-11-28 00:00:00+00:00,2022-11-29 00:01:00+00:00,89.97,0.04709245031544153,1167.21,2022-11-29 00:02:00+00:00,2022-11-29 01:42:00+00:00,2022-11-29 01:43:00+00:00,target,0.15802761458636497,0.19328231390309525,"simulated minute opens; intrabar exits only known within minute, not actual exchange fills"
455,1064.0,1532162.0,1532200.0,-1.0,1.299,1216.04,1249.98,1249.7244985708253,1205.9463809367644,0.7898179799999999,0.8118620099999999,0.0,-44.08806000000007,-45.689739989999,9140.903410146173,9095.213670156174,0.1728096107269489,1.0,9077.861398155233,0.0,0.0,2022-11-30 00:00:00+00:00,2022-11-29 00:00:00+00:00,2022-11-30 00:01:00+00:00,85.38,0.04468993451075245,1215.74,2022-11-30 00:02:00+00:00,2022-11-30 00:40:00+00:00,2022-11-30 00:41:00+00:00,stop,-1.0441898051723746,0.2996517535213603,"simulated minute opens; intrabar exits only known within minute, not actual exchange fills"
456,1065.0,1533602.0,1533686.0,-1.0,1.2670000000000001,1295.06,1284.23,1329.3408022179676,1283.9656641971044,0.82042051,0.8135597050000002,0.0,13.72160999999991,12.0876297850009,9095.213670156174,9107.301299941175,0.1804070887728606,2.0,9094.000479646174,0.0,0.0,2022-12-01 00:00:00+00:00,2022-11-30 00:00:00+00:00,2022-12-01 00:01:00+00:00,82.59,0.043229581766725755,1294.02,2022-12-01 00:02:00+00:00,2022-12-01 01:26:00+00:00,2022-12-01 01:27:00+00:00,target,0.27830022586228453,0.32363116044818396,"simulated minute opens; intrabar exits only known within minute, not actual exchange fills"
457,1066.0,1535042.0,1535100.0,1.0,1.112,1275.79,1284.02,1236.3783656194405,1284.2782141590856,0.70933924,0.71391512,0.0,9.15176000000002,7.728505639999639,9107.301299941175,9115.029805581175,0.15577375045329436,2.0,9103.815464857815,0.0,0.0,2022-12-02 00:00:00+00:00,2022-12-01 00:00:00+00:00,2022-12-02 00:01:00+00:00,82.83,0.04335520350814741,1275.7,2022-12-02 00:02:00+00:00,2022-12-02 01:00:00+00:00,2022-12-02 01:01:00+00:00,target,0.1763462771649973,0.21537331025461287,"simulated minute opens; intrabar exits only known within minute, not actual exchange fills"
458,1067.0,1536482.0,1536547.0,-1.0,1.288,1293.72,1286.04,1327.4962742147395,1285.7745153701655,0.8331556800000001,0.82820976,0.0,9.891840000000082,8.230474559999493,9115.029805581175,9123.260280141174,0.18280920584370552,2.0,9099.791640255575,0.0,0.0,2022-12-03 00:00:00+00:00,2022-12-02 00:00:00+00:00,2022-12-03 00:01:00+00:00,76.34,0.03995818225053692,1295.0,2022-12-03 00:02:00+00:00,2022-12-03 01:07:00+00:00,2022-12-03 01:08:00+00:00,target,0.18918960567921517,0.2352386346498568,"simulated minute opens; intrabar exits only known within minute, not actual exchange fills"
459,1068.0,1537922.0,1537938.0,1.0,1.145,1240.6200000000001,1247.68,1202.2739971557899,1247.9376247120338,0.7102549500000002,0.7142968000000001,0.0,8.083699999999938,6.659148250000726,9123.260280141174,9129.919428391175,0.15570200305389284,2.0,9122.252325191173,0.0,0.0,2022-12-04 00:00:00+00:00,2022-12-03 00:00:00+00:00,2022-12-04 00:01:00+00:00,81.37,0.042591004581165694,1239.76,2022-12-04 00:02:00+00:00,2022-12-04 00:18:00+00:00,2022-12-04 00:19:00+00:00,target,0.1516676985507174,0.19083148618548942,"simulated minute opens; intrabar exits only known within minute, not actual exchange fills"
460,1069.0,1539362.0,1540267.0,-1.0,1.222,1276.91,1269.54,1312.6698849710763,1269.2797572649527,0.78019201,0.77568894,0.0389618079578,9.006140000000144,7.411297242044384,9129.919428391175,9137.33072563322,0.17090884889385738,2.0,9095.288135662799,0.0,0.0,2022-12-05 00:00:00+00:00,2022-12-04 00:00:00+00:00,2022-12-05 00:01:00+00:00,80.38,0.042072814897801375,1278.82,2022-12-05 00:02:00+00:00,2022-12-05 15:07:00+00:00,2022-12-05 15:08:00+00:00,target,0.16960041580131696,0.21337436463285694,"simulated minute opens; intrabar exits only known within minute, not actual exchange fills"
461,1070.0,1540802.0,1541430.0,-1.0,1.309,1258.64,1249.44,1291.9945887247939,1249.183454763971,0.82377988,0.81775848,-0.022904279449598917,12.042800000000058,10.42416591944857,9137.33072563322,9147.754891552668,0.180310837975696,2.0,9122.23884575322,0.0,0.0,2022-12-06 00:00:00+00:00,2022-12-05 00:00:00+00:00,2022-12-06 00:01:00+00:00,80.84,0.04231358990219288,1258.66,2022-12-06 00:02:00+00:00,2022-12-06 10:30:00+00:00,2022-12-06 10:31:00+00:00,target,0.23875148350326217,0.28351557004807854,"simulated minute opens; intrabar exits only known within minute, not actual exchange fills"
462,1071.0,1542242.0,1542441.0,-1.0,1.338,1270.83,1261.7,1303.4315862504395,1261.4459126329655,0.85018527,0.8440773,0.0,12.215939999999842,10.521677430000636,9147.754891552668,9158.276568982668,0.18587845434841907,2.0,9138.447048445189,0.0,0.0,2022-12-07 00:00:00+00:00,2022-12-06 00:00:00+00:00,2022-12-07 00:01:00+00:00,78.69,0.04118822846862392,1270.72,2022-12-07 00:02:00+00:00,2022-12-07 03:21:00+00:00,2022-12-07 03:22:00+00:00,target,0.2412071283769035,0.2878414349212201,"simulated minute opens; intrabar exits only known within minute, not actual exchange fills"
463,1072.0,1543682.0,1543792.0,-1.0,1.301,1230.1200000000001,1221.67,1263.8068283815462,1221.420468401715,0.8001930600000001,0.794696335,0.0,10.993450000000058,9.398560604999147,9158.276568982668,9167.675129587667,0.17474752022888257,2.0,9149.293085922667,0.0,0.0,2022-12-08 00:00:00+00:00,2022-12-07 00:00:00+00:00,2022-12-08 00:01:00+00:00,81.97,0.04290505893471982,1230.83,2022-12-08 00:02:00+00:00,2022-12-08 01:52:00+00:00,2022-12-08 01:53:00+00:00,target,0.21444895073460718,0.25824727397165176,"simulated minute opens; intrabar exits only known within minute, not actual exchange fills"
464,1073.0,1545122.0,1545930.0,-1.0,1.425,1279.65,1271.28,1310.239723616942,1271.0244995808384,0.9117506250000001,0.905787,-0.1252002855375,11.92725000000017,10.234912660538612,9167.675129587667,9177.910042248206,0.1989055266710804,2.0,9144.744057616705,0.0,0.0,2022-12-09 00:00:00+00:00,2022-12-08 00:00:00+00:00,2022-12-09 00:01:00+00:00,72.86,0.03813666699992298,1279.73,2022-12-09 00:02:00+00:00,2022-12-09 13:30:00+00:00,2022-12-09 13:31:00+00:00,target,0.23479763790748537,0.2819737937868938,"simulated minute opens; intrabar exits only known within minute, not actual exchange fills"
465,1074.0,1546562.0,1547355.0,1.0,1.188,1262.8500000000001,1270.1000000000001,1225.74805358435,1270.3544007562496,0.7501329000000001,0.7544394000000001,0.0962090016579358,8.613,7.012218698340803,9177.910042248206,9184.922260946547,0.16346486216294373,2.0,9172.736462606666,0.0,0.0,2022-12-10 00:00:00+00:00,2022-12-09 00:00:00+00:00,2022-12-10 00:01:00+00:00,78.64,0.041162057272494404,1262.31,2022-12-10 00:02:00+00:00,2022-12-10 13:15:00+00:00,2022-12-10 13:16:00+00:00,target,0.15908979345028576,0.20226434139541377,"simulated minute opens; intrabar exits only known within minute, not actual exchange fills"
466,1075.0,1548002.0,1549358.0,-1.0,1.319,1265.7,1256.78,1298.9588838821408,1256.5247648759143,0.83472915,0.82884641,-0.055564489060299996,11.765480000000096,10.157468929059178,9184.922260946547,9195.079729875606,0.18176074359370298,2.0,9160.235434779097,0.0,0.0,2022-12-11 00:00:00+00:00,2022-12-10 00:00:00+00:00,2022-12-11 00:01:00+00:00,79.71,0.04172212086966593,1265.88,2022-12-11 00:02:00+00:00,2022-12-11 22:38:00+00:00,2022-12-11 22:39:00+00:00,target,0.23154373583276966,0.27587321199953446,"simulated minute opens; intrabar exits only known within minute, not actual exchange fills"
467,1076.0,1549442.0,1550704.0,1.0,1.216,1260.69,1270.6000000000001,1224.3834810107426,1270.863984962507,0.76649952,0.7725248,-0.07660173814898982,12.050560000000099,10.588137418151746,9195.079729875606,9205.667867293758,0.16671949401582176,2.0,9169.723445324567,0.0,0.0,2022-12-12 00:00:00+00:00,2022-12-11 00:00:00+00:00,2022-12-12 00:01:00+00:00,82.37,0.04311442850375591,1262.43,2022-12-12 00:02:00+00:00,2022-12-12 21:04:00+00:00,2022-12-12 21:05:00+00:00,target,0.23982882669170524,0.28022474326214564,"simulated minute opens; intrabar exits only known within minute, not actual exchange fills"
468,1077.0,1550882.0,1550988.0,-1.0,1.36,1275.91,1265.8700000000001,1308.1768312290183,1265.6085972117398,0.8676188000000001,0.8607916000000001,0.0,13.654399999999951,11.925989599998502,9205.667867293758,9217.593856893756,0.18849665499719118,2.0,9201.971448493758,0.0,0.0,2022-12-13 00:00:00+00:00,2022-12-12 00:00:00+00:00,2022-12-13 00:01:00+00:00,79.7,0.041716886630440035,1274.88,2022-12-13 00:02:00+00:00,2022-12-13 01:48:00+00:00,2022-12-13 01:49:00+00:00,target,0.2717685519770739,0.31925672264328203,"simulated minute opens; intrabar exits only known within minute, not actual exchange fills"
469,1078.0,1552322.0,1553458.0,-1.0,1.291,1321.58,1311.83,1355.6337759224396,1311.5609460657004,0.8530798899999998,0.846786265,-0.343578200894806,12.58725,11.230962045896376,9217.593856893756,9228.824818939653,0.18509817274320217,2.0,9178.727380669294,0.0,0.0,2022-12-14 00:00:00+00:00,2022-12-13 00:00:00+00:00,2022-12-14 00:01:00+00:00,79.2,0.04145517466914493,1321.06,2022-12-14 00:02:00+00:00,2022-12-14 18:58:00+00:00,2022-12-14 18:59:00+00:00,target,0.2554614914211248,0.2942127168839899,"simulated minute opens; intrabar exits only known within minute, not actual exchange fills"
470,1079.0,1553762.0,1554553.0,1.0,1.229,1309.24,1273.0,1273.256792496258,1315.5695396600606,0.8045279800000001,0.7822585000000001,0.158182132,-44.53896000000002,-46.28392861199973,9228.824818939653,9182.540890327653,0.17435112179156878,1.0,9182.540890327653,0.0,0.0,2022-12-15 00:00:00+00:00,2022-12-14 00:00:00+00:00,2022-12-15 00:01:00+00:00,73.19,0.03830939689437774,1307.76,2022-12-15 00:02:00+00:00,2022-12-15 13:13:00+00:00,2022-12-15 13:14:00+00:00,stop,-1.0465945259627945,0.1759025973268887,"simulated minute opens; intrabar exits only known within minute, not actual exchange fills"
471,1080.0,1555202.0,1555623.0,1.0,1.311,1266.75,1273.42,1233.249058105498,1273.6762635877255,0.830354625,0.83472681,0.0,8.744370000000094,7.079288564998933,9182.540890327653,9189.620178892652,0.1808550890036649,2.0,9179.960998087563,0.0,0.0,2022-12-16 00:00:00+00:00,2022-12-15 00:00:00+00:00,2022-12-16 00:01:00+00:00,71.98,0.03767605394804358,1266.26,2022-12-16 00:02:00+00:00,2022-12-16 07:03:00+00:00,2022-12-16 07:04:00+00:00,target,0.1611869605637985,0.20674832395868434,"simulated minute opens; intrabar exits only known within minute, not actual exchange fills"
472,1081.0,1556642.0,1558079.0,-1.0,1.3940000000000001,1164.15,1186.75,1195.6692794811086,1157.741377309215,0.8114125500000001,0.82716475,0.04990491924840001,-31.504399999999876,-33.19288221924762,9189.620178892652,9156.427296673404,0.1765932724540037,3.0,9153.518541423404,0.0,0.0,2022-12-17 00:00:00+00:00,2022-12-16 00:00:00+00:00,2022-12-17 00:01:00+00:00,78.05,0.04085323715816618,1166.2,2022-12-17 00:02:00+00:00,2022-12-17 23:59:00+00:00,2022-12-17 23:59:00+00:00,scheduled_23_59_exit,-0.7554503209018801,0.20332389560573944,"simulated minute opens; intrabar exits only known within minute, not actual exchange fills"
473,1082.0,1558082.0,1558646.0,-1.0,1.528,1187.46,1178.28,1215.9507453873046,1178.0425972499795,0.9072194400000001,0.90020592,-0.14316201776,14.027040000000097,12.362776657759241,9156.427296673404,9168.790073331164,0.19816013617660666,2.0,9143.093014574924,0.0,0.0,2022-12-18 00:00:00+00:00,2022-12-17 00:00:00+00:00,2022-12-18 00:01:00+00:00,76.63,0.04010997518808808,1186.45,2022-12-18 00:02:00+00:00,2022-12-18 09:26:00+00:00,2022-12-18 09:27:00+00:00,target,0.2839807211082928,0.3305425190531142,"simulated minute opens; intrabar exits only known within minute, not actual exchange fills"
474,1083.0,1559522.0,1559547.0,1.0,1.316,1183.24,1189.46,1149.8142390970763,1189.6995562214718,0.7785719200000001,0.7826646800000001,0.0,8.185520000000036,6.624283400000422,9168.790073331164,9175.414356731164,0.16983089672095258,2.0,9164.839192883523,0.0,0.0,2022-12-19 00:00:00+00:00,2022-12-18 00:00:00+00:00,2022-12-19 00:01:00+00:00,76.37,0.03997388496821463,1182.45,2022-12-19 00:02:00+00:00,2022-12-19 00:27:00+00:00,2022-12-19 00:28:00+00:00,target,0.1505919346045474,0.19325083549277566,"simulated minute opens; intrabar exits only known within minute, not actual exchange fills"
475,1084.0,1560962.0,1560984.0,1.0,1.331,1167.57,1174.21,1134.4990731848454,1174.4530692679832,0.777017835,0.781436755,0.0,8.837840000000133,7.279385410000032,9175.414356731164,9182.693742141164,0.16936953575943367,2.0,9168.128748896164,0.0,0.0,2022-12-20 00:00:00+00:00,2022-12-19 00:00:00+00:00,2022-12-20 00:01:00+00:00,77.39,0.04050777736925664,1167.21,2022-12-20 00:02:00+00:00,2022-12-20 00:24:00+00:00,2022-12-20 00:25:00+00:00,target,0.16537516564228388,0.20813052220928863,"simulated minute opens; intrabar exits only known within minute, not actual exchange fills"
476,1085.0,1562402.0,1562448.0,-1.0,1.488,1215.65,1208.46,1245.0000712547514,1208.210183604429,0.9044436000000001,0.89909424,0.0,10.698720000000081,8.895182160000331,9182.693742141164,9191.588924301164,0.1969887323693118,2.0,9177.474098541164,0.0,0.0,2022-12-21 00:00:00+00:00,2022-12-20 00:00:00+00:00,2022-12-21 00:01:00+00:00,72.45,0.037922063191660985,1216.21,2022-12-21 00:02:00+00:00,2022-12-21 00:48:00+00:00,2022-12-21 00:49:00+00:00,target,0.2036773590126286,0.2534854628118405,"simulated minute opens; intrabar exits only known within minute, not actual exchange fills"
477,1086.0,1563842.0,1564417.0,1.0,1.37,1213.8500000000001,1220.03,1181.7553139294112,1220.2763555911733,0.8314872500000001,0.83572055,0.163147356255,8.466599999999776,6.636244843744862,9191.588924301164,9198.22516914491,0.18092350666415774,2.0,9184.252448398165,0.0,0.0,2022-12-22 00:00:00+00:00,2022-12-21 00:00:00+00:00,2022-12-22 00:01:00+00:00,72.11,0.03774409905798031,1213.21,2022-12-22 00:02:00+00:00,2022-12-22 09:37:00+00:00,2022-12-22 09:38:00+00:00,target,0.1509276123731534,0.20023114035261458,"simulated minute opens; intrabar exits only known within minute, not actual exchange fills"
478,1087.0,1565282.0,1566090.0,-1.0,1.5350000000000001,1216.71,1209.89,1245.1813405846265,1209.646045868624,0.9338249250000001,0.9285905750000002,-0.18749575387294504,10.468699999999902,8.793780253872683,9198.22516914491,9207.018949398782,0.2030445891088815,2.0,9178.69271023736,0.0,0.0,2022-12-23 00:00:00+00:00,2022-12-22 00:00:00+00:00,2022-12-23 00:01:00+00:00,69.92,0.03659780066750774,1217.39,2022-12-23 00:02:00+00:00,2022-12-23 13:30:00+00:00,2022-12-23 13:31:00+00:00,target,0.20121451794300876,0.2481075350273573,"simulated minute opens; intrabar exits only known within minute, not actual exchange fills"
479,1088.0,1566722.0,1568159.0,-1.0,1.637,1219.33,1220.22,1245.9500442061326,1212.0559733275795,0.9980216049999999,0.99875007,-0.21018092774410002,-1.4569300000001637,-3.2435207472572074,9207.018949398782,9203.775428651525,0.21679581859993255,3.0,9193.257116017634,0.0,0.0,2022-12-24 00:00:00+00:00,2022-12-23 00:00:00+00:00,2022-12-24 00:01:00+00:00,67.0,0.03506940281354432,1219.5,2022-12-24 00:02:00+00:00,2022-12-24 23:59:00+00:00,2022-12-24 23:59:00+00:00,scheduled_23_59_exit,-0.07443192112522236,0.2732537412820912,"simulated minute opens; intrabar exits only known within minute, not actual exchange fills"
480,1089.0,1568162.0,1569034.0,-1.0,1.591,1219.53,1212.71,1246.9440857469936,1212.4590621987006,0.970136115,0.9647108050000001,-0.0007953244958366727,10.850619999999898,8.916568404496502,9203.775428651525,9212.691997056021,0.2108126436853181,2.0,9195.836712536524,0.0,0.0,2022-12-25 00:00:00+00:00,2022-12-24 00:00:00+00:00,2022-12-25 00:01:00+00:00,68.3,0.03574985391291159,1219.96,2022-12-25 00:02:00+00:00,2022-12-25 14:34:00+00:00,2022-12-25 14:35:00+00:00,target,0.2044343167747053,0.25793082674934,"simulated minute opens; intrabar exits only known within minute, not actual exchange fills"
481,1090.0,1569602.0,1571016.0,1.0,1.408,1218.19,1224.68,1186.9244985323778,1224.9296384593688,0.85760576,0.86217472,0.06193472999260673,9.137920000000012,7.356204790006814,9212.691997056021,9220.048201846028,0.18617918850951576,2.0,9202.836749388762,0.0,0.0,2022-12-26 00:00:00+00:00,2022-12-25 00:00:00+00:00,2022-12-26 00:01:00+00:00,71.38,0.03736199959448946,1217.96,2022-12-26 00:02:00+00:00,2022-12-26 23:36:00+00:00,2022-12-26 23:37:00+00:00,target,0.1671035812760041,0.21556150207116084,"simulated minute opens; intrabar exits only known within minute, not actual exchange fills"
482,1091.0,1571042.0,1571522.0,-1.0,1.917,1232.3,1220.21,1254.8332755642903,1219.9576134987076,1.18115955,1.169571285,-0.0521256412026,23.176529999999843,20.877924806201918,9220.048201846028,9240.92612665223,0.2562154826399952,2.0,9217.275932296028,0.0,0.0,2022-12-27 00:00:00+00:00,2022-12-26 00:00:00+00:00,2022-12-27 00:01:00+00:00,68.81,0.03601680011343261,1227.57,2022-12-27 00:02:00+00:00,2022-12-27 08:02:00+00:00,2022-12-27 08:03:00+00:00,target,0.48332681268315447,0.54774045016571,"simulated minute opens; intrabar exits only known within minute, not actual exchange fills"
483,1092.0,1572482.0,1573765.0,1.0,1.471,1211.58,1181.3700000000001,1181.6140583066237,1217.9915076680559,0.89111709,0.8688976350000002,0.06870514735040001,-44.43890999999972,-46.26762987234906,9240.92612665223,9194.65849677988,0.19286315630851833,1.0,9194.65849677988,0.0,0.0,2022-12-28 00:00:00+00:00,2022-12-27 00:00:00+00:00,2022-12-28 00:01:00+00:00,69.16,0.03619999848633918,1211.29,2022-12-28 00:02:00+00:00,2022-12-28 21:25:00+00:00,2022-12-28 21:26:00+00:00,stop,-1.0496310025642097,0.21395982591373652,"simulated minute opens; intrabar exits only known within minute, not actual exchange fills"
484,1093.0,1573922.0,1574186.0,1.0,1.5050000000000001,1189.8,1196.3500000000001,1160.6862481061999,1196.5924570120612,0.8953245000000001,0.9002533750000001,0.0,9.857750000000275,8.06217212500087,9194.65849677988,9202.720668904882,0.19474883168603974,2.0,9188.811503949531,0.0,0.0,2022-12-29 00:00:00+00:00,2022-12-28 00:00:00+00:00,2022-12-29 00:01:00+00:00,70.07,0.03667631425589627,1189.93,2022-12-29 00:02:00+00:00,2022-12-29 04:26:00+00:00,2022-12-29 04:27:00+00:00,target,0.1839998162909865,0.23330751175040962,"simulated minute opens; intrabar exits only known within minute, not actual exchange fills"
485,1094.0,1575362.0,1575709.0,-1.0,1.577,1199.22,1193.38,1226.9209765442788,1193.1381054699948,0.94558497,0.94098013,0.0,9.20967999999987,7.3231148999984725,9202.720668904882,9210.04378380488,0.20550117818854194,2.0,9197.044083934881,0.0,0.0,2022-12-30 00:00:00+00:00,2022-12-29 00:00:00+00:00,2022-12-30 00:01:00+00:00,68.58,0.035896412611236855,1200.35,2022-12-30 00:02:00+00:00,2022-12-30 05:49:00+00:00,2022-12-30 05:50:00+00:00,target,0.16763668936278417,0.21955523915496597,"simulated minute opens; intrabar exits only known within minute, not actual exchange fills"
486,1095.0,1576802.0,1577666.0,1.0,1.669,1199.81,1205.54,1173.6603139134627,1205.786303497493,1.001241445,1.00602313,0.19977277703394802,9.563370000000031,7.356332647967065,9210.04378380488,9217.400116452847,0.2174238187142177,2.0,9196.07593477161,0.0,0.0,2022-12-31 00:00:00+00:00,2022-12-30 00:00:00+00:00,2022-12-31 00:01:00+00:00,63.92,0.03345725713196646,1199.66,2022-12-31 00:02:00+00:00,2022-12-31 14:26:00+00:00,2022-12-31 14:27:00+00:00,target,0.16855379807323206,0.2285420741845871,"simulated minute opens; intrabar exits only known within minute, not actual exchange fills"
487,1096.0,1578242.0,1579286.0,1.0,1.693,1196.26,1201.94,1170.471030105997,1202.183388686742,1.01263409,1.01744221,0.404915992907565,9.616240000000108,7.1812477070925524,9217.400116452847,9224.58136415994,0.21972228116526513,2.0,9207.937306101547,0.0,0.0,2023-01-01 00:00:00+00:00,2022-12-31 00:00:00+00:00,2023-01-01 00:01:00+00:00,63.9,0.03344678865351466,1196.1,2023-01-01 00:02:00+00:00,2023-01-01 17:26:00+00:00,2023-01-01 17:27:00+00:00,target,0.16447843084579528,0.22968690533542918,"simulated minute opens; intrabar exits only known within minute, not actual exchange fills"
488,1097.0,1579682.0,1579756.0,-1.0,1.852,1200.19,1194.07,1223.626326129843,1193.826890442548,1.11137594,1.10570882,0.0,11.33424000000022,9.117155240001011,9224.58136415994,9233.69851939994,0.24095964816745055,2.0,9222.28470821994,0.0,0.0,2023-01-02 00:00:00+00:00,2023-01-01 00:00:00+00:00,2023-01-02 00:01:00+00:00,61.64,0.03226385058846078,1199.96,2023-01-02 00:02:00+00:00,2023-01-02 01:16:00+00:00,2023-01-02 01:17:00+00:00,target,0.21005297386316707,0.27150627287737017,"simulated minute opens; intrabar exits only known within minute, not actual exchange fills"
489,1098.0,1581122.0,1582018.0,-1.0,1.749,1212.63,1207.32,1237.5311201130248,1207.0712323404664,1.0604449350000003,1.05580134,-0.1111937537832,9.287190000000303,7.282137478783625,9233.69851939994,9240.980656878724,0.22969017945994497,2.0,9220.622444464942,0.0,0.0,2023-01-03 00:00:00+00:00,2023-01-02 00:00:00+00:00,2023-01-03 00:01:00+00:00,62.4,0.03266165276962934,1213.23,2023-01-03 00:02:00+00:00,2023-01-03 14:58:00+00:00,2023-01-03 14:59:00+00:00,target,0.16720535453433036,0.22323363906132718,"simulated minute opens; intrabar exits only known within minute, not actual exchange fills"
490,1099.0,1582562.0,1582746.0,-1.0,1.768,1213.74,1238.64,1238.389565161833,1208.0808422577536,1.07294616,1.09495776,0.0,-44.02320000000016,-46.19110392000039,9240.980656878724,9194.789552958724,0.23221478322245578,1.0,9189.060030718723,0.0,0.0,2023-01-04 00:00:00+00:00,2023-01-03 00:00:00+00:00,2023-01-04 00:01:00+00:00,62.24,0.03257790494201491,1214.23,2023-01-04 00:02:00+00:00,2023-01-04 03:06:00+00:00,2023-01-04 03:07:00+00:00,stop,-1.0599047012988967,0.2295844857745797,"simulated minute opens; intrabar exits only known within minute, not actual exchange fills"
491,1100.0,1584002.0,1584395.0,-1.0,1.7870000000000001,1256.78,1250.6200000000001,1280.9674058661938,1250.362462549679,1.1229329300000002,1.1174289700000002,0.0,11.007919999999741,8.767558099998496,9194.789552958724,9203.557111058723,0.24425418842536964,2.0,9188.359230028724,0.0,0.0,2023-01-05 00:00:00+00:00,2023-01-04 00:00:00+00:00,2023-01-05 00:01:00+00:00,60.53,0.03168285003438564,1256.39,2023-01-05 00:02:00+00:00,2023-01-05 06:35:00+00:00,2023-01-05 06:36:00+00:00,target,0.20284523388498588,0.2653255783535899,"simulated minute opens; intrabar exits only known within minute, not actual exchange fills"
492,1101.0,1585442.0,1585489.0,1.0,1.831,1251.6200000000001,1256.63,1227.9911833996084,1256.8839594422739,1.14585811,1.1504447650000003,0.0,9.173309999999983,6.877007125000091,9203.557111058723,9210.434118183723,0.24900331386506439,2.0,9198.951193920413,0.0,0.0,2023-01-06 00:00:00+00:00,2023-01-05 00:00:00+00:00,2023-01-06 00:01:00+00:00,58.85,0.03080349784443408,1251.08,2023-01-06 00:02:00+00:00,2023-01-06 00:49:00+00:00,2023-01-06 00:50:00+00:00,target,0.1589531572198071,0.2227771086168777,"simulated minute opens; intrabar exits only known within minute, not actual exchange fills"
493,1102.0,1586882.0,1587242.0,-1.0,1.76,1268.03,1262.84,1292.6336623058353,1262.5825182729034,1.1158663999999998,1.1112992,0.0,9.134400000000095,6.907234400001471,9210.434118183723,9217.341352583724,0.24230484376344386,2.0,9204.689451783723,0.0,0.0,2023-01-07 00:00:00+00:00,2023-01-06 00:00:00+00:00,2023-01-07 00:01:00+00:00,59.76,0.031279813613991174,1268.54,2023-01-07 00:02:00+00:00,2023-01-07 06:02:00+00:00,2023-01-07 06:03:00+00:00,target,0.15951141546395053,0.22140938448031813,"simulated minute opens; intrabar exits only known within minute, not actual exchange fills"
494,1103.0,1588322.0,1589266.0,1.0,1.845,1263.95,1269.21,1240.4833293684471,1269.4659760746092,1.165993875,1.170846225,0.2056526826224463,9.704699999999983,7.162207217377727,9217.341352583724,9224.503559801102,0.25300004207247007,2.0,9204.364391026224,0.0,0.0,2023-01-08 00:00:00+00:00,2023-01-07 00:00:00+00:00,2023-01-08 00:01:00+00:00,58.76,0.03075638969140096,1263.65,2023-01-08 00:02:00+00:00,2023-01-08 15:46:00+00:00,2023-01-08 15:47:00+00:00,target,0.16542419639837727,0.2350557589193107,"simulated minute opens; intrabar exits only known within minute, not actual exchange fills"
495,1104.0,1589762.0,1589925.0,-1.0,1.718,1288.2,1313.73,1313.4669762326669,1283.8112211065554,1.1065638000000002,1.12849407,0.0,-43.86053999999995,-46.09559787000035,9224.503559801102,9178.407961931101,0.23991834201728246,1.0,9178.407961931101,0.0,0.0,2023-01-09 00:00:00+00:00,2023-01-08 00:00:00+00:00,2023-01-09 00:01:00+00:00,58.15,0.03043710109862093,1289.65,2023-01-09 00:02:00+00:00,2023-01-09 02:45:00+00:00,2023-01-09 02:46:00+00:00,stop,-1.061898533205226,0.1736962449733308,"simulated minute opens; intrabar exits only known within minute, not actual exchange fills"
496,1105.0,1591202.0,1592423.0,-1.0,1.699,1320.89,1346.56,1346.281967487871,1313.9483452277889,1.1220960550000003,1.14390272,-0.45141335408206507,-43.61332999999974,-45.427915420918,9178.407961931101,9132.980046510183,0.24450777512921,1.0,9132.980046510183,0.0,0.0,2023-01-10 00:00:00+00:00,2023-01-09 00:00:00+00:00,2023-01-10 00:01:00+00:00,61.97,0.03243658048291555,1320.32,2023-01-10 00:02:00+00:00,2023-01-10 20:23:00+00:00,2023-01-10 20:24:00+00:00,stop,-1.0530114082470006,0.27337994881755673,"simulated minute opens; intrabar exits only known within minute, not actual exchange fills"
497,1106.0,1592642.0,1592820.0,-1.0,1.6360000000000001,1335.16,1329.1200000000001,1361.4401201073233,1328.8470506294177,1.0921608800000002,1.08722016,0.0,9.881439999999941,7.702058959999704,9132.980046510183,9140.682105470183,0.23916856807703799,2.0,9121.613805630184,0.0,0.0,2023-01-11 00:00:00+00:00,2023-01-10 00:00:00+00:00,2023-01-11 00:01:00+00:00,62.11,0.03250985983207817,1335.3,2023-01-11 00:02:00+00:00,2023-01-11 03:00:00+00:00,2023-01-11 03:01:00+00:00,target,0.1791414948171384,0.24021767574887165,"simulated minute opens; intrabar exits only known within minute, not actual exchange fills"
498,1107.0,1594082.0,1594135.0,-1.0,1.419,1386.74,1417.54,1417.2500608698076,1382.4254393127198,0.98389203,1.0057446300000001,0.0,-43.705199999999934,-45.694836660000874,9140.682105470183,9094.987268810182,0.21527759496442744,1.0,9094.987268810182,0.0,0.0,2023-01-12 00:00:00+00:00,2023-01-11 00:00:00+00:00,2023-01-12 00:01:00+00:00,63.37,0.03316937397454184,1389.26,2023-01-12 00:02:00+00:00,2023-01-12 00:55:00+00:00,2023-01-12 00:56:00+00:00,stop,-1.0554597100744387,0.1414143585517983,"simulated minute opens; intrabar exits only known within minute, not actual exchange fills"
499,1108.0,1595522.0,1595553.0,-1.0,1.456,1416.41,1408.83,1445.8944184612578,1408.5387196652912,1.03114648,1.02562824,0.0,11.036480000000225,8.979705280000417,9094.987268810182,9103.966974090183,0.22675050542097042,2.0,9091.238645386182,0.0,0.0,2023-01-13 00:00:00+00:00,2023-01-12 00:00:00+00:00,2023-01-13 00:01:00+00:00,66.43,0.034771051177667905,1415.84,2023-01-13 00:02:00+00:00,2023-01-13 00:33:00+00:00,2023-01-13 00:34:00+00:00,target,0.20917421207083214,0.26696406934570166,"simulated minute opens; intrabar exits only known within minute, not actual exchange fills"
500,1109.0,1596962.0,1596995.0,-1.0,1.237,1448.66,1483.96,1483.6592427304035,1443.0277337485973,0.8959962100000002,0.9178292600000001,0.0,-43.66609999999995,-45.479925469999216,9103.966974090183,9058.487048620183,0.19683643680826132,1.0,9058.487048620183,0.0,0.0,2023-01-14 00:00:00+00:00,2023-01-13 00:00:00+00:00,2023-01-14 00:01:00+00:00,70.29,0.036791467518866125,1450.94,2023-01-14 00:02:00+00:00,2023-01-14 00:35:00+00:00,2023-01-14 00:36:00+00:00,stop,-1.0504887286621452,0.16092537472275467,"simulated minute opens; intrabar exits only known within minute, not actual exchange fills"
501,1110.0,1598402.0,1598430.0,-1.0,1.062,1551.19,1540.83,1591.9046191282732,1540.5139443607318,0.8236818900000001,0.81818073,0.0,11.002320000000136,9.360457380000298,9058.487048620183,9067.847506000184,0.18185860079702068,2.0,9056.289739174363,0.0,0.0,2023-01-15 00:00:00+00:00,2023-01-14 00:00:00+00:00,2023-01-15 00:01:00+00:00,81.69,0.042758500236394555,1550.27,2023-01-15 00:02:00+00:00,2023-01-15 00:30:00+00:00,2023-01-15 00:31:00+00:00,target,0.2164821921146167,0.26221676311481373,"simulated minute opens; intrabar exits only known within minute, not actual exchange fills"
502,1111.0,1599842.0,1599861.0,-1.0,1.059,1552.8500000000001,1544.38,1593.733049705863,1544.0667570945923,0.8222340750000001,0.8177492100000001,0.0,8.969730000000029,7.3297467150005104,9067.847506000184,9075.177252715184,0.18135154444446244,2.0,9060.998072717024,0.0,0.0,2023-01-16 00:00:00+00:00,2023-01-15 00:00:00+00:00,2023-01-16 00:01:00+00:00,78.81,0.041251039339334744,1553.47,2023-01-16 00:02:00+00:00,2023-01-16 00:21:00+00:00,2023-01-16 00:22:00+00:00,target,0.169297179388452,0.21483825127038583,"simulated minute opens; intrabar exits only known within minute, not actual exchange fills"
503,1113.0,1602722.0,1602785.0,1.0,1.16,1567.31,1575.21,1530.0868292193427,1575.5306523521074,0.9090398,0.9136218,0.0,9.164000000000105,7.341338399999586,9075.177252715184,9082.518591115184,0.20033543691458502,2.0,9069.620015554783,0.0,0.0,2023-01-18 00:00:00+00:00,2023-01-17 00:00:00+00:00,2023-01-18 00:01:00+00:00,75.66,0.039602253983175566,1565.84,2023-01-18 00:02:00+00:00,2023-01-18 01:05:00+00:00,2023-01-18 01:06:00+00:00,target,0.17002151797579604,0.22084771876498058,"simulated minute opens; intrabar exits only known within minute, not actual exchange fills"
504,1114.0,1604162.0,1604180.0,1.0,1.157,1514.56,1520.7,1477.1220672255638,1521.0127283551462,0.87617296,0.8797249500000001,0.0,7.103980000000116,5.348082090000389,9082.518591115184,9087.866673205184,0.19293612255461848,2.0,9078.981318155185,0.0,0.0,2023-01-19 00:00:00+00:00,2023-01-18 00:00:00+00:00,2023-01-19 00:01:00+00:00,75.35,0.0394399925671726,1511.66,2023-01-19 00:02:00+00:00,2023-01-19 00:20:00+00:00,2023-01-19 00:21:00+00:00,target,0.12346755436124515,0.1723580303972453,"simulated minute opens; intrabar exits only known within minute, not actual exchange fills"
505,1115.0,1605602.0,1605902.0,-1.0,1.145,1548.93,1543.27,1586.7042712511357,1542.952713001922,0.886762425,0.883522075,0.0,6.480700000000094,4.710415499999726,9087.866673205184,9092.577088705184,0.19515304457855767,2.0,9070.531600670885,0.0,0.0,2023-01-20 00:00:00+00:00,2023-01-19 00:00:00+00:00,2023-01-20 00:01:00+00:00,68.99,0.03611101641949884,1551.11,2023-01-20 00:02:00+00:00,2023-01-20 05:02:00+00:00,2023-01-20 05:03:00+00:00,target,0.10890746171247677,0.15823699041972858,"simulated minute opens; intrabar exits only known within minute, not actual exchange fills"
506,1116.0,1607042.0,1607208.0,-1.0,1.1,1657.27,1650.82,1696.56766365289,1650.4847000906427,0.9114985000000001,0.9079510000000001,0.0,7.09500000000005,5.275550500000463,9092.577088705184,9097.852639205184,0.20049288361431988,2.0,9070.349005355185,0.0,0.0,2023-01-21 00:00:00+00:00,2023-01-20 00:00:00+00:00,2023-01-21 00:01:00+00:00,67.58,0.03537298868864664,1659.01,2023-01-21 00:02:00+00:00,2023-01-21 02:48:00+00:00,2023-01-21 02:49:00+00:00,target,0.12204173363491366,0.17266420643452876,"simulated minute opens; intrabar exits only known within minute, not actual exchange fills"
507,1117.0,1608482.0,1608508.0,1.0,1.307,1625.68,1636.92,1592.82431248361,1637.2501200167712,1.06238188,1.06972722,0.0,14.690680000000011,12.558570900000632,9097.852639205184,9110.411210105185,0.23354563370743114,2.0,9093.653457325185,0.0,0.0,2023-01-22 00:00:00+00:00,2023-01-21 00:00:00+00:00,2023-01-22 00:01:00+00:00,71.16,0.03724684633151961,1627.63,2023-01-22 00:02:00+00:00,2023-01-22 00:28:00+00:00,2023-01-22 00:29:00+00:00,target,0.29245164920707123,0.3521496852257126,"simulated minute opens; intrabar exits only known within minute, not actual exchange fills"
508,1118.0,1609922.0,1610751.0,-1.0,1.082,1626.46,1619.75,1666.5506546570741,1619.4208504499532,0.8799148600000001,0.8762847500000001,-0.17680312800000003,7.260220000000039,5.680823518001489,9110.411210105185,9116.092033623187,0.19316688121036876,2.0,9091.111800814946,0.0,0.0,2023-01-23 00:00:00+00:00,2023-01-22 00:00:00+00:00,2023-01-23 00:01:00+00:00,70.66,0.0369851343702245,1628.14,2023-01-23 00:02:00+00:00,2023-01-23 13:51:00+00:00,2023-01-23 13:52:00+00:00,target,0.13096067013400464,0.17558080830203687,"simulated minute opens; intrabar exits only known within minute, not actual exchange fills"
509,1119.0,1611362.0,1611473.0,1.0,1.256,1626.33,1636.0900000000001,1591.9946492501685,1636.4249956440399,1.02133524,1.02746452,0.0,12.258560000000275,10.209760239999014,9116.092033623187,9126.301793863186,0.22407304275406065,2.0,9111.181261457987,0.0,0.0,2023-01-24 00:00:00+00:00,2023-01-23 00:00:00+00:00,2023-01-24 00:01:00+00:00,71.13,0.0372311436138419,1626.9,2023-01-24 00:02:00+00:00,2023-01-24 01:53:00+00:00,2023-01-24 01:54:00+00:00,target,0.2367469626049804,0.29401172329918696,"simulated minute opens; intrabar exits only known within minute, not actual exchange fills"
510,1120.0,1612802.0,1612885.0,1.0,1.2710000000000001,1557.1000000000001,1522.76,1523.074386915411,1564.8717068372448,0.9895370500000001,0.9677139800000001,0.0,-43.64614000000019,-45.60339102999933,9126.301793863186,9080.698402833186,0.21685389599221805,1.0,9080.358459787796,0.0,0.0,2023-01-25 00:00:00+00:00,2023-01-24 00:00:00+00:00,2023-01-25 00:01:00+00:00,69.54,0.036398899576923466,1555.99,2023-01-25 00:02:00+00:00,2023-01-25 01:25:00+00:00,2023-01-25 01:26:00+00:00,stop,-1.0544976782872475,0.2284075475120422,"simulated minute opens; intrabar exits only known within minute, not actual exchange fills"
511,1121.0,1614242.0,1614623.0,-1.0,1.246,1612.91,1603.43,1647.3789154970348,1603.1082177679452,1.0048429300000001,0.9989368900000001,0.0,11.812080000000023,9.808300179998696,9080.698402833186,9090.506703013185,0.221314019125773,2.0,9055.353170096307,0.0,0.0,2023-01-26 00:00:00+00:00,2023-01-25 00:00:00+00:00,2023-01-26 00:01:00+00:00,66.84,0.034985654985929884,1611.41,2023-01-26 00:02:00+00:00,2023-01-26 06:23:00+00:00,2023-01-26 06:24:00+00:00,target,0.22837475117765618,0.2843658435641261,"simulated minute opens; intrabar exits only known within minute, not actual exchange fills"
512,1122.0,1615682.0,1615776.0,1.0,1.292,1602.15,1568.57,1568.893262007397,1609.3467494574538,1.0349889,1.01329622,0.0,-43.3853600000002,-45.43364512000153,9090.506703013185,9045.073057893183,0.22770763694766044,1.0,9045.073057893183,0.0,0.0,2023-01-27 00:00:00+00:00,2023-01-26 00:00:00+00:00,2023-01-27 00:01:00+00:00,65.15,0.03410106855675243,1600.69,2023-01-27 00:02:00+00:00,2023-01-27 01:36:00+00:00,2023-01-27 01:37:00+00:00,stop,-1.0573905356509279,0.21639974007836899,"simulated minute opens; intrabar exits only known within minute, not actual exchange fills"
513,1123.0,1617122.0,1617163.0,1.0,1.331,1598.5900000000001,1605.1100000000001,1566.5318509974406,1605.4410575236511,1.063861645,1.068200705,0.0,8.678119999999975,6.546057650000876,9045.073057893183,9051.619115543184,0.23523561129705217,2.0,9037.566448222733,0.0,0.0,2023-01-28 00:00:00+00:00,2023-01-27 00:00:00+00:00,2023-01-28 00:01:00+00:00,62.91,0.032928598970150345,1597.08,2023-01-28 00:02:00+00:00,2023-01-28 00:43:00+00:00,2023-01-28 00:44:00+00:00,target,0.15341341134848416,0.21370720820793476,"simulated minute opens; intrabar exits only known within minute, not actual exchange fills"
514,1124.0,1618562.0,1618593.0,1.0,1.425,1571.68,1579.3600000000001,1541.8106929951073,1579.6786342645778,1.119822,1.125294,0.0,10.944000000000091,8.698883999999452,9051.619115543184,9060.317999543184,0.2474302079452445,2.0,9042.785081165934,0.0,0.0,2023-01-29 00:00:00+00:00,2023-01-28 00:00:00+00:00,2023-01-29 00:01:00+00:00,62.31,0.032614544616596214,1571.52,2023-01-29 00:02:00+00:00,2023-01-29 00:33:00+00:00,2023-01-29 00:34:00+00:00,target,0.20437300400038277,0.267787741552474,"simulated minute opens; intrabar exits only known within minute, not actual exchange fills"
515,1125.0,1620002.0,1620019.0,-1.0,1.109,1644.43,1637.53,1683.2535900751366,1637.1930322283577,0.9118364350000001,0.908010385,0.0,7.652100000000101,5.832253180000407,9060.317999543184,9066.150252723184,0.20128133141595567,2.0,9055.487974105545,0.0,0.0,2023-01-30 00:00:00+00:00,2023-01-29 00:00:00+00:00,2023-01-30 00:01:00+00:00,67.7,0.035435799559357474,1645.67,2023-01-30 00:02:00+00:00,2023-01-30 00:19:00+00:00,2023-01-30 00:20:00+00:00,target,0.13545939439970445,0.18640645436541242,"simulated minute opens; intrabar exits only known within minute, not actual exchange fills"
516,1126.0,1621442.0,1621490.0,1.0,1.333,1565.91,1574.29,1533.7914307380106,1574.606011958158,1.043679015,1.049264285,0.0,11.170539999999843,9.077596700000868,9066.150252723184,9075.227849423185,0.2302364258052114,2.0,9059.616293821384,0.0,0.0,2023-01-31 00:00:00+00:00,2023-01-30 00:00:00+00:00,2023-01-31 00:01:00+00:00,67.17,0.035158384880384655,1565.92,2023-01-31 00:02:00+00:00,2023-01-31 00:50:00+00:00,2023-01-31 00:51:00+00:00,target,0.21202376558098388,0.27074717703721435,"simulated minute opens; intrabar exits only known within minute, not actual exchange fills"
517,1127.0,1622882.0,1622910.0,-1.0,1.241,1584.97,1577.3,1619.5940965221353,1576.9823364881433,0.9834738850000001,0.97871465,0.0,9.518470000000091,7.556281465000211,9075.227849423185,9082.784130888185,0.21673811419787306,2.0,9068.225525538184,0.0,0.0,2023-02-01 00:00:00+00:00,2023-01-31 00:00:00+00:00,2023-02-01 00:01:00+00:00,65.95,0.03451980769482459,1585.02,2023-02-01 00:02:00+00:00,2023-02-01 00:30:00+00:00,2023-02-01 00:31:00+00:00,target,0.17585628540827195,0.23069666256129331,"simulated minute opens; intrabar exits only known within minute, not actual exchange fills"
518,1128.0,1624322.0,1624360.0,-1.0,1.249,1644.06,1678.74,1678.395975022478,1633.1720385814679,1.02671547,1.04837313,0.0,-43.315320000000085,-45.39040860000023,9082.784130888185,9037.393722288185,0.22607946092397108,1.0,9037.393722288185,0.0,0.0,2023-02-02 00:00:00+00:00,2023-02-01 00:00:00+00:00,2023-02-02 00:01:00+00:00,68.38,0.035791727826718814,1641.8,2023-02-02 00:02:00+00:00,2023-02-02 00:40:00+00:00,2023-02-02 00:41:00+00:00,stop,-1.0584059423449952,0.31710069137120056,"simulated minute opens; intrabar exits only known within minute, not actual exchange fills"
519,1129.0,1625762.0,1625796.0,-1.0,1.211,1646.23,1635.33,1681.5193042438825,1634.9999873882991,0.9967922650000001,0.990192315,0.0,13.199900000000111,11.212915420001082,9037.393722288185,9048.606637708186,0.2205928602051923,2.0,9032.566719678316,0.0,0.0,2023-02-03 00:00:00+00:00,2023-02-02 00:00:00+00:00,2023-02-03 00:01:00+00:00,69.88,0.03657686371060413,1643.81,2023-02-03 00:02:00+00:00,2023-02-03 00:36:00+00:00,2023-02-03 00:37:00+00:00,target,0.2623803500349828,0.31822709039801034,"simulated minute opens; intrabar exits only known within minute, not actual exchange fills"
520,1130.0,1627202.0,1627344.0,-1.0,1.1420000000000001,1662.45,1655.31,1700.012560533322,1654.9773471187434,0.9492589500000002,0.9451820100000001,0.0,8.153880000000115,6.259439039999052,9048.606637708186,9054.866076748185,0.2098132868422329,2.0,9043.579698022726,0.0,0.0,2023-02-04 00:00:00+00:00,2023-02-03 00:00:00+00:00,2023-02-04 00:01:00+00:00,68.01,0.03559806097536044,1663.68,2023-02-04 00:02:00+00:00,2023-02-04 02:24:00+00:00,2023-02-04 02:25:00+00:00,target,0.1459197648450204,0.1989388576060363,"simulated minute opens; intrabar exits only known within minute, not actual exchange fills"
521,1131.0,1628642.0,1628696.0,-1.0,1.1360000000000001,1665.31,1658.04,1703.1080899493738,1657.7000336392628,0.9458960800000001,0.9417667200000001,0.0,8.25871999999998,6.371057199999996,9054.866076748185,9061.237133948185,0.20892547100811315,2.0,9047.383394518425,0.0,0.0,2023-02-05 00:00:00+00:00,2023-02-04 00:00:00+00:00,2023-02-05 00:01:00+00:00,68.55,0.035880709893559154,1666.44,2023-02-05 00:02:00+00:00,2023-02-05 00:56:00+00:00,2023-02-05 00:57:00+00:00,target,0.14837588374205388,0.2013320347914365,"simulated minute opens; intrabar exits only known within minute, not actual exchange fills"
522,1132.0,1630082.0,1630106.0,1.0,1.173,1630.8600000000001,1637.69,1594.2067732335943,1638.0240536240653,0.9564993900000001,0.9605051850000002,0.0,8.011589999999915,6.094585425000332,9061.237133948185,9067.331719373185,0.21111894013157378,2.0,9058.603244558184,0.0,0.0,2023-02-06 00:00:00+00:00,2023-02-05 00:00:00+00:00,2023-02-06 00:01:00+00:00,70.16,0.036723422408929396,1628.98,2023-02-06 00:02:00+00:00,2023-02-06 00:26:00+00:00,2023-02-06 00:27:00+00:00,target,0.1417535496427936,0.1954549232383371,"simulated minute opens; intrabar exits only known within minute, not actual exchange fills"
523,1133.0,1631522.0,1631582.0,1.0,1.229,1615.0900000000001,1622.33,1580.1463547366347,1622.66116806287,0.9924728050000001,0.9969217850000001,0.0,8.897959999999733,6.908565409999937,9067.331719373185,9074.240284783185,0.21891176714743787,2.0,9064.249368311397,0.0,0.0,2023-02-07 00:00:00+00:00,2023-02-06 00:00:00+00:00,2023-02-07 00:01:00+00:00,68.85,0.03603773707033621,1613.9,2023-02-07 00:02:00+00:00,2023-02-07 01:02:00+00:00,2023-02-07 01:03:00+00:00,target,0.16086730384403422,0.21666795223586607,"simulated minute opens; intrabar exits only known within minute, not actual exchange fills"
524,1134.0,1632962.0,1633854.0,-1.0,1.205,1670.77,1662.28,1706.368344483566,1661.946480853552,1.006638925,1.0015237000000001,-0.20214209509687003,10.230450000000012,8.424429470096584,9074.240284783185,9082.664714253282,0.22186737256408284,2.0,9042.284714467734,0.0,0.0,2023-02-08 00:00:00+00:00,2023-02-07 00:00:00+00:00,2023-02-08 00:01:00+00:00,67.34,0.035247366947224995,1670.51,2023-02-08 00:02:00+00:00,2023-02-08 14:54:00+00:00,2023-02-08 14:55:00+00:00,target,0.19639193556434223,0.24786318786598005,"simulated minute opens; intrabar exits only known within minute, not actual exchange fills"
525,1135.0,1634402.0,1634585.0,1.0,1.285,1650.63,1616.95,1617.2753569387016,1658.8644825227946,1.060529775,1.038890375,0.0,-43.27880000000008,-45.37822015000165,9082.664714253282,9037.28649410328,0.2335283330090843,1.0,9036.01716296923,0.0,0.0,2023-02-09 00:00:00+00:00,2023-02-08 00:00:00+00:00,2023-02-09 00:01:00+00:00,66.06,0.034577384326309524,1650.26,2023-02-09 00:02:00+00:00,2023-02-09 03:05:00+00:00,2023-02-09 03:06:00+00:00,stop,-1.0587368581670125,0.24687664945660756,"simulated minute opens; intrabar exits only known within minute, not actual exchange fills"
526,1136.0,1635842.0,1635877.0,1.0,1.413,1543.72,1552.25,1513.5836710898504,1552.5617507705242,1.0906381800000002,1.096664625,0.0,12.052889999999962,9.865587194999534,9037.28649410328,9047.15208129828,0.2413640821748051,2.0,9033.201469024141,0.0,0.0,2023-02-10 00:00:00+00:00,2023-02-09 00:00:00+00:00,2023-02-10 00:01:00+00:00,65.26,0.03415864518823735,1544.68,2023-02-10 00:02:00+00:00,2023-02-10 00:37:00+00:00,2023-02-10 00:38:00+00:00,target,0.23168100603150119,0.2933917663589868,"simulated minute opens; intrabar exits only known within minute, not actual exchange fills"
527,1137.0,1637282.0,1637473.0,1.0,1.352,1513.73,1519.64,1482.0878897089037,1519.9539554054845,1.02328148,1.02727664,0.0,7.9903200000001116,5.939761879999423,9047.15208129828,9053.09184317828,0.22621073920383522,2.0,9037.1713221702,0.0,0.0,2023-02-11 00:00:00+00:00,2023-02-10 00:00:00+00:00,2023-02-11 00:01:00+00:00,65.04,0.034043491925267504,1512.26,2023-02-11 00:02:00+00:00,2023-02-11 03:13:00+00:00,2023-02-11 03:14:00+00:00,target,0.13884393169679962,0.19669849286998567,"simulated minute opens; intrabar exits only known within minute, not actual exchange fills"
528,1138.0,1638722.0,1638849.0,-1.0,1.389,1537.88,1530.46,1568.571663457075,1530.1499562786537,1.0680576600000002,1.0629044699999999,0.0,10.306380000000102,8.175417869999364,9053.09184317828,9061.267261048279,0.23595423055490308,2.0,9051.06537551828,0.0,0.0,2023-02-12 00:00:00+00:00,2023-02-11 00:00:00+00:00,2023-02-12 00:01:00+00:00,63.57,0.03327405875905989,1537.65,2023-02-12 00:02:00+00:00,2023-02-12 02:09:00+00:00,2023-02-12 02:10:00+00:00,target,0.19177292257982145,0.2518613476965045,"simulated minute opens; intrabar exits only known within minute, not actual exchange fills"
529,1139.0,1640162.0,1640208.0,1.0,1.466,1514.06,1521.6200000000001,1484.9691430117714,1521.9334653239027,1.10980598,1.11534746,0.0,11.082960000000254,8.857806559999517,9061.267261048279,9070.125067608278,0.2449560195119129,2.0,9047.947883993098,0.0,0.0,2023-02-13 00:00:00+00:00,2023-02-12 00:00:00+00:00,2023-02-13 00:01:00+00:00,63.66,0.033321166912093005,1514.49,2023-02-13 00:02:00+00:00,2023-02-13 00:48:00+00:00,2023-02-13 00:49:00+00:00,target,0.20769962199616862,0.2706508552528633,"simulated minute opens; intrabar exits only known within minute, not actual exchange fills"
530,1140.0,1641602.0,1642192.0,1.0,1.385,1504.97,1512.19,1474.028351452209,1512.4951399785762,1.0421917250000001,1.047191575,0.091846985505,9.999700000000038,7.818469714495222,9070.125067608278,9077.943537322773,0.22980757536010868,2.0,9053.348440977577,0.0,0.0,2023-02-14 00:00:00+00:00,2023-02-13 00:00:00+00:00,2023-02-14 00:01:00+00:00,66.56,0.03483909628760463,1504.85,2023-02-14 00:02:00+00:00,2023-02-14 09:52:00+00:00,2023-02-14 09:53:00+00:00,target,0.1824435591491195,0.24320423544832076,"simulated minute opens; intrabar exits only known within minute, not actual exchange fills"
531,1141.0,1643042.0,1643074.0,-1.0,1.454,1555.73,1547.72,1585.0305940034007,1547.4033729764283,1.13101571,1.12519244,0.0,11.646539999999986,9.390331849999711,9077.943537322773,9087.333869172773,0.24917883777310956,2.0,9075.184041612774,0.0,0.0,2023-02-15 00:00:00+00:00,2023-02-14 00:00:00+00:00,2023-02-15 00:01:00+00:00,62.52,0.03272446364034016,1554.94,2023-02-15 00:02:00+00:00,2023-02-15 00:34:00+00:00,2023-02-15 00:35:00+00:00,target,0.22041447348303758,0.2841794614336266,"simulated minute opens; intrabar exits only known within minute, not actual exchange fills"
532,1142.0,1644482.0,1644499.0,-1.0,1.235,1674.1200000000001,1709.21,1708.860110284424,1666.6990823072915,1.0337691000000002,1.055437175,0.0,-43.336149999999904,-45.42535627500001,9087.333869172773,9041.908512897773,0.22751867927002994,1.0,9041.908512897773,0.0,0.0,2023-02-16 00:00:00+00:00,2023-02-15 00:00:00+00:00,2023-02-16 00:01:00+00:00,64.07,0.03353577072035499,1675.0,2023-02-16 00:02:00+00:00,2023-02-16 00:19:00+00:00,2023-02-16 00:20:00+00:00,stop,-1.0587665007065734,0.21361238153684944,"simulated minute opens; intrabar exits only known within minute, not actual exchange fills"
533,1143.0,1645922.0,1645950.0,1.0,1.35,1635.92,1647.51,1604.4039303648744,1647.841581616979,1.104246,1.11206925,0.0,15.646499999999891,13.430184749999171,9041.908512897773,9055.338697647772,0.24425064651447323,2.0,9035.336766897772,0.0,0.0,2023-02-17 00:00:00+00:00,2023-02-16 00:00:00+00:00,2023-02-17 00:01:00+00:00,68.54,0.03587547565433325,1639.0,2023-02-17 00:02:00+00:00,2023-02-17 00:30:00+00:00,2023-02-17 00:31:00+00:00,target,0.3156575396353267,0.37826993514737045,"simulated minute opens; intrabar exits only known within minute, not actual exchange fills"
534,1144.0,1647362.0,1648544.0,-1.0,1.117,1693.27,1685.4,1731.716051724244,1685.0604074245548,0.945691295,0.9412959000000001,-0.37826132736185103,8.790789999999879,7.282064132359665,9055.338697647772,9062.620761780132,0.20886933699026722,2.0,9032.279457863293,0.0,0.0,2023-02-18 00:00:00+00:00,2023-02-17 00:00:00+00:00,2023-02-18 00:01:00+00:00,69.26,0.03625234087859821,1694.12,2023-02-18 00:02:00+00:00,2023-02-18 19:44:00+00:00,2023-02-18 19:45:00+00:00,target,0.169570218738222,0.21353538808949388,"simulated minute opens; intrabar exits only known within minute, not actual exchange fills"
535,1145.0,1648802.0,1648852.0,1.0,1.25,1691.54,1700.24,1657.3227923130526,1700.585953560668,1.0572125,1.06265,0.0,10.875000000000057,8.755137500000274,9062.620761780132,9071.375899280132,0.2333127530743847,2.0,9060.132054817632,0.0,0.0,2023-02-19 00:00:00+00:00,2023-02-18 00:00:00+00:00,2023-02-19 00:01:00+00:00,66.51,0.034812925091475114,1691.66,2023-02-19 00:02:00+00:00,2023-02-19 00:52:00+00:00,2023-02-19 00:53:00+00:00,target,0.2046955457055611,0.26436854939857535,"simulated minute opens; intrabar exits only known within minute, not actual exchange fills"
536,1146.0,1650242.0,1650494.0,1.0,1.154,1682.51,1689.0900000000001,1645.2327836806776,1689.436091912431,0.9708082699999999,0.97460493,0.0,7.593320000000178,5.647906800000783,9071.375899280132,9077.023806080133,0.21403771176036027,2.0,9034.595278651172,0.0,0.0,2023-02-20 00:00:00+00:00,2023-02-19 00:00:00+00:00,2023-02-20 00:01:00+00:00,68.43,0.03581789902284833,1680.31,2023-02-20 00:02:00+00:00,2023-02-20 04:14:00+00:00,2023-02-20 04:15:00+00:00,target,0.13129199235469205,0.1857996008366363,"simulated minute opens; intrabar exits only known within minute, not actual exchange fills"
537,1147.0,1651682.0,1651992.0,-1.0,1.149,1703.1000000000001,1695.21,1740.4904505419695,1694.866590318933,0.97843095,0.973898145,0.0,9.065610000000115,7.113280905001375,9077.023806080133,9084.137086985134,0.2155840881114821,2.0,9060.568345130134,0.0,0.0,2023-02-21 00:00:00+00:00,2023-02-20 00:00:00+00:00,2023-02-21 00:01:00+00:00,67.39,0.03527353814335451,1703.7,2023-02-21 00:02:00+00:00,2023-02-21 05:12:00+00:00,2023-02-21 05:13:00+00:00,target,0.16557289121328475,0.22020086844969675,"simulated minute opens; intrabar exits only known within minute, not actual exchange fills"
538,1148.0,1653122.0,1653272.0,1.0,1.24,1659.13,1624.16,1624.485527148622,1668.0594395117323,1.0286606000000003,1.0069792,0.0,-43.362800000000036,-45.39843980000114,9084.137086985134,9038.738647185133,0.22647403713749867,1.0,9036.534026385134,0.0,0.0,2023-02-22 00:00:00+00:00,2023-02-21 00:00:00+00:00,2023-02-22 00:01:00+00:00,67.87,0.03552478162619781,1659.2,2023-02-22 00:02:00+00:00,2023-02-22 02:32:00+00:00,2023-02-22 02:33:00+00:00,stop,-1.056781702439571,0.25774499586236255,"simulated minute opens; intrabar exits only known within minute, not actual exchange fills"
539,1149.0,1654562.0,1654701.0,1.0,1.306,1642.58,1649.81,1609.942027747971,1650.1431757633525,1.07260474,1.07732593,0.0,9.442380000000025,7.292449329999727,9038.738647185133,9046.031096515133,0.23733504903010627,2.0,9029.803918004733,0.0,0.0,2023-02-23 00:00:00+00:00,2023-02-22 00:00:00+00:00,2023-02-23 00:01:00+00:00,62.97,0.03296000440550576,1642.01,2023-02-23 00:02:00+00:00,2023-02-23 02:21:00+00:00,2023-02-23 02:22:00+00:00,target,0.17108308558147864,0.23172933983000074,"simulated minute opens; intrabar exits only known within minute, not actual exchange fills"
540,1150.0,1656002.0,1656311.0,-1.0,1.218,1646.72,1642.1200000000001,1681.8335404699737,1641.782317577583,1.00285248,1.00005108,0.0,5.602799999999889,3.5998964400005207,9046.031096515133,9049.630992955133,0.22172209431964832,2.0,9024.444044035134,0.0,0.0,2023-02-24 00:00:00+00:00,2023-02-23 00:00:00+00:00,2023-02-24 00:01:00+00:00,61.35,0.03211205765090962,1649.69,2023-02-24 00:02:00+00:00,2023-02-24 05:11:00+00:00,2023-02-24 05:12:00+00:00,target,0.08417208747513806,0.14062046596068528,"simulated minute opens; intrabar exits only known within minute, not actual exchange fills"
541,1151.0,1657442.0,1658609.0,1.0,1.471,1607.96,1578.82,1579.1382883382269,1614.082255684762,1.1826545800000001,1.16122211,0.3564709380408,-42.864940000000146,-45.565287628040096,9049.630992955133,9004.065705327093,0.26137078537692005,1.0,9000.818965376733,0.0,0.0,2023-02-25 00:00:00+00:00,2023-02-24 00:00:00+00:00,2023-02-25 00:01:00+00:00,55.4,0.028997685311497837,1607.12,2023-02-25 00:02:00+00:00,2023-02-25 19:29:00+00:00,2023-02-25 19:30:00+00:00,stop,-1.0747356974597468,0.2124181851726051,"simulated minute opens; intrabar exits only known within minute, not actual exchange fills"
542,1152.0,1658882.0,1659051.0,1.0,1.502,1592.99,1600.39,1564.9213335197633,1600.719352732793,1.19633549,1.20189289,0.0,11.114800000000137,8.71657161999974,9004.065705327093,9012.782276947093,0.26573228786907,2.0,8994.504555352094,0.0,0.0,2023-02-26 00:00:00+00:00,2023-02-25 00:00:00+00:00,2023-02-26 00:01:00+00:00,57.26,0.029971253807515637,1593.59,2023-02-26 00:02:00+00:00,2023-02-26 02:51:00+00:00,2023-02-26 02:52:00+00:00,target,0.20675403315244634,0.27537299423309514,"simulated minute opens; intrabar exits only known within minute, not actual exchange fills"
543,1153.0,1660322.0,1660387.0,-1.0,1.365,1639.1200000000001,1633.3600000000001,1670.1205381896536,1633.027788695748,1.1186994,1.1147682,0.0,7.862399999999988,5.628932400000849,9012.782276947093,9018.411209347094,0.24824729270591853,2.0,9009.111027547093,0.0,0.0,2023-02-27 00:00:00+00:00,2023-02-26 00:00:00+00:00,2023-02-27 00:01:00+00:00,57.68,0.030191091855003526,1640.49,2023-02-27 00:02:00+00:00,2023-02-27 01:07:00+00:00,2023-02-27 01:08:00+00:00,target,0.13302220673629897,0.19651953353136678,"simulated minute opens; intrabar exits only known within minute, not actual exchange fills"
544,1154.0,1661762.0,1662540.0,1.0,1.389,1633.58,1639.53,1603.0808265795151,1639.8645238990387,1.1345213099999998,1.1386535850000001,0.08151547543860001,8.264550000000064,5.909859629562561,9018.411209347094,9024.321068976657,0.2516011487309716,2.0,8992.812510451946,0.0,0.0,2023-02-28 00:00:00+00:00,2023-02-27 00:00:00+00:00,2023-02-28 00:01:00+00:00,57.4,0.030044533156678266,1632.6,2023-02-28 00:02:00+00:00,2023-02-28 13:00:00+00:00,2023-02-28 13:01:00+00:00,target,0.13950406110819788,0.20605554820766803,"simulated minute opens; intrabar exits only known within minute, not actual exchange fills"
545,1155.0,1663202.0,1663291.0,1.0,1.486,1604.6100000000001,1611.3600000000001,1576.1644107937545,1611.6855311484442,1.19222523,1.1972404800000003,0.0,10.0305,7.6410342900016985,9024.321068976657,9031.962103266658,0.26422491418187016,2.0,9008.887043998177,0.0,0.0,2023-03-01 00:00:00+00:00,2023-02-28 00:00:00+00:00,2023-03-01 00:01:00+00:00,56.25,0.029442595645699524,1604.72,2023-03-01 00:02:00+00:00,2023-03-01 01:31:00+00:00,2023-03-01 01:32:00+00:00,target,0.18076668979217872,0.2487391312987998,"simulated minute opens; intrabar exits only known within minute, not actual exchange fills"
546,1156.0,1664642.0,1664703.0,-1.0,1.334,1663.98,1656.82,1695.7938444810384,1656.4798056257275,1.1098746600000002,1.1050989400000002,0.0,9.55144000000011,7.336466400000063,9031.962103266658,9039.298569666658,0.24576601347753294,2.0,9012.914228809019,0.0,0.0,2023-03-02 00:00:00+00:00,2023-03-01 00:00:00+00:00,2023-03-02 00:01:00+00:00,60.16,0.03148918318302726,1664.46,2023-03-02 00:02:00+00:00,2023-03-02 01:03:00+00:00,2023-03-02 01:04:00+00:00,target,0.17286813617505142,0.23575253153521736,"simulated minute opens; intrabar exits only known within minute, not actual exchange fills"
547,1157.0,1666082.0,1666160.0,1.0,1.322,1648.18,1615.63,1615.9594465443251,1654.9576831020265,1.0894469800000002,1.06793143,0.0,-43.031099999999945,-45.18847841000024,9039.298569666658,8994.110091256658,0.24104679618745586,1.0,8993.739615853898,0.0,0.0,2023-03-03 00:00:00+00:00,2023-03-02 00:00:00+00:00,2023-03-03 00:01:00+00:00,60.01,0.03141066959463872,1647.29,2023-03-03 00:02:00+00:00,2023-03-03 01:20:00+00:00,2023-03-03 01:21:00+00:00,stop,-1.0608726832400148,0.21035278339803698,"simulated minute opens; intrabar exits only known within minute, not actual exchange fills"
548,1158.0,1667522.0,1667585.0,1.0,1.437,1569.15,1575.53,1539.7462599447385,1575.847135042066,1.1274342750000002,1.1320183050000001,0.0,9.16805999999983,6.908607420000408,8994.110091256658,9001.018698676658,0.2507050199654549,2.0,8991.065461488668,0.0,0.0,2023-03-04 00:00:00+00:00,2023-03-03 00:00:00+00:00,2023-03-04 00:01:00+00:00,57.76,0.030232965768810745,1568.86,2023-03-04 00:02:00+00:00,2023-03-04 01:05:00+00:00,2023-03-04 01:06:00+00:00,target,0.16350505041075525,0.22776473433240824,"simulated minute opens; intrabar exits only known within minute, not actual exchange fills"
549,1159.0,1668962.0,1669029.0,1.0,1.3760000000000001,1568.26,1572.6000000000001,1537.434060375311,1572.918929569941,1.07896288,1.0819488000000002,0.0,5.971840000000201,3.8109283200010395,9001.018698676658,9004.82962699666,0.2397423927490853,2.0,8994.028885194099,0.0,0.0,2023-03-05 00:00:00+00:00,2023-03-04 00:00:00+00:00,2023-03-05 00:01:00+00:00,56.88,0.029772352716931356,1566.05,2023-03-05 00:02:00+00:00,2023-03-05 01:09:00+00:00,2023-03-05 01:10:00+00:00,target,0.08984543646424849,0.15113666044455382,"simulated minute opens; intrabar exits only known within minute, not actual exchange fills"
550,1160.0,1670402.0,1670485.0,1.0,1.446,1564.72,1570.6000000000001,1535.463669545854,1570.9209365649501,1.1312925600000001,1.1355438000000002,0.0,8.502480000000158,6.2356436400004895,9004.82962699666,9011.06527063666,0.25126351232862026,2.0,8992.964553714639,0.0,0.0,2023-03-06 00:00:00+00:00,2023-03-05 00:00:00+00:00,2023-03-06 00:01:00+00:00,57.04,0.029856100544545794,1564.06,2023-03-06 00:02:00+00:00,2023-03-06 01:25:00+00:00,2023-03-06 01:26:00+00:00,target,0.14739852650895965,0.2119519594116193,"simulated minute opens; intrabar exits only known within minute, not actual exchange fills"
551,1161.0,1671842.0,1672711.0,-1.0,1.51,1565.17,1558.21,1593.0811290582963,1557.8884278250723,1.18170335,1.1764485500000001,-0.179380549962,10.509600000000056,8.330828649963223,9011.06527063666,9019.396099286623,0.26227827998331854,2.0,8982.58610486986,0.0,0.0,2023-03-07 00:00:00+00:00,2023-03-06 00:00:00+00:00,2023-03-07 00:01:00+00:00,57.61,0.03015445218042221,1565.17,2023-03-07 00:02:00+00:00,2023-03-07 14:31:00+00:00,2023-03-07 14:32:00+00:00,target,0.19766685377282972,0.260884185649359,"simulated minute opens; intrabar exits only known within minute, not actual exchange fills"
552,1162.0,1673282.0,1673284.0,1.0,1.348,1564.66,1567.8400000000001,1533.0845700970704,1568.1616692433588,1.05458084,1.0567241600000001,0.0,4.286640000000086,2.1753349999999045,9019.396099286623,9021.571434286623,0.23384732822265356,2.0,9017.697541466583,0.0,0.0,2023-03-08 00:00:00+00:00,2023-03-07 00:00:00+00:00,2023-03-08 00:01:00+00:00,57.07,0.0298718032622235,1561.29,2023-03-08 00:02:00+00:00,2023-03-08 00:04:00+00:00,2023-03-08 00:05:00+00:00,target,0.051107776044886005,0.11089854529688659,"simulated minute opens; intrabar exits only known within minute, not actual exchange fills"
553,1163.0,1674722.0,1674748.0,1.0,1.524,1531.79,1538.26,1504.0351089907185,1538.5730913285308,1.16722398,1.1721541199999999,0.0,9.860280000000042,7.520901900001263,9021.571434286623,9029.092336186624,0.25876289701901534,2.0,9019.383855730624,0.0,0.0,2023-03-09 00:00:00+00:00,2023-03-08 00:00:00+00:00,2023-03-09 00:01:00+00:00,57.31,0.02999742500364515,1531.82,2023-03-09 00:02:00+00:00,2023-03-09 00:28:00+00:00,2023-03-09 00:29:00+00:00,target,0.17780559824034392,0.24439264871415123,"simulated minute opens; intrabar exits only known within minute, not actual exchange fills"
554,1164.0,1676162.0,1676557.0,1.0,1.5170000000000001,1436.21,1407.9,1408.182565421171,1443.1092716929024,1.0893652850000002,1.0678921500000003,0.0,-42.94626999999992,-45.103527435001524,9029.092336186624,8983.988808751623,0.2413011727954232,1.0,8983.988808751623,0.0,0.0,2023-03-10 00:00:00+00:00,2023-03-09 00:00:00+00:00,2023-03-10 00:01:00+00:00,60.78,0.031813706015033194,1436.42,2023-03-10 00:02:00+00:00,2023-03-10 06:37:00+00:00,2023-03-10 06:38:00+00:00,stop,-1.0608197092166078,0.2461613699783232,"simulated minute opens; intrabar exits only known within minute, not actual exchange fills"
555,1165.0,1677602.0,1677629.0,1.0,1.414,1426.38,1432.44,1396.3313601485693,1432.7346884497024,1.00845066,1.0127350800000001,0.0,8.568839999999922,6.547654260000854,8983.988808751623,8990.536463011624,0.22449953611198453,2.0,8979.459498091623,0.0,0.0,2023-03-11 00:00:00+00:00,2023-03-10 00:00:00+00:00,2023-03-11 00:01:00+00:00,63.61,0.0332949957159635,1425.79,2023-03-11 00:02:00+00:00,2023-03-11 00:29:00+00:00,2023-03-11 00:30:00+00:00,target,0.15410314819225032,0.21148006968440827,"simulated minute opens; intrabar exits only known within minute, not actual exchange fills"
556,1166.0,1679042.0,1679053.0,-1.0,1.278,1468.91,1463.1000000000001,1502.267313594128,1462.8055856555306,0.9386334900000001,0.9349209,0.0,7.425179999999931,5.551625609999974,8990.536463011624,8996.088088621624,0.20880477908335612,2.0,8985.265409521624,0.0,0.0,2023-03-12 00:00:00+00:00,2023-03-11 00:00:00+00:00,2023-03-12 00:01:00+00:00,68.47,0.03583883597975193,1471.03,2023-03-12 00:02:00+00:00,2023-03-12 00:13:00+00:00,2023-03-12 00:14:00+00:00,target,0.13022616427854933,0.1830007781425193,"simulated minute opens; intrabar exits only known within minute, not actual exchange fills"
557,1167.0,1680482.0,1680521.0,-1.0,1.21,1576.8,1612.3700000000001,1612.043349504294,1570.7804813914831,0.9539639999999999,0.97548385,0.0,-43.039700000000195,-44.96914785000081,8996.088088621624,8951.118940771623,0.21208418383688055,1.0,8951.118940771623,0.0,0.0,2023-03-13 00:00:00+00:00,2023-03-12 00:00:00+00:00,2023-03-13 00:01:00+00:00,65.83,0.03445699682411377,1579.26,2023-03-13 00:02:00+00:00,2023-03-13 00:41:00+00:00,2023-03-13 00:42:00+00:00,stop,-1.05451341948848,0.17079870935035313,"simulated minute opens; intrabar exits only known within minute, not actual exchange fills"
558,1168.0,1681922.0,1681982.0,-1.0,1.124,1672.92,1664.83,1710.6824477430685,1664.4898060132518,0.9401810400000001,0.9356344600000002,0.0,9.093160000000164,7.217344500000763,8951.118940771623,8958.336285271624,0.21007005855269145,2.0,8943.663813183663,0.0,0.0,2023-03-14 00:00:00+00:00,2023-03-13 00:00:00+00:00,2023-03-14 00:01:00+00:00,68.8,0.0360115658742067,1673.9,2023-03-14 00:02:00+00:00,2023-03-14 01:02:00+00:00,2023-03-14 01:03:00+00:00,target,0.17003995725301813,0.2232427845807657,"simulated minute opens; intrabar exits only known within minute, not actual exchange fills"
559,1169.0,1683362.0,1683389.0,-1.0,1.172,1700.6100000000001,1691.1200000000001,1736.7200733899558,1690.7799734368912,0.99655746,0.99099632,0.0,11.12228000000001,9.13472622000154,8958.336285271624,8967.471011491625,0.2224871735700383,2.0,8954.896712458145,0.0,0.0,2023-03-15 00:00:00+00:00,2023-03-14 00:00:00+00:00,2023-03-15 00:01:00+00:00,66.9,0.0350170604212853,1699.93,2023-03-15 00:02:00+00:00,2023-03-15 00:29:00+00:00,2023-03-15 00:30:00+00:00,target,0.21584378729535666,0.2722239430796411,"simulated minute opens; intrabar exits only known within minute, not actual exchange fills"
560,1170.0,1684802.0,1684823.0,1.0,1.202,1650.63,1658.1000000000001,1615.3176519412482,1658.4342471056182,0.9920286300000001,0.9965181000000001,0.0,8.978940000000032,6.990393269999913,8967.471011491625,8974.461404761625,0.22125047936675485,2.0,8960.643677635124,0.0,0.0,2023-03-16 00:00:00+00:00,2023-03-15 00:00:00+00:00,2023-03-16 00:01:00+00:00,65.06,0.03405396040371931,1649.81,2023-03-16 00:02:00+00:00,2023-03-16 00:23:00+00:00,2023-03-16 00:24:00+00:00,target,0.16469125729968453,0.22100617870648315,"simulated minute opens; intrabar exits only known within minute, not actual exchange fills"
561,1171.0,1686242.0,1686277.0,-1.0,1.209,1671.66,1664.43,1706.709114176391,1664.0884392126063,1.01051847,1.006147935,0.0,8.741070000000022,6.724403594998876,8974.461404761625,8981.185808356624,0.22519868868428009,2.0,8971.226326291624,0.0,0.0,2023-03-17 00:00:00+00:00,2023-03-16 00:00:00+00:00,2023-03-17 00:01:00+00:00,62.78,0.032860553860213616,1672.56,2023-03-17 00:02:00+00:00,2023-03-17 00:37:00+00:00,2023-03-17 00:38:00+00:00,target,0.158690315880953,0.216027165459547,"simulated minute opens; intrabar exits only known within minute, not actual exchange fills"
562,1172.0,1687682.0,1687735.0,1.0,1.188,1786.72,1798.52,1751.0507621393656,1798.883472832321,1.06131168,1.06832088,0.0,14.018399999999945,11.888767440001175,8981.185808356624,8993.074575796625,0.2363411029782934,2.0,8958.094145781544,0.0,0.0,2023-03-18 00:00:00+00:00,2023-03-17 00:00:00+00:00,2023-03-18 00:01:00+00:00,66.56,0.03483909628760463,1789.21,2023-03-18 00:02:00+00:00,2023-03-18 00:55:00+00:00,2023-03-18 00:56:00+00:00,target,0.2805605221816475,0.3410073655020542,"simulated minute opens; intrabar exits only known within minute, not actual exchange fills"
563,1173.0,1689122.0,1689133.0,1.0,1.052,1760.05,1768.1200000000001,1719.4117889788492,1768.4784473055154,0.9257863,0.9300311200000001,0.0,8.489640000000172,6.633822579999105,8993.074575796625,8999.708398376624,0.20588871852382964,2.0,8990.132154625026,0.0,0.0,2023-03-19 00:00:00+00:00,2023-03-18 00:00:00+00:00,2023-03-19 00:01:00+00:00,69.53,0.03639366533769756,1758.52,2023-03-19 00:02:00+00:00,2023-03-19 00:13:00+00:00,2023-03-19 00:14:00+00:00,target,0.15517206199645822,0.2074020261651951,"simulated minute opens; intrabar exits only known within minute, not actual exchange fills"
564,1174.0,1690562.0,1690802.0,1.0,0.925,1783.75,1736.8700000000001,1737.223503510715,1790.912248910756,0.824984375,0.8033023750000001,0.0,-43.36399999999989,-44.99228674999904,8999.708398376624,8954.716111626625,0.18333580122413998,1.0,8954.716111626625,0.0,0.0,2023-03-20 00:00:00+00:00,2023-03-19 00:00:00+00:00,2023-03-20 00:01:00+00:00,75.18,0.03935101050033227,1779.99,2023-03-20 00:02:00+00:00,2023-03-20 04:02:00+00:00,2023-03-20 04:03:00+00:00,stop,-1.0454324668783275,0.15393914116025276,"simulated minute opens; intrabar exits only known within minute, not actual exchange fills"
565,1175.0,1692002.0,1692023.0,1.0,1.112,1732.29,1740.91,1694.0908148712472,1741.2670372366163,0.9631532400000001,0.9679459600000001,0.0,9.585440000000132,7.654340799999773,8954.716111626625,8962.370452426625,0.2151164208878629,2.0,8949.303980093506,0.0,0.0,2023-03-21 00:00:00+00:00,2023-03-20 00:00:00+00:00,2023-03-21 00:01:00+00:00,67.72,0.03544626803780927,1731.71,2023-03-21 00:02:00+00:00,2023-03-21 00:23:00+00:00,2023-03-21 00:24:00+00:00,target,0.18019756119924696,0.23500598785965254,"simulated minute opens; intrabar exits only known within minute, not actual exchange fills"
566,1176.0,1693442.0,1693473.0,-1.0,1.01,1799.94,1790.28,1842.09440276635,1789.9211378420619,0.9089697,0.9040914,0.0,9.756600000000082,7.943538900000931,8962.370452426625,8970.313991326626,0.20284135872868098,2.0,8960.390882726626,0.0,0.0,2023-03-22 00:00:00+00:00,2023-03-21 00:00:00+00:00,2023-03-22 00:01:00+00:00,70.31,0.03680193599731793,1800.14,2023-03-22 00:02:00+00:00,2023-03-22 00:33:00+00:00,2023-03-22 00:34:00+00:00,target,0.1865733940910944,0.23767059904679375,"simulated minute opens; intrabar exits only known within minute, not actual exchange fills"
567,1177.0,1694882.0,1694899.0,1.0,1.158,1733.58,1742.6000000000001,1696.9227611709698,1742.9581692473928,1.00374282,1.0089654000000001,0.0,10.445160000000241,8.43245178000143,8970.313991326626,8978.746443106627,0.22379212611075072,2.0,8964.597236320447,0.0,0.0,2023-03-23 00:00:00+00:00,2023-03-22 00:00:00+00:00,2023-03-23 00:01:00+00:00,65.54,0.034305203886562614,1733.61,2023-03-23 00:02:00+00:00,2023-03-23 00:19:00+00:00,2023-03-23 00:20:00+00:00,target,0.19864862255349253,0.2558340329759362,"simulated minute opens; intrabar exits only known within minute, not actual exchange fills"
568,1178.0,1696322.0,1696616.0,-1.0,1.0150000000000001,1813.8500000000001,1803.3500000000001,1855.8474152394772,1802.988142307098,0.9205288750000002,0.9152001250000003,0.0,10.6575,8.821771000000808,8978.746443106627,8987.568214106628,0.20504619009633135,2.0,8973.441114231628,0.0,0.0,2023-03-24 00:00:00+00:00,2023-03-23 00:00:00+00:00,2023-03-24 00:01:00+00:00,69.75,0.03650881860066741,1813.27,2023-03-24 00:02:00+00:00,2023-03-24 04:56:00+00:00,2023-03-24 04:57:00+00:00,target,0.2069508313890467,0.2586315760378519,"simulated minute opens; intrabar exits only known within minute, not actual exchange fills"
569,1179.0,1697762.0,1697906.0,1.0,1.105,1749.22,1758.14,1710.665604034052,1758.4928062897338,0.96644405,0.97137235,0.0,9.85660000000008,7.918783600000097,8987.568214106628,8995.486997706628,0.2150624122069187,2.0,8982.623770056627,0.0,0.0,2023-03-25 00:00:00+00:00,2023-03-24 00:00:00+00:00,2023-03-25 00:01:00+00:00,66.91,0.0350222946605112,1748.77,2023-03-25 00:02:00+00:00,2023-03-25 02:26:00+00:00,2023-03-25 02:27:00+00:00,target,0.1858755615398439,0.24051229587214173,"simulated minute opens; intrabar exits only known within minute, not actual exchange fills"
570,1180.0,1699202.0,1699242.0,1.0,1.06,1744.95,1749.92,1704.6139116903337,1750.276137888723,0.9248235000000001,0.9274576000000001,0.0,5.2682000000000295,3.415918900000179,8995.486997706628,8998.902916606628,0.20561944011164288,2.0,8987.62520282943,0.0,0.0,2023-03-26 00:00:00+00:00,2023-03-25 00:00:00+00:00,2023-03-26 00:01:00+00:00,64.24,0.03362475278719533,1741.02,2023-03-26 00:02:00+00:00,2023-03-26 00:42:00+00:00,2023-03-26 00:43:00+00:00,target,0.07989284868825258,0.13204398621486088,"simulated minute opens; intrabar exits only known within minute, not actual exchange fills"
571,1181.0,1700642.0,1700738.0,-1.0,1.108,1772.6200000000001,1763.6000000000001,1811.0454580409316,1763.2408226131251,0.9820314800000001,0.9770344000000002,0.0,9.994159999999981,8.035094119999485,8998.902916606628,9006.938010726628,0.21825582275985075,2.0,8989.976525126629,0.0,0.0,2023-03-27 00:00:00+00:00,2023-03-26 00:00:00+00:00,2023-03-27 00:01:00+00:00,64.97,0.034006852250686184,1772.63,2023-03-27 00:02:00+00:00,2023-03-27 01:38:00+00:00,2023-03-27 01:39:00+00:00,target,0.18872618232096766,0.244087588412976,"simulated minute opens; intrabar exits only known within minute, not actual exchange fills"
572,1182.0,1702082.0,1702177.0,1.0,1.078,1717.66,1723.21,1677.94757217035,1723.555845072723,0.9258187400000001,0.9288101900000001,0.0,5.982899999999951,4.128271070001574,9006.938010726628,9011.06628179663,0.20557901895126074,2.0,8987.837111986628,0.0,0.0,2023-03-28 00:00:00+00:00,2023-03-27 00:00:00+00:00,2023-03-28 00:01:00+00:00,65.05,0.0340487261644934,1714.35,2023-03-28 00:02:00+00:00,2023-03-28 01:37:00+00:00,2023-03-28 01:38:00+00:00,target,0.09643240691374275,0.14846347591775844,"simulated minute opens; intrabar exits only known within minute, not actual exchange fills"
573,1183.0,1703522.0,1703908.0,-1.0,1.113,1772.3600000000001,1811.04,1810.6740272670922,1762.5624485659848,0.9863183400000001,1.00784376,0.0,-43.050839999999816,-45.04500209999969,9011.06628179663,8966.02127969663,0.2189126811756949,1.0,8966.02127969663,0.0,0.0,2023-03-29 00:00:00+00:00,2023-03-28 00:00:00+00:00,2023-03-29 00:01:00+00:00,65.26,0.03415864518823735,1772.09,2023-03-29 00:02:00+00:00,2023-03-29 06:28:00+00:00,2023-03-29 06:29:00+00:00,stop,-1.0563154773019863,0.255717086739937,"simulated minute opens; intrabar exits only known within minute, not actual exchange fills"
574,1184.0,1704962.0,1705013.0,-1.0,1.067,1792.07,1782.41,1831.8792853143889,1782.0456736412748,0.956069345,0.950915735,0.0,10.307219999999845,8.400234920000003,8966.02127969663,8974.42151461663,0.2132650180442911,2.0,8958.07636035163,0.0,0.0,2023-03-30 00:00:00+00:00,2023-03-29 00:00:00+00:00,2023-03-30 00:01:00+00:00,66.75,0.034938546832896766,1791.89,2023-03-30 00:02:00+00:00,2023-03-30 00:53:00+00:00,2023-03-30 00:54:00+00:00,target,0.1977619024764159,0.25180874963112904,"simulated minute opens; intrabar exits only known within minute, not actual exchange fills"
575,1185.0,1706402.0,1706842.0,-1.0,1.08,1792.8600000000001,1783.46,1832.1903644139425,1783.1012742130852,0.9681444000000001,0.9630684000000002,0.0,10.152000000000099,8.220787199999904,8974.42151461663,8982.64230181663,0.21575639130013774,2.0,8947.34040686503,0.0,0.0,2023-03-31 00:00:00+00:00,2023-03-30 00:00:00+00:00,2023-03-31 00:01:00+00:00,65.54,0.034305203886562614,1792.77,2023-03-31 00:02:00+00:00,2023-03-31 07:22:00+00:00,2023-03-31 07:23:00+00:00,target,0.19353596422060018,0.24812192646390957,"simulated minute opens; intrabar exits only known within minute, not actual exchange fills"
576,1186.0,1707842.0,1708231.0,-1.0,1.091,1820.41,1811.81,1859.3361637600037,1811.4418476591907,0.9930336550000001,0.988342355,0.0,9.38260000000015,7.40122399000029,8982.64230181663,8990.04352580663,0.22110056743530157,2.0,8957.37916311595,0.0,0.0,2023-04-01 00:00:00+00:00,2023-03-31 00:00:00+00:00,2023-04-01 00:01:00+00:00,62.74,0.03283961690331001,1820.81,2023-04-01 00:02:00+00:00,2023-04-01 06:31:00+00:00,2023-04-01 06:32:00+00:00,target,0.1742758428964599,0.23038880471504677,"simulated minute opens; intrabar exits only known within minute, not actual exchange fills"
577,1187.0,1709282.0,1710278.0,1.0,1.1520000000000001,1820.13,1782.93,1783.2891210049065,1829.3015517188485,1.0483948800000003,1.0269676800000003,0.17772196226874593,-42.854400000000055,-45.10748452226835,8990.04352580663,8944.936041284362,0.23323466165441803,1.0,8944.936041284362,0.0,0.0,2023-04-02 00:00:00+00:00,2023-04-01 00:00:00+00:00,2023-04-02 00:01:00+00:00,62.33,0.03262501309504802,1819.82,2023-04-02 00:02:00+00:00,2023-04-02 16:38:00+00:00,2023-04-02 16:39:00+00:00,stop,-1.0628357304369958,0.24895040425256493,"simulated minute opens; intrabar exits only known within minute, not actual exchange fills"
578,1188.0,1710722.0,1711202.0,1.0,1.179,1792.73,1802.6100000000001,1756.9426288366526,1802.9726142461695,1.056814335,1.0626385950000001,-0.04145563670994697,11.64852000000013,9.570522706711927,8944.936041284362,8954.506563991074,0.2362933239818352,2.0,8908.454864473733,0.0,0.0,2023-04-03 00:00:00+00:00,2023-04-02 00:00:00+00:00,2023-04-03 00:01:00+00:00,63.1,0.033028049515442484,1793.56,2023-04-03 00:02:00+00:00,2023-04-03 08:02:00+00:00,2023-04-03 08:03:00+00:00,target,0.22682559321031434,0.28620750597796824,"simulated minute opens; intrabar exits only known within minute, not actual exchange fills"
579,1189.0,1712162.0,1712827.0,-1.0,1.067,1808.81,1848.9,1848.524800528674,1800.3822889125468,0.9650001349999999,0.98638815,-0.06257977988258172,-42.776030000000155,-44.66483850511759,8954.506563991074,8909.841725485956,0.215533961163326,1.0,8893.856190489536,0.0,0.0,2023-04-04 00:00:00+00:00,2023-04-03 00:00:00+00:00,2023-04-04 00:01:00+00:00,63.73,0.03335780658667432,1809.68,2023-04-04 00:02:00+00:00,2023-04-04 11:07:00+00:00,2023-04-04 11:08:00+00:00,stop,-1.0540202702095804,0.21220580174810144,"simulated minute opens; intrabar exits only known within minute, not actual exchange fills"
580,1190.0,1713602.0,1713632.0,-1.0,0.998,1868.39,1911.1000000000001,1910.7138497579065,1859.3117150199478,0.9323266100000001,0.9536389000000001,0.0,-42.62458000000004,-44.510545510000156,8909.841725485956,8865.331179975956,0.20928017325675885,1.0,8865.331179975956,0.0,0.0,2023-04-05 00:00:00+00:00,2023-04-04 00:00:00+00:00,2023-04-05 00:01:00+00:00,65.42,0.03424239301585178,1869.11,2023-04-05 00:02:00+00:00,2023-04-05 00:32:00+00:00,2023-04-05 00:33:00+00:00,stop,-1.0537733513163847,0.21449572834183042,"simulated minute opens; intrabar exits only known within minute, not actual exchange fills"
581,1191.0,1715042.0,1715047.0,-1.0,0.979,1906.46,1898.07,1949.3673973834432,1897.6807212921983,0.93321217,0.9291052649999999,0.0,8.213810000000098,6.351492564999717,8865.331179975956,8871.682672540956,0.21053069559495713,2.0,8863.311277805955,0.0,0.0,2023-04-06 00:00:00+00:00,2023-04-05 00:00:00+00:00,2023-04-06 00:01:00+00:00,64.24,0.03362475278719533,1907.48,2023-04-06 00:02:00+00:00,2023-04-06 00:07:00+00:00,2023-04-06 00:08:00+00:00,target,0.1512031816337376,0.20460990978654464,"simulated minute opens; intrabar exits only known within minute, not actual exchange fills"
582,1192.0,1716482.0,1716539.0,1.0,1.123,1871.71,1880.89,1834.4733831542742,1881.2691136177198,1.050965165,1.056119735,0.0,10.309140000000072,8.202055099998688,8871.682672540956,8879.884727640954,0.23692577919922178,2.0,8867.273797000955,0.0,0.0,2023-04-07 00:00:00+00:00,2023-04-06 00:00:00+00:00,2023-04-07 00:01:00+00:00,62.66,0.03279774298950279,1871.33,2023-04-07 00:02:00+00:00,2023-04-07 00:59:00+00:00,2023-04-07 01:00:00+00:00,target,0.19614295332625462,0.25671273137739314,"simulated minute opens; intrabar exits only known within minute, not actual exchange fills"
583,1193.0,1717922.0,1718267.0,1.0,1.192,1863.05,1871.8500000000001,1828.0385588915276,1872.2326430308128,1.1103778,1.1156226,0.0,10.489600000000216,8.263599600000816,8879.884727640954,8888.148327240955,0.2500883365171757,2.0,8867.998669840954,0.0,0.0,2023-04-08 00:00:00+00:00,2023-04-07 00:00:00+00:00,2023-04-08 00:01:00+00:00,59.6,0.031196065786376737,1862.87,2023-04-08 00:02:00+00:00,2023-04-08 05:47:00+00:00,2023-04-08 05:48:00+00:00,target,0.19800813050003502,0.26227549452658144,"simulated minute opens; intrabar exits only known within minute, not actual exchange fills"
584,1194.0,1719362.0,1719408.0,1.0,1.303,1846.77,1856.6100000000001,1814.878719211265,1856.9830954818126,1.2031706549999999,1.2095814150000002,0.0,12.82152000000019,10.408767929999158,8888.148327240955,8898.557095170954,0.2707359532496655,2.0,8886.463046585955,0.0,0.0,2023-04-09 00:00:00+00:00,2023-04-08 00:00:00+00:00,2023-04-09 00:01:00+00:00,57.46,0.030075938592033682,1848.02,2023-04-09 00:02:00+00:00,2023-04-09 00:48:00+00:00,2023-04-09 00:49:00+00:00,target,0.2504857065138969,0.3202472659994327,"simulated minute opens; intrabar exits only known within minute, not actual exchange fills"
585,1195.0,1720802.0,1721715.0,1.0,1.241,1856.79,1866.8600000000001,1823.1636677765262,1867.2397833116888,1.152138195,1.1583866300000003,-0.1146518070854,12.496870000000204,10.300996982085053,8898.557095170954,8908.85809215304,0.2589494415055761,2.0,8883.630207446764,0.0,0.0,2023-04-10 00:00:00+00:00,2023-04-09 00:00:00+00:00,2023-04-10 00:01:00+00:00,60.36,0.031593867967545305,1857.84,2023-04-10 00:02:00+00:00,2023-04-10 15:15:00+00:00,2023-04-10 15:16:00+00:00,target,0.24684707134384634,0.31076191248696744,"simulated minute opens; intrabar exits only known within minute, not actual exchange fills"
586,1196.0,1722242.0,1722280.0,1.0,1.11,1908.93,1918.72,1871.0915990977962,1919.1099210003829,1.0594561500000002,1.0648896000000003,0.0,10.86689999999996,8.742554250000467,8908.85809215304,8917.60064640304,0.237843310341462,2.0,8905.545336003039,0.0,0.0,2023-04-11 00:00:00+00:00,2023-04-10 00:00:00+00:00,2023-04-11 00:01:00+00:00,64.04,0.03352006800267729,1908.9,2023-04-11 00:02:00+00:00,2023-04-11 00:40:00+00:00,2023-04-11 00:41:00+00:00,target,0.20815295605004508,0.26903676576326746,"simulated minute opens; intrabar exits only known within minute, not actual exchange fills"
587,1197.0,1723682.0,1723817.0,1.0,1.12,1889.99,1852.0900000000001,1852.4616167677548,1898.7647566484457,1.0583944,1.0371704000000002,0.0,-42.44799999999985,-44.54356480000024,8917.60064640304,8873.05708160304,0.23737201114223677,1.0,8873.05708160304,0.0,0.0,2023-04-12 00:00:00+00:00,2023-04-11 00:00:00+00:00,2023-04-12 00:01:00+00:00,62.61,0.03277157179337328,1888.89,2023-04-12 00:02:00+00:00,2023-04-12 02:17:00+00:00,2023-04-12 02:18:00+00:00,stop,-1.0597589497494802,0.2338165381157741,"simulated minute opens; intrabar exits only known within minute, not actual exchange fills"
588,1198.0,1725122.0,1725630.0,1.0,1.12,1917.78,1926.3400000000001,1880.4555654784835,1926.729831352447,1.0739568000000002,1.0787504,0.21521582703712003,9.587200000000195,7.219276972962689,8873.05708160304,8880.276358576002,0.24207142817252678,2.0,8850.69330326544,0.0,0.0,2023-04-13 00:00:00+00:00,2023-04-12 00:00:00+00:00,2023-04-13 00:01:00+00:00,61.48,0.03218010276084634,1916.86,2023-04-13 00:02:00+00:00,2023-04-13 08:30:00+00:00,2023-04-13 08:31:00+00:00,target,0.17269606610806193,0.23978478085951316,"simulated minute opens; intrabar exits only known within minute, not actual exchange fills"
589,1199.0,1726562.0,1726584.0,1.0,1.105,2011.07,2021.98,1973.2998269474908,2022.3917186631202,1.1111161749999998,1.11714395,0.0,12.05555000000009,9.827289875000133,8880.276358576002,8890.103648451002,0.2502436028191747,2.0,8876.985979346202,0.0,0.0,2023-04-14 00:00:00+00:00,2023-04-13 00:00:00+00:00,2023-04-14 00:01:00+00:00,62.18,0.03254649950665949,2011.8,2023-04-14 00:02:00+00:00,2023-04-14 00:24:00+00:00,2023-04-14 00:25:00+00:00,target,0.2354629137556816,0.2997528935697615,"simulated minute opens; intrabar exits only known within minute, not actual exchange fills"
590,1200.0,1728002.0,1728579.0,1.0,1.085,2099.79,2110.02,2061.355307762821,2110.44832614937,1.139136075,1.14468585,0.22756034974431502,11.09955000000002,8.588167725256426,8890.103648451002,8898.691816176259,0.25627059482000103,2.0,8860.397472771401,0.0,0.0,2023-04-15 00:00:00+00:00,2023-04-14 00:00:00+00:00,2023-04-15 00:01:00+00:00,59.52,0.031154191872569525,2099.77,2023-04-15 00:02:00+00:00,2023-04-15 09:39:00+00:00,2023-04-15 09:40:00+00:00,target,0.20594315963079246,0.2773100428019072,"simulated minute opens; intrabar exits only known within minute, not actual exchange fills"
591,1201.0,1729442.0,1729841.0,1.0,1.073,2090.61,2101.71,2051.6528434175575,2102.14023069656,1.121612265,1.127567415,0.0,11.910299999999902,9.6611203199991,8898.691816176259,8908.352936496258,0.2520847531681243,2.0,8878.51614045748,0.0,0.0,2023-04-16 00:00:00+00:00,2023-04-15 00:00:00+00:00,2023-04-16 00:01:00+00:00,61.56,0.03222197667465356,2091.2,2023-04-16 00:02:00+00:00,2023-04-16 06:41:00+00:00,2023-04-16 06:42:00+00:00,target,0.23112159073891575,0.2959720808206137,"simulated minute opens; intrabar exits only known within minute, not actual exchange fills"
592,1202.0,1730882.0,1730921.0,1.0,0.997,2118.69,2076.13,2076.551164467677,2129.7078007715495,1.056166965,1.034950805,0.0,-42.43231999999995,-44.52343776999987,8908.352936496258,8863.829498726258,0.2371183478088377,1.0,8863.829498726258,0.0,0.0,2023-04-17 00:00:00+00:00,2023-04-16 00:00:00+00:00,2023-04-17 00:01:00+00:00,64.34,0.03367709517945436,2118.09,2023-04-17 00:02:00+00:00,2023-04-17 00:41:00+00:00,2023-04-17 00:42:00+00:00,stop,-1.059768487568791,0.26146429136842575,"simulated minute opens; intrabar exits only known within minute, not actual exchange fills"
593,1203.0,1732322.0,1732628.0,1.0,1.056,2074.9900000000002,2084.93,2035.5143272476146,2085.3532205363463,1.0955947200000002,1.10084304,0.0,10.496639999999578,8.300202239999635,8863.829498726258,8872.129700966258,0.24720572979375077,2.0,8839.288034670577,0.0,0.0,2023-04-18 00:00:00+00:00,2023-04-17 00:00:00+00:00,2023-04-18 00:01:00+00:00,61.52,0.03220103971774995,2074.49,2023-04-18 00:02:00+00:00,2023-04-18 05:08:00+00:00,2023-04-18 05:09:00+00:00,target,0.19911098284004905,0.262521695357801,"simulated minute opens; intrabar exits only known within minute, not actual exchange fills"
594,1204.0,1733762.0,1734190.0,1.0,1.082,2102.45,2063.54,2063.9609139281456,2114.2693548328134,1.13742545,1.1163751400000002,0.0,-42.10061999999984,-44.35442058999979,8872.129700966258,8827.775280376258,0.25640415285545787,1.0,8827.775280376258,0.0,0.0,2023-04-19 00:00:00+00:00,2023-04-18 00:00:00+00:00,2023-04-19 00:01:00+00:00,61.22,0.03204401254097288,2103.29,2023-04-19 00:02:00+00:00,2023-04-19 07:10:00+00:00,2023-04-19 07:11:00+00:00,stop,-1.0650550372505885,0.3070832809786223,"simulated minute opens; intrabar exits only known within minute, not actual exchange fills"
595,1205.0,1735202.0,1735229.0,1.0,1.232,1930.18,1942.32,1896.6713516758607,1942.7161909646354,1.1889908800000002,1.19646912,0.0,14.956479999999843,12.571019999999407,8827.775280376258,8840.346300376257,0.26937497664741705,2.0,8823.448754049057,0.0,0.0,2023-04-20 00:00:00+00:00,2023-04-19 00:00:00+00:00,2023-04-20 00:01:00+00:00,60.02,0.03141590383386463,1932.83,2023-04-20 00:02:00+00:00,2023-04-20 00:29:00+00:00,2023-04-20 00:30:00+00:00,target,0.3045109400204848,0.37411807373932127,"simulated minute opens; intrabar exits only known within minute, not actual exchange fills"
596,1206.0,1736642.0,1736679.0,1.0,1.102,1944.23,1951.53,1906.4681425975914,1951.9271168189607,1.0712707300000002,1.07529303,0.0,8.044599999999951,5.898036239999783,8840.346300376257,8846.244336616257,0.24235944918909014,2.0,8827.560119752776,0.0,0.0,2023-04-21 00:00:00+00:00,2023-04-20 00:00:00+00:00,2023-04-21 00:01:00+00:00,58.99,0.030876777193596706,1942.11,2023-04-21 00:02:00+00:00,2023-04-21 00:39:00+00:00,2023-04-21 00:40:00+00:00,target,0.14173349427611628,0.2038331096094266,"simulated minute opens; intrabar exits only known within minute, not actual exchange fills"
597,1207.0,1738082.0,1738236.0,1.0,1.145,1849.13,1857.16,1812.706696034578,1857.5385254899736,1.058626925,1.0632241000000002,0.0,9.194349999999968,7.072498974999689,8846.244336616257,8853.316835591257,0.23933929127825365,2.0,8841.126826591108,0.0,0.0,2023-04-22 00:00:00+00:00,2023-04-21 00:00:00+00:00,2023-04-22 00:01:00+00:00,60.49,0.03166191307748203,1848.0,2023-04-22 00:02:00+00:00,2023-04-22 02:36:00+00:00,2023-04-22 02:37:00+00:00,target,0.16958524701283653,0.2308556493929274,"simulated minute opens; intrabar exits only known within minute, not actual exchange fills"
598,1208.0,1739522.0,1740650.0,1.0,1.203,1872.81,1837.9,1838.2697630507728,1882.8659070526912,1.1264952150000003,1.1054968500000002,0.1343484047666812,-41.99672999999983,-44.36307046976617,8853.316835591257,8808.95376512149,0.25447981494830774,1.0,8808.58465387657,0.0,0.0,2023-04-23 00:00:00+00:00,2023-04-22 00:00:00+00:00,2023-04-23 00:01:00+00:00,59.33,0.03105474132727738,1873.39,2023-04-23 00:02:00+00:00,2023-04-23 18:50:00+00:00,2023-04-23 18:51:00+00:00,stop,-1.067654308905177,0.2911360181886732,"simulated minute opens; intrabar exits only known within minute, not actual exchange fills"
599,1209.0,1740962.0,1741012.0,1.0,1.218,1861.58,1870.01,1827.6444075843779,1870.3851656142106,1.13370222,1.13883609,0.0,10.267740000000078,7.995201689998794,8808.95376512149,8816.94896681149,0.2573977001647628,2.0,8793.48230042203,0.0,0.0,2023-04-24 00:00:00+00:00,2023-04-23 00:00:00+00:00,2023-04-24 00:01:00+00:00,57.22,0.029950316850612033,1861.3,2023-04-24 00:02:00+00:00,2023-04-24 00:52:00+00:00,2023-04-24 00:53:00+00:00,target,0.19343127768640966,0.25946697810282593,"simulated minute opens; intrabar exits only known within minute, not actual exchange fills"
600,1210.0,1742402.0,1742902.0,1.0,1.153,1842.17,1805.79,1806.1549459255373,1850.5875073278462,1.062011005,1.041037935,0.168101215753605,-41.94614000000013,-44.21729015575329,8816.94896681149,8772.731676655736,0.24090215538222848,1.0,8772.731676655736,0.0,0.0,2023-04-25 00:00:00+00:00,2023-04-24 00:00:00+00:00,2023-04-25 00:01:00+00:00,59.81,0.03130598481012069,1841.19,2023-04-25 00:02:00+00:00,2023-04-25 08:22:00+00:00,2023-04-25 08:23:00+00:00,stop,-1.0648262406352704,0.23372191279909055,"simulated minute opens; intrabar exits only known within minute, not actual exchange fills"
601,1211.0,1743842.0,1743859.0,1.0,1.262,1864.3,1874.05,1831.783401029247,1874.4314557586454,1.1763733,1.18252555,0.0,12.3045,9.945601149998765,8772.731676655736,8782.677277805735,0.2681885969749497,2.0,8769.548723355736,0.0,0.0,2023-04-26 00:00:00+00:00,2023-04-25 00:00:00+00:00,2023-04-26 00:01:00+00:00,56.54,0.029594388583250687,1865.4,2023-04-26 00:02:00+00:00,2023-04-26 00:19:00+00:00,2023-04-26 00:20:00+00:00,target,0.2423631391181908,0.3115779656955559,"simulated minute opens; intrabar exits only known within minute, not actual exchange fills"
602,1212.0,1745282.0,1745294.0,1.0,1.301,1862.05,1873.95,1830.5221094282415,1874.3282575140372,1.211263525,1.219004475,0.0,15.481900000000117,13.051632000000609,8782.677277805735,8795.728909805735,0.2758301339526441,2.0,8779.646646911095,0.0,0.0,2023-04-27 00:00:00+00:00,2023-04-26 00:00:00+00:00,2023-04-27 00:01:00+00:00,57.56,0.030128280984292703,1865.02,2023-04-27 00:02:00+00:00,2023-04-27 00:14:00+00:00,2023-04-27 00:15:00+00:00,target,0.3181944563391364,0.38944113581248174,"simulated minute opens; intrabar exits only known within minute, not actual exchange fills"
603,1213.0,1746722.0,1747017.0,1.0,1.217,1907.3500000000001,1916.57,1873.4986347945546,1916.9625183795442,1.160622475,1.1662328450000001,0.0,11.220739999999758,8.893884680001065,8795.728909805735,8804.622794485736,0.2639059222723666,2.0,8787.624985083175,0.0,0.0,2023-04-28 00:00:00+00:00,2023-04-27 00:00:00+00:00,2023-04-28 00:01:00+00:00,55.74,0.029175649445178514,1907.67,2023-04-28 00:02:00+00:00,2023-04-28 04:57:00+00:00,2023-04-28 04:58:00+00:00,target,0.21588612322274267,0.2839625025816618,"simulated minute opens; intrabar exits only known within minute, not actual exchange fills"
604,1214.0,1748162.0,1748415.0,1.0,1.252,1890.77,1898.51,1857.887919507156,1898.897910025594,1.18362202,1.18846726,0.0,9.690480000000012,7.318390720000025,8804.622794485736,8811.941185205736,0.2688637656893815,2.0,8796.585842178776,0.0,0.0,2023-04-29 00:00:00+00:00,2023-04-28 00:00:00+00:00,2023-04-29 00:01:00+00:00,53.08,0.027783341811088543,1890.13,2023-04-29 00:02:00+00:00,2023-04-29 04:15:00+00:00,2023-04-29 04:16:00+00:00,target,0.177767340520687,0.24718356940227337,"simulated minute opens; intrabar exits only known within minute, not actual exchange fills"
605,1215.0,1749602.0,1750501.0,1.0,1.2650000000000001,1906.9,1915.55,1874.356530480582,1915.934306179119,1.2061142500000002,1.211585375,-0.005124936137274624,10.942249999999829,8.529675311136089,8811.941185205736,8820.470860516873,0.2737454153745218,2.0,8792.090284607635,0.0,0.0,2023-04-30 00:00:00+00:00,2023-04-29 00:00:00+00:00,2023-04-30 00:01:00+00:00,53.4,0.027950837466317414,1907.01,2023-04-30 00:02:00+00:00,2023-04-30 15:01:00+00:00,2023-04-30 15:02:00+00:00,target,0.20719445198953318,0.2776073452687108,"simulated minute opens; intrabar exits only known within minute, not actual exchange fills"
606,1216.0,1751042.0,1751043.0,1.0,1.047,1876.02,1876.81,1836.1360089479401,1877.1895382302016,0.98209647,0.9825100349999999,0.0,0.8271299999999618,-1.1374765049986308,8820.470860516873,8819.333384011874,0.22268572404590425,2.0,8815.866144046873,0.0,0.0,2023-05-01 00:00:00+00:00,2023-04-30 00:00:00+00:00,2023-05-01 00:01:00+00:00,53.56,0.028034585293931852,1868.41,2023-05-01 00:02:00+00:00,2023-05-01 00:03:00+00:00,2023-05-01 00:04:00+00:00,target,-0.027239375281691704,0.029323500466015225,"simulated minute opens; intrabar exits only known within minute, not actual exchange fills"
607,1217.0,1752482.0,1752915.0,1.0,1.328,1829.47,1838.25,1798.453040966935,1838.6208068444218,1.21476808,1.220598,0.0,11.659839999999964,9.224473919999582,8819.333384011874,8828.557857931874,0.2754784351847254,2.0,8808.558026114913,0.0,0.0,2023-05-02 00:00:00+00:00,2023-05-01 00:00:00+00:00,2023-05-02 00:01:00+00:00,53.8,0.028160207035353494,1829.97,2023-05-02 00:02:00+00:00,2023-05-02 07:15:00+00:00,2023-05-02 07:16:00+00:00,target,0.22394651882523056,0.29502591903567355,"simulated minute opens; intrabar exits only known within minute, not actual exchange fills"
608,1218.0,1753922.0,1754980.0,1.0,1.291,1868.65,1877.73,1836.7131330615866,1878.111437327772,1.206213575,1.212074715,0.39015968372294196,11.722279999999905,8.913832026277305,8828.557857931874,8837.47168995815,0.27325268620543663,2.0,8793.140135850734,0.0,0.0,2023-05-03 00:00:00+00:00,2023-05-02 00:00:00+00:00,2023-05-03 00:01:00+00:00,54.25,0.028395747800519094,1869.2,2023-05-03 00:02:00+00:00,2023-05-03 17:40:00+00:00,2023-05-03 17:41:00+00:00,target,0.2161951240036445,0.2962543992188433,"simulated minute opens; intrabar exits only known within minute, not actual exchange fills"
609,1219.0,1755362.0,1755995.0,1.0,1.288,1903.6200000000001,1913.5,1871.5957689732927,1913.8927260829473,1.22593128,1.2322940000000002,0.24445467200000004,12.725439999999848,10.022760048001146,8837.47168995815,8847.494450006152,0.27743936795701474,2.0,8825.50383867815,0.0,0.0,2023-05-04 00:00:00+00:00,2023-05-03 00:00:00+00:00,2023-05-04 00:01:00+00:00,54.36,0.028453324432004018,1904.74,2023-05-04 00:02:00+00:00,2023-05-04 10:35:00+00:00,2023-05-04 10:36:00+00:00,target,0.2429924388664068,0.3207797893532558,"simulated minute opens; intrabar exits only known within minute, not actual exchange fills"
610,1220.0,1756802.0,1756892.0,1.0,1.302,1876.1000000000001,1884.43,1844.3656254080793,1884.8151283863492,1.2213411,1.2267639300000002,0.0,10.845659999999906,8.397554970000783,8847.494450006152,8855.892004976153,0.27608745208066243,2.0,8844.580508906152,0.0,0.0,2023-05-05 00:00:00+00:00,2023-05-04 00:00:00+00:00,2023-05-05 00:01:00+00:00,52.57,0.02751639561056754,1876.13,2023-05-05 00:02:00+00:00,2023-05-05 01:32:00+00:00,2023-05-05 01:33:00+00:00,target,0.20324128277110004,0.2746273874440188,"simulated minute opens; intrabar exits only known within minute, not actual exchange fills"
611,1221.0,1758242.0,1758263.0,1.0,1.1280000000000001,1995.1200000000001,2001.68,1958.2533209703024,2002.0825457196072,1.1252476800000002,1.12894752,0.0,7.399679999999939,5.1454847999993945,8855.892004976153,8861.037489776152,0.2541240745410446,2.0,8850.910530676792,0.0,0.0,2023-05-06 00:00:00+00:00,2023-05-05 00:00:00+00:00,2023-05-06 00:01:00+00:00,53.54,0.028024116815480043,1992.56,2023-05-06 00:02:00+00:00,2023-05-06 00:23:00+00:00,2023-05-06 00:24:00+00:00,target,0.1237323274039654,0.18885741549973747,"simulated minute opens; intrabar exits only known within minute, not actual exchange fills"
612,1222.0,1759682.0,1759726.0,1.0,1.258,1896.26,1903.68,1863.3042348212903,1904.0639188056925,1.19274754,1.19741472,0.0,9.33436000000009,6.944197740000163,8861.037489776152,8867.981687516152,0.26921171282170736,2.0,8855.005178609372,0.0,0.0,2023-05-07 00:00:00+00:00,2023-05-06 00:00:00+00:00,2023-05-07 00:01:00+00:00,51.74,0.02708195375481766,1895.29,2023-05-07 00:02:00+00:00,2023-05-07 00:46:00+00:00,2023-05-07 00:47:00+00:00,target,0.16749815912531782,0.23679980614542306,"simulated minute opens; intrabar exits only known within minute, not actual exchange fills"
613,1223.0,1761122.0,1761132.0,1.0,1.324,1867.6200000000001,1878.26,1836.360910881015,1878.6455754205872,1.23636444,1.24340812,0.0,14.087359999999832,11.607587440001225,8867.981687516152,8879.589274956154,0.27883784237860676,2.0,8857.081048181433,0.0,0.0,2023-05-08 00:00:00+00:00,2023-05-07 00:00:00+00:00,2023-05-08 00:01:00+00:00,54.4,0.02847426138890763,1869.5,2023-05-08 00:02:00+00:00,2023-05-08 00:12:00+00:00,2023-05-08 00:13:00+00:00,target,0.2804643464379211,0.35271582542341845,"simulated minute opens; intrabar exits only known within minute, not actual exchange fills"
614,1224.0,1762562.0,1762626.0,1.0,1.293,1846.41,1854.99,1814.296538295036,1855.3613787024333,1.193704065,1.199251035,0.0,11.093939999999906,8.700984900000549,8879.589274956154,8888.290259856154,0.26886470264265555,2.0,8870.136574133585,0.0,0.0,2023-05-09 00:00:00+00:00,2023-05-08 00:00:00+00:00,2023-05-09 00:01:00+00:00,53.22,0.027856621160251175,1846.54,2023-05-09 00:02:00+00:00,2023-05-09 01:06:00+00:00,2023-05-09 01:07:00+00:00,target,0.20954763649663535,0.27874225409493975,"simulated minute opens; intrabar exits only known within minute, not actual exchange fills"
615,1225.0,1764002.0,1764024.0,1.0,1.24,1846.5,1854.45,1812.8743398339964,1854.824894810399,1.14483,1.149759,0.0,9.858000000000056,7.563411000000997,8888.290259856154,8895.853670856155,0.2576040985453883,2.0,8885.948766640955,0.0,0.0,2023-05-10 00:00:00+00:00,2023-05-09 00:00:00+00:00,2023-05-10 00:01:00+00:00,54.53,0.028542306498844355,1845.8,2023-05-10 00:02:00+00:00,2023-05-10 00:24:00+00:00,2023-05-10 00:25:00+00:00,target,0.18139495164968017,0.24757565410762247,"simulated minute opens; intrabar exits only known within minute, not actual exchange fills"
616,1226.0,1765442.0,1765922.0,1.0,1.3800000000000001,1838.5900000000001,1808.2,1808.5617596582154,1848.385962312225,1.2686271000000002,1.2476580000000002,0.05546962389977098,-41.938200000000144,-44.50995472390059,8895.853670856155,8851.343716132254,0.28521761866568673,1.0,8851.343716132254,0.0,0.0,2023-05-11 00:00:00+00:00,2023-05-10 00:00:00+00:00,2023-05-11 00:01:00+00:00,51.55,0.026982503209525516,1839.86,2023-05-11 00:02:00+00:00,2023-05-11 08:02:00+00:00,2023-05-11 08:03:00+00:00,stop,-1.074108572880866,0.3262249869032005,"simulated minute opens; intrabar exits only known within minute, not actual exchange fills"
617,1227.0,1766882.0,1767056.0,1.0,1.238,1795.2,1761.25,1761.6107110380567,1801.7127813661355,1.1112288000000001,1.09021375,0.0,-42.030100000000054,-44.231542550000086,8851.343716132254,8807.112173582254,0.25108702941333083,1.0,8807.112173582254,0.0,0.0,2023-05-12 00:00:00+00:00,2023-05-11 00:00:00+00:00,2023-05-12 00:01:00+00:00,52.98,0.02773099941882952,1793.24,2023-05-12 00:02:00+00:00,2023-05-12 02:56:00+00:00,2023-05-12 02:57:00+00:00,stop,-1.0636791103402083,0.1938945886444454,"simulated minute opens; intrabar exits only known within minute, not actual exchange fills"
618,1228.0,1768322.0,1768614.0,-1.0,1.199,1805.8400000000001,1799.0,1840.353763974165,1798.6401746878748,1.08260108,1.0785005,0.0,8.201160000000176,6.040058420001515,8807.112173582254,8813.152232002256,0.24584700607024446,2.0,8794.327332502255,0.0,0.0,2023-05-13 00:00:00+00:00,2023-05-12 00:00:00+00:00,2023-05-13 00:01:00+00:00,51.97,0.027202341257013405,1806.53,2023-05-13 00:02:00+00:00,2023-05-13 04:54:00+00:00,2023-05-13 04:55:00+00:00,target,0.14595858057591496,0.20860736364526045,"simulated minute opens; intrabar exits only known within minute, not actual exchange fills"
619,1229.0,1769762.0,1769976.0,1.0,1.28,1795.88,1802.1200000000001,1763.6115311464002,1802.4865892670086,1.1493632,1.1533568,0.0,7.987200000000012,5.684479999999894,8813.152232002256,8818.836712002256,0.2608290812965741,2.0,8805.765940802255,0.0,0.0,2023-05-14 00:00:00+00:00,2023-05-13 00:00:00+00:00,2023-05-14 00:01:00+00:00,51.32,0.026862115707329767,1794.44,2023-05-14 00:02:00+00:00,2023-05-14 03:36:00+00:00,2023-05-14 03:37:00+00:00,target,0.13762661067522203,0.2047382321417925,"simulated minute opens; intrabar exits only known within minute, not actual exchange fills"
620,1230.0,1771202.0,1771216.0,-1.0,1.296,1798.3500000000001,1790.88,1830.1569604653218,1790.5193393084223,1.1653308000000002,1.1604902400000001,0.0,9.681120000000035,7.355298959999345,8818.836712002256,8826.192010962255,0.26428220366389343,2.0,8816.136215573775,0.0,0.0,2023-05-15 00:00:00+00:00,2023-05-14 00:00:00+00:00,2023-05-15 00:01:00+00:00,51.01,0.0266998542913268,1798.25,2023-05-15 00:02:00+00:00,2023-05-15 00:16:00+00:00,2023-05-15 00:17:00+00:00,target,0.17843217072524795,0.24619330413905371,"simulated minute opens; intrabar exits only known within minute, not actual exchange fills"
621,1231.0,1772642.0,1772691.0,-1.0,1.209,1814.72,1807.91,1848.994414379171,1807.5439664373755,1.0969982400000002,1.0928815950000002,0.0,8.233289999999934,6.043410164998932,8826.192010962255,8832.235421127254,0.2485779232170596,2.0,8816.196772722255,0.0,0.0,2023-05-16 00:00:00+00:00,2023-05-15 00:00:00+00:00,2023-05-16 00:01:00+00:00,52.64,0.02755303528514885,1815.56,2023-05-16 00:02:00+00:00,2023-05-16 00:51:00+00:00,2023-05-16 00:52:00+00:00,target,0.14584304620641086,0.20936998319613834,"simulated minute opens; intrabar exits only known within minute, not actual exchange fills"
622,1232.0,1774082.0,1774441.0,-1.0,1.224,1822.19,1816.08,1856.028461909117,1815.7131186577076,1.1151802800000001,1.11144096,0.0,7.478640000000156,5.252018760000283,8832.235421127254,8837.487439887254,0.2525250351303861,2.0,8813.949224092215,0.0,0.0,2023-05-17 00:00:00+00:00,2023-05-16 00:00:00+00:00,2023-05-17 00:01:00+00:00,51.18,0.02678883635816714,1823.53,2023-05-17 00:02:00+00:00,2023-05-17 06:01:00+00:00,2023-05-17 06:02:00+00:00,target,0.12680437460557784,0.19140590254037082,"simulated minute opens; intrabar exits only known within minute, not actual exchange fills"
623,1233.0,1775522.0,1775989.0,1.0,1.413,1820.55,1828.99,1791.4647436056202,1829.3603558844793,1.2862185750000001,1.292181435,0.0,11.925720000000078,9.34731998999996,8837.487439887254,8846.834759877254,0.29108241086595743,2.0,8827.175499571185,0.0,0.0,2023-05-18 00:00:00+00:00,2023-05-17 00:00:00+00:00,2023-05-18 00:01:00+00:00,49.47,0.025893781450537872,1821.65,2023-05-18 00:02:00+00:00,2023-05-18 07:49:00+00:00,2023-05-18 07:50:00+00:00,target,0.22744272597432785,0.30291484334935476,"simulated minute opens; intrabar exits only known within minute, not actual exchange fills"
624,1234.0,1776962.0,1777323.0,1.0,1.412,1800.32,1806.58,1771.1515768598601,1806.9445615771774,1.2710259199999998,1.27544548,0.0,8.839119999999987,6.292648600001485,8846.834759877254,8853.127408477256,0.2873402645123293,2.0,8839.682488162374,0.0,0.0,2023-05-19 00:00:00+00:00,2023-05-18 00:00:00+00:00,2023-05-19 00:01:00+00:00,47.15,0.024679437950128575,1799.69,2023-05-19 00:02:00+00:00,2023-05-19 06:03:00+00:00,2023-05-19 06:04:00+00:00,target,0.1527867988814322,0.22711414824688136,"simulated minute opens; intrabar exits only known within minute, not actual exchange fills"
625,1235.0,1778402.0,1779839.0,-1.0,1.403,1811.03,1819.08,1840.3619149709348,1804.2878613794678,1.270437545,1.2760846199999998,-0.015527435510788095,-11.294149999999936,-13.825144729489693,8853.127408477256,8839.302263747766,0.28700310893153996,3.0,8827.628658367767,0.0,0.0,2023-05-20 00:00:00+00:00,2023-05-19 00:00:00+00:00,2023-05-20 00:01:00+00:00,46.49,0.024333978161219037,1811.38,2023-05-20 00:02:00+00:00,2023-05-20 23:59:00+00:00,2023-05-20 23:59:00+00:00,scheduled_23_59_exit,-0.3359476426978437,0.2298567491148461,"simulated minute opens; intrabar exits only known within minute, not actual exchange fills"
626,1236.0,1779842.0,1780393.0,-1.0,1.287,1815.96,1811.73,1848.078054229965,1811.3660667587524,1.16857026,1.165848255,0.0037165190789729572,5.444010000000023,3.1058749659205205,8839.302263747766,8842.408138713687,0.2644032809676856,2.0,8822.110543487765,0.0,0.0,2023-05-21 00:00:00+00:00,2023-05-20 00:00:00+00:00,2023-05-21 00:01:00+00:00,47.17,0.02468990642858038,1818.59,2023-05-21 00:02:00+00:00,2023-05-21 09:13:00+00:00,2023-05-21 09:14:00+00:00,target,0.07513740541405603,0.14303273817134643,"simulated minute opens; intrabar exits only known within minute, not actual exchange fills"
627,1237.0,1781282.0,1781660.0,1.0,1.409,1805.3600000000001,1810.6100000000001,1776.1426946142876,1810.9765695924011,1.2718761200000002,1.2755747450000001,0.0,7.3972500000000005,4.849799135001376,8842.408138713687,8847.257937848688,0.2876764112327032,2.0,8821.207875397677,0.0,0.0,2023-05-22 00:00:00+00:00,2023-05-21 00:00:00+00:00,2023-05-22 00:01:00+00:00,46.13,0.024145545549086562,1803.89,2023-05-22 00:02:00+00:00,2023-05-22 06:20:00+00:00,2023-05-22 06:21:00+00:00,target,0.11780740744436169,0.19223434598960448,"simulated minute opens; intrabar exits only known within minute, not actual exchange fills"
628,1238.0,1782722.0,1782910.0,-1.0,1.385,1816.88,1846.96,1846.5894718468205,1809.3325828795698,1.2581894,1.2790198000000002,0.0,-41.6607999999999,-44.19800919999943,8847.257937848688,8803.059928648689,0.2844247130215225,1.0,8801.668986015338,0.0,0.0,2023-05-23 00:00:00+00:00,2023-05-22 00:00:00+00:00,2023-05-23 00:01:00+00:00,48.08,0.025166222198137477,1816.67,2023-05-23 00:02:00+00:00,2023-05-23 03:10:00+00:00,2023-05-23 03:11:00+00:00,stop,-1.0741328612145926,0.2540407705442946,"simulated minute opens; intrabar exits only known within minute, not actual exchange fills"
629,1239.0,1784162.0,1784255.0,-1.0,1.227,1851.6100000000001,1845.8600000000001,1885.2011320701617,1845.4837745418183,1.1359627350000001,1.13243511,0.0,7.055250000000001,4.786852155000815,8803.059928648689,8807.84678080369,0.2580836082469737,2.0,8800.022115913689,0.0,0.0,2023-05-24 00:00:00+00:00,2023-05-23 00:00:00+00:00,2023-05-24 00:01:00+00:00,50.59,0.026480016243838913,1853.36,2023-05-24 00:02:00+00:00,2023-05-24 01:35:00+00:00,2023-05-24 01:36:00+00:00,target,0.11613972973140985,0.18237627256461592,"simulated minute opens; intrabar exits only known within minute, not actual exchange fills"
630,1240.0,1785602.0,1785609.0,1.0,1.298,1800.0,1806.1100000000001,1768.2425375390685,1806.4757313846546,1.1682000000000001,1.1721653900000002,0.0,7.930780000000166,5.590414610000153,8807.84678080369,8813.43719541369,0.26526346996544947,2.0,8806.211300803689,0.0,0.0,2023-05-25 00:00:00+00:00,2023-05-24 00:00:00+00:00,2023-05-25 00:01:00+00:00,50.45,0.026406736894676285,1798.84,2023-05-25 00:02:00+00:00,2023-05-25 00:09:00+00:00,2023-05-25 00:10:00+00:00,target,0.135619935166375,0.20391211648667393,"simulated minute opens; intrabar exits only known within minute, not actual exchange fills"
631,1241.0,1787042.0,1787124.0,-1.0,1.447,1805.03,1797.8600000000001,1833.2774313335126,1797.4957461291838,1.305939205,1.3007517100000003,0.0,10.374989999999777,7.768299084998944,8813.43719541369,8821.205494498688,0.29635184912410356,2.0,8806.96546620869,0.0,0.0,2023-05-26 00:00:00+00:00,2023-05-25 00:00:00+00:00,2023-05-26 00:01:00+00:00,46.77,0.024480536859544298,1804.65,2023-05-26 00:02:00+00:00,2023-05-26 01:24:00+00:00,2023-05-26 01:25:00+00:00,target,0.19005462608665732,0.2667235042316077,"simulated minute opens; intrabar exits only known within minute, not actual exchange fills"
632,1242.0,1788482.0,1789317.0,-1.0,1.393,1826.07,1820.03,1855.489689314809,1819.6578200768922,1.271857755,1.267650895,-0.116323466567,8.41371999999995,5.990534816566651,8821.205494498688,8827.196029315255,0.28836370625152974,2.0,8806.741926743689,0.0,0.0,2023-05-27 00:00:00+00:00,2023-05-26 00:00:00+00:00,2023-05-27 00:01:00+00:00,46.24,0.024203122180571485,1826.81,2023-05-27 00:02:00+00:00,2023-05-27 13:57:00+00:00,2023-05-27 13:58:00+00:00,target,0.1461761092369866,0.2179553922032746,"simulated minute opens; intrabar exits only known within minute, not actual exchange fills"
633,1243.0,1789922.0,1789961.0,1.0,1.59,1828.22,1835.33,1802.6571338646834,1835.698180781724,1.4534349000000002,1.4590873500000001,0.0,11.304899999999842,8.392377749998559,8827.196029315255,8835.588407065254,0.3293083998980243,2.0,8816.520858180354,0.0,0.0,2023-05-28 00:00:00+00:00,2023-05-27 00:00:00+00:00,2023-05-28 00:01:00+00:00,44.37,0.023224319445327782,1828.85,2023-05-28 00:02:00+00:00,2023-05-28 00:41:00+00:00,2023-05-28 00:42:00+00:00,target,0.20648017213949668,0.29254077935307843,"simulated minute opens; intrabar exits only known within minute, not actual exchange fills"
634,1244.0,1791362.0,1791374.0,1.0,1.339,1910.41,1915.8400000000001,1879.7035595152179,1916.2319647775892,1.279019495,1.2826548800000002,0.0,7.270770000000085,4.709095625001282,8835.588407065254,8840.297502690255,0.2895154088384765,2.0,8832.056105207885,0.0,0.0,2023-05-29 00:00:00+00:00,2023-05-28 00:00:00+00:00,2023-05-29 00:01:00+00:00,48.02,0.025134816762782064,1908.36,2023-05-29 00:02:00+00:00,2023-05-29 00:14:00+00:00,2023-05-29 00:15:00+00:00,target,0.11453216147745567,0.18960077057692112,"simulated minute opens; intrabar exits only known within minute, not actual exchange fills"
635,1245.0,1792802.0,1792870.0,1.0,1.483,1891.8700000000001,1898.42,1864.3274509107464,1898.8063211707736,1.4028216050000002,1.4076784300000003,0.0,9.713649999999934,6.903149965000921,8840.297502690255,8847.200652655256,0.31736977280981715,2.0,8822.494207620466,0.0,0.0,2023-05-30 00:00:00+00:00,2023-05-29 00:00:00+00:00,2023-05-30 00:01:00+00:00,45.71,0.02392570750159867,1891.5,2023-05-30 00:02:00+00:00,2023-05-30 01:10:00+00:00,2023-05-30 01:11:00+00:00,target,0.16900596182714275,0.2518402036171662,"simulated minute opens; intrabar exits only known within minute, not actual exchange fills"
636,1246.0,1794242.0,1794527.0,1.0,1.552,1900.21,1873.6100000000001,1873.990731028338,1906.827215247127,1.47456296,1.45392136,0.0,-41.28319999999986,-44.21168432000013,8847.200652655256,8802.988968335256,0.3333400061537993,1.0,8802.988968335256,0.0,0.0,2023-05-31 00:00:00+00:00,2023-05-30 00:00:00+00:00,2023-05-31 00:01:00+00:00,43.57,0.022805580307255612,1899.81,2023-05-31 00:02:00+00:00,2023-05-31 04:47:00+00:00,2023-05-31 04:48:00+00:00,stop,-1.0864875763999684,0.2523798529348353,"simulated minute opens; intrabar exits only known within minute, not actual exchange fills"
637,1247.0,1795682.0,1795690.0,1.0,1.5,1875.0900000000001,1879.18,1847.999039298299,1879.5586319757285,1.4063175,1.409385,0.0,6.134999999999877,3.319297500000175,8802.988968335256,8806.308265835256,0.31950909061878574,2.0,8797.925216030257,0.0,0.0,2023-06-01 00:00:00+00:00,2023-05-31 00:00:00+00:00,2023-06-01 00:01:00+00:00,42.28,0.022130363447114238,1872.84,2023-06-01 00:02:00+00:00,2023-06-01 00:10:00+00:00,2023-06-01 00:11:00+00:00,target,0.08168278062804794,0.16494918821567645,"simulated minute opens; intrabar exits only known within minute, not actual exchange fills"
638,1248.0,1797122.0,1797209.0,1.0,1.585,1861.41,1866.9,1835.870307933183,1867.2780408834078,1.4751674250000002,1.4795182500000001,0.0,8.701650000000015,5.74696432500059,8806.308265835256,8812.055230160257,0.33502516161579865,2.0,8782.234306780756,0.0,0.0,2023-06-02 00:00:00+00:00,2023-06-01 00:00:00+00:00,2023-06-02 00:01:00+00:00,42.3,0.02214083192556604,1860.59,2023-06-02 00:02:00+00:00,2023-06-02 01:29:00+00:00,2023-06-02 01:30:00+00:00,target,0.1419690178924017,0.22976161451186447,"simulated minute opens; intrabar exits only known within minute, not actual exchange fills"
639,1249.0,1798562.0,1799751.0,1.0,1.545,1906.26,1879.65,1880.0323659580658,1912.5292656737552,1.47258585,1.452029625,0.25878476648225324,-41.112449999999846,-44.295850241484004,8812.055230160257,8767.759379918773,0.3342207490847103,1.0,8767.759379918773,0.0,0.0,2023-06-03 00:00:00+00:00,2023-06-02 00:00:00+00:00,2023-06-03 00:01:00+00:00,42.77,0.022386841169183443,1905.58,2023-06-03 00:02:00+00:00,2023-06-03 19:51:00+00:00,2023-06-03 19:52:00+00:00,stop,-1.0931391365646677,0.2390328332220715,"simulated minute opens; intrabar exits only known within minute, not actual exchange fills"
640,1250.0,1800002.0,1800405.0,1.0,1.561,1891.71,1897.27,1865.8955351986313,1897.655804645742,1.476479655,1.480819235,0.0,8.679159999999914,5.721861109999736,8767.759379918773,8773.481241028772,0.3367974852005299,2.0,8753.389040263772,0.0,0.0,2023-06-04 00:00:00+00:00,2023-06-03 00:00:00+00:00,2023-06-04 00:01:00+00:00,42.02,0.021994273227240783,1890.91,2023-06-04 00:02:00+00:00,2023-06-04 06:45:00+00:00,2023-06-04 06:46:00+00:00,target,0.14199442166259713,0.23032841050520647,"simulated minute opens; intrabar exits only known within minute, not actual exchange fills"
641,1251.0,1801442.0,1801753.0,1.0,1.715,1887.28,1863.5900000000001,1863.9665871051263,1895.2265036715569,1.6183426,1.5980284250000003,0.0,-40.628349999999706,-43.84472102499967,8773.481241028772,8729.636520003773,0.36891686561815323,1.0,8728.441146893372,0.0,0.0,2023-06-05 00:00:00+00:00,2023-06-04 00:00:00+00:00,2023-06-05 00:01:00+00:00,41.59,0.021769200940526992,1888.54,2023-06-05 00:02:00+00:00,2023-06-05 05:13:00+00:00,2023-06-05 05:14:00+00:00,stop,-1.09659770172995,0.3408554426325225,"simulated minute opens; intrabar exits only known within minute, not actual exchange fills"
642,1252.0,1802882.0,1803172.0,1.0,1.6580000000000001,1810.8700000000001,1815.8700000000001,1786.7235063528726,1816.2408427065793,1.5012112300000002,1.5053562300000003,0.0,8.290000000000001,5.283432539999922,8729.636520003773,8734.919952543773,0.34393441847435624,2.0,8713.992187168493,0.0,0.0,2023-06-06 00:00:00+00:00,2023-06-05 00:00:00+00:00,2023-06-06 00:01:00+00:00,40.35,0.021120155276515125,1810.03,2023-06-06 00:02:00+00:00,2023-06-06 04:52:00+00:00,2023-06-06 04:53:00+00:00,target,0.13197071370149174,0.2224274375015985,"simulated minute opens; intrabar exits only known within minute, not actual exchange fills"
643,1253.0,1804322.0,1804357.0,1.0,1.6580000000000001,1881.72,1889.78,1857.6370940960715,1890.1617568304207,1.5599458800000003,1.5666276200000002,0.0,13.36347999999991,10.23690649999844,8734.919952543773,8745.156859043771,0.35717462517689463,2.0,8731.719126176971,0.0,0.0,2023-06-07 00:00:00+00:00,2023-06-06 00:00:00+00:00,2023-06-07 00:01:00+00:00,42.53,0.02226121942776179,1883.26,2023-06-07 00:02:00+00:00,2023-06-07 00:37:00+00:00,2023-06-07 00:38:00+00:00,target,0.2563747923373263,0.3505289961309691,"simulated minute opens; intrabar exits only known within minute, not actual exchange fills"
644,1254.0,1805762.0,1805798.0,1.0,1.616,1831.52,1837.51,1806.6601243451164,1837.8802141871026,1.47986816,1.48470808,0.0,9.679840000000015,6.715263759999289,8745.156859043771,8751.87212280377,0.3384429081954316,2.0,8741.86052401529,0.0,0.0,2023-06-08 00:00:00+00:00,2023-06-07 00:00:00+00:00,2023-06-08 00:01:00+00:00,41.64,0.0217953721366565,1831.31,2023-06-08 00:02:00+00:00,2023-06-08 00:38:00+00:00,2023-06-08 00:39:00+00:00,target,0.16715630672043358,0.2558425583216153,"simulated minute opens; intrabar exits only known within minute, not actual exchange fills"
645,1255.0,1807202.0,1807974.0,1.0,1.619,1845.6100000000001,1851.1000000000001,1820.793026087082,1851.4767600315909,1.494021295,1.49846545,0.028882448690055733,8.888310000000015,5.866940806308776,8751.87212280377,8757.739063610079,0.3414175330800816,2.0,8720.07042150877,0.0,0.0,2023-06-09 00:00:00+00:00,2023-06-08 00:00:00+00:00,2023-06-09 00:01:00+00:00,40.94,0.02142897539084335,1844.94,2023-06-09 00:02:00+00:00,2023-06-09 12:54:00+00:00,2023-06-09 12:55:00+00:00,target,0.14602124048376883,0.23640110402569453,"simulated minute opens; intrabar exits only known within minute, not actual exchange fills"
646,1256.0,1808642.0,1808902.0,1.0,1.659,1839.8600000000001,1815.31,1815.6784911578993,1846.1232216141268,1.5261638700000002,1.5057996450000002,0.0,-40.7284500000003,-43.76041351499953,8757.739063610079,8713.97865009508,0.34852919433086904,1.0,8713.97865009508,0.0,0.0,2023-06-10 00:00:00+00:00,2023-06-09 00:00:00+00:00,2023-06-10 00:01:00+00:00,40.86,0.021387101477036135,1839.61,2023-06-10 00:02:00+00:00,2023-06-10 04:22:00+00:00,2023-06-10 04:23:00+00:00,stop,-1.0908163412067762,0.2590087183981754,"simulated minute opens; intrabar exits only known within minute, not actual exchange fills"
647,1257.0,1810082.0,1810420.0,1.0,1.5210000000000001,1751.24,1757.17,1724.6954385012696,1757.5291511953428,1.3318180200000003,1.3363277850000002,0.0,9.019530000000097,6.3513841949989,8713.97865009508,8720.330034290078,0.30567392312476427,2.0,8700.15895036735,0.0,0.0,2023-06-11 00:00:00+00:00,2023-06-10 00:00:00+00:00,2023-06-11 00:01:00+00:00,45.56,0.02384719391321014,1750.64,2023-06-11 00:02:00+00:00,2023-06-11 05:40:00+00:00,2023-06-11 05:41:00+00:00,target,0.1573126382290773,0.2369280500506141,"simulated minute opens; intrabar exits only known within minute, not actual exchange fills"
648,1258.0,1811522.0,1811664.0,1.0,1.573,1751.77,1725.8,1726.1527797471558,1758.5947813081516,1.377767105,1.3573416999999999,0.0,-40.85081000000004,-43.58591880499989,8720.330034290078,8676.744115485079,0.31598967001990624,1.0,8676.744115485079,0.0,0.0,2023-06-12 00:00:00+00:00,2023-06-11 00:00:00+00:00,2023-06-12 00:01:00+00:00,44.96,0.02353313955965601,1751.8,2023-06-12 00:02:00+00:00,2023-06-12 02:24:00+00:00,2023-06-12 02:25:00+00:00,stop,-1.081646826880975,0.2664138123024449,"simulated minute opens; intrabar exits only known within minute, not actual exchange fills"
649,1259.0,1812962.0,1812975.0,1.0,1.494,1740.96,1748.5,1714.0207735659103,1748.8593185423756,1.30049712,1.3061295,0.0,11.264759999999946,8.658133379998617,8676.744115485079,8685.402248865077,0.29976615714160537,2.0,8674.905778365077,0.0,0.0,2023-06-13 00:00:00+00:00,2023-06-12 00:00:00+00:00,2023-06-13 00:01:00+00:00,48.38,0.02532324937491454,1741.61,2023-06-13 00:02:00+00:00,2023-06-13 00:15:00+00:00,2023-06-13 00:16:00+00:00,target,0.21512384604576323,0.2932273709381471,"simulated minute opens; intrabar exits only known within minute, not actual exchange fills"
650,1260.0,1814402.0,1814513.0,1.0,1.486,1739.48,1745.98,1712.342811572534,1746.337360841932,1.29243364,1.29726314,0.0,9.659,7.0693032200015296,8685.402248865077,8692.471552085079,0.2976105430623855,2.0,8681.470218862278,0.0,0.0,2023-06-14 00:00:00+00:00,2023-06-13 00:00:00+00:00,2023-06-14 00:01:00+00:00,47.27,0.024742248820839405,1739.24,2023-06-14 00:02:00+00:00,2023-06-14 01:53:00+00:00,2023-06-14 01:54:00+00:00,target,0.17530445398632766,0.2526923841156471,"simulated minute opens; intrabar exits only known within minute, not actual exchange fills"
651,1261.0,1815842.0,1816955.0,1.0,1.581,1649.26,1656.65,1623.7520003586178,1656.9859576038866,1.30374003,1.309581825,-0.13452934403519998,11.683590000000159,9.204797489035627,8692.471552085079,8701.676349574114,0.2999699273533474,2.0,8658.68125206062,0.0,0.0,2023-06-15 00:00:00+00:00,2023-06-14 00:00:00+00:00,2023-06-15 00:01:00+00:00,47.95,0.02509817708820075,1650.18,2023-06-15 00:02:00+00:00,2023-06-15 18:35:00+00:00,2023-06-15 18:36:00+00:00,target,0.22824746671843651,0.3028837114829121,"simulated minute opens; intrabar exits only known within minute, not actual exchange fills"
652,1262.0,1817282.0,1817539.0,1.0,1.6440000000000001,1663.49,1672.16,1639.0280943662822,1672.4993313598848,1.3673887800000002,1.37451552,0.0,14.25348000000012,11.511575700000321,8701.676349574114,8713.187925274115,0.3142816912667464,2.0,8692.588727127395,0.0,0.0,2023-06-16 00:00:00+00:00,2023-06-15 00:00:00+00:00,2023-06-16 00:01:00+00:00,47.74,0.024988258064456807,1665.64,2023-06-16 00:02:00+00:00,2023-06-16 04:19:00+00:00,2023-06-16 04:20:00+00:00,target,0.28624814046983027,0.3683004707313751,"simulated minute opens; intrabar exits only known within minute, not actual exchange fills"
653,1263.0,1818722.0,1819009.0,1.0,1.477,1717.8600000000001,1723.98,1690.4262973706711,1724.329275649084,1.2686396100000001,1.27315923,0.0,9.03923999999984,6.497441159999653,8713.187925274115,8719.685366434114,0.29119987331389713,2.0,8705.490608410304,0.0,0.0,2023-06-17 00:00:00+00:00,2023-06-16 00:00:00+00:00,2023-06-17 00:01:00+00:00,46.88,0.02453811349102922,1717.31,2023-06-17 00:02:00+00:00,2023-06-17 04:49:00+00:00,2023-06-17 04:50:00+00:00,target,0.1603531269343413,0.23581489296189903,"simulated minute opens; intrabar exits only known within minute, not actual exchange fills"
654,1264.0,1820162.0,1820483.0,1.0,1.584,1726.78,1733.6200000000001,1701.3226548911325,1733.9724483183786,1.3676097600000001,1.3730270400000002,0.0,10.83456000000023,8.093923200000063,8719.685366434114,8727.779289634114,0.31368328156988984,2.0,8708.016032525795,0.0,0.0,2023-06-18 00:00:00+00:00,2023-06-17 00:00:00+00:00,2023-06-18 00:01:00+00:00,44.89,0.023496499885074695,1727.2,2023-06-18 00:02:00+00:00,2023-06-18 05:23:00+00:00,2023-06-18 05:24:00+00:00,target,0.20072006637566317,0.28252939525391907,"simulated minute opens; intrabar exits only known within minute, not actual exchange fills"
655,1265.0,1821602.0,1821711.0,1.0,1.375,1723.23,1726.48,1693.5555383302633,1726.8286768090004,1.184720625,1.186955,0.0,4.46875,2.097074375000375,8727.779289634114,8729.876364009115,0.27148271872710605,2.0,8714.105257985364,0.0,0.0,2023-06-19 00:00:00+00:00,2023-06-18 00:00:00+00:00,2023-06-19 00:01:00+00:00,45.94,0.024046095003794416,1719.99,2023-06-19 00:02:00+00:00,2023-06-19 01:51:00+00:00,2023-06-19 01:52:00+00:00,target,0.051395877605950976,0.12127184813163648,"simulated minute opens; intrabar exits only known within minute, not actual exchange fills"
656,1266.0,1823042.0,1823099.0,1.0,1.553,1735.83,1742.71,1709.8031010678026,1743.066805992877,1.347871995,1.353214315,0.0,10.684640000000169,7.983553690000917,8729.876364009115,8737.859917699116,0.3087952082705103,2.0,8725.586868569204,0.0,0.0,2023-06-20 00:00:00+00:00,2023-06-19 00:00:00+00:00,2023-06-20 00:01:00+00:00,45.4,0.0237634460855957,1736.21,2023-06-20 00:02:00+00:00,2023-06-20 00:59:00+00:00,2023-06-20 01:00:00+00:00,target,0.197516039593987,0.2780510275822631,"simulated minute opens; intrabar exits only known within minute, not actual exchange fills"
657,1267.0,1824482.0,1824503.0,1.0,1.457,1790.3400000000001,1798.54,1762.5054015847609,1798.9088608428879,1.3042626900000003,1.31023639,0.0,11.947399999999735,9.332900919998792,8737.859917699116,8747.192818619114,0.29853138005980834,2.0,8731.252980642696,0.0,0.0,2023-06-21 00:00:00+00:00,2023-06-20 00:00:00+00:00,2023-06-21 00:01:00+00:00,47.99,0.025119114045104356,1791.37,2023-06-21 00:02:00+00:00,2023-06-21 00:23:00+00:00,2023-06-21 00:24:00+00:00,target,0.2301294203868293,0.3078492714375329,"simulated minute opens; intrabar exits only known within minute, not actual exchange fills"
658,1268.0,1825922.0,1825948.0,1.0,1.297,1887.57,1896.54,1856.1273269981932,1896.92157735835,1.224089145,1.22990619,0.0,11.634090000000034,9.18009466500007,8747.192818619114,8756.372913284114,0.27988159638928417,2.0,8740.363855866304,0.0,0.0,2023-06-22 00:00:00+00:00,2023-06-21 00:00:00+00:00,2023-06-22 00:01:00+00:00,51.21,0.026804539075844847,1888.31,2023-06-22 00:02:00+00:00,2023-06-22 00:28:00+00:00,2023-06-22 00:29:00+00:00,target,0.2251063387515861,0.29741674182130734,"simulated minute opens; intrabar exits only known within minute, not actual exchange fills"
659,1269.0,1827362.0,1827375.0,1.0,1.2650000000000001,1873.65,1878.99,1841.293784618599,1879.3676137058192,1.1850836250000003,1.1884611750000003,0.0,6.7550999999998975,4.381555199999639,8756.372913284114,8760.754468484114,0.2706791126271322,2.0,8752.948779659115,0.0,0.0,2023-06-23 00:00:00+00:00,2023-06-22 00:00:00+00:00,2023-06-23 00:01:00+00:00,48.06,0.025155753719685675,1871.36,2023-06-23 00:02:00+00:00,2023-06-23 00:15:00+00:00,2023-06-23 00:16:00+00:00,target,0.1070483664165089,0.17670835845361707,"simulated minute opens; intrabar exits only known within minute, not actual exchange fills"
660,1270.0,1828802.0,1829544.0,1.0,1.357,1890.5,1900.3400000000001,1860.4983479604691,1900.7291289177201,1.28270425,1.2893806900000002,0.25541996800000005,13.352880000000198,10.525375092000104,8760.754468484114,8771.279843576114,0.2928296311954393,2.0,8742.021308325446,0.0,0.0,2023-06-24 00:00:00+00:00,2023-06-23 00:00:00+00:00,2023-06-24 00:01:00+00:00,50.28,0.026317754827835948,1892.2,2023-06-24 00:02:00+00:00,2023-06-24 12:24:00+00:00,2023-06-24 12:25:00+00:00,target,0.25853096322096264,0.3409521883742261,"simulated minute opens; intrabar exits only known within minute, not actual exchange fills"
661,1271.0,1830242.0,1830394.0,1.0,1.31,1874.96,1882.3500000000001,1843.7224991368598,1882.7356937811626,1.2280988,1.2329392500000003,0.0,9.68090000000013,7.21986194999954,8771.279843576114,8778.499705526114,0.2800272758141291,2.0,8761.430359938115,0.0,0.0,2023-06-25 00:00:00+00:00,2023-06-24 00:00:00+00:00,2023-06-25 00:01:00+00:00,49.14,0.0257210515560831,1874.48,2023-06-25 00:02:00+00:00,2023-06-25 02:34:00+00:00,2023-06-25 02:35:00+00:00,target,0.17643360857023468,0.24892176282699197,"simulated minute opens; intrabar exits only known within minute, not actual exchange fills"
662,1272.0,1831682.0,1831754.0,1.0,1.3880000000000001,1897.0900000000001,1867.3600000000001,1867.7403144598936,1906.5812194824555,1.3165804600000002,1.2959478400000004,0.0,-41.26524000000003,-43.877768299998934,8778.499705526114,8734.621937226115,0.2999556881391032,1.0,8734.621937226115,0.0,0.0,2023-06-26 00:00:00+00:00,2023-06-25 00:00:00+00:00,2023-06-26 00:01:00+00:00,48.5,0.025386060245625366,1898.27,2023-06-26 00:02:00+00:00,2023-06-26 01:14:00+00:00,2023-06-26 01:15:00+00:00,stop,-1.0770890528554704,0.3233840263632647,"simulated minute opens; intrabar exits only known within minute, not actual exchange fills"
663,1273.0,1833122.0,1833225.0,1.0,1.437,1857.17,1865.57,1828.99937485284,1865.9475328152787,1.334376645,1.340412045,0.0,12.070799999999805,9.396011310000176,8734.621937226115,8744.017948536115,0.3055373557298492,2.0,8729.213054151985,0.0,0.0,2023-06-27 00:00:00+00:00,2023-06-26 00:00:00+00:00,2023-06-27 00:01:00+00:00,46.87,0.024532879251803315,1858.14,2023-06-27 00:02:00+00:00,2023-06-27 01:45:00+00:00,2023-06-27 01:46:00+00:00,target,0.2321080901060263,0.31158459457061405,"simulated minute opens; intrabar exits only known within minute, not actual exchange fills"
664,1274.0,1834562.0,1834731.0,1.0,1.395,1887.94,1858.49,1858.8699678633077,1897.214048243428,1.3168381500000002,1.296296775,0.0,-41.08275000000006,-43.69588492500043,8744.017948536115,8700.322063611115,0.3011974947330613,1.0,8695.967050580815,0.0,0.0,2023-06-28 00:00:00+00:00,2023-06-27 00:00:00+00:00,2023-06-28 00:01:00+00:00,47.92,0.025082474370523043,1889.05,2023-06-28 00:02:00+00:00,2023-06-28 02:51:00+00:00,2023-06-28 02:52:00+00:00,stop,-1.077508784741382,0.31902435469694873,"simulated minute opens; intrabar exits only known within minute, not actual exchange fills"
665,1275.0,1836002.0,1836069.0,1.0,1.336,1828.8,1834.57,1798.4242598313224,1834.9413539647137,1.2216384,1.22549276,0.0,7.7087199999999765,5.261588839999604,8700.322063611115,8705.583652451114,0.28082601794926026,2.0,8697.595531230714,0.0,0.0,2023-06-29 00:00:00+00:00,2023-06-28 00:00:00+00:00,2023-06-29 00:01:00+00:00,46.75,0.024470068381092492,1827.26,2023-06-29 00:02:00+00:00,2023-06-29 01:09:00+00:00,2023-06-29 01:10:00+00:00,target,0.12965330155347984,0.2021795660158596,"simulated minute opens; intrabar exits only known within minute, not actual exchange fills"
666,1276.0,1837442.0,1837596.0,1.0,1.5010000000000001,1850.96,1858.06,1824.1768812489784,1858.4338979942793,1.3891454800000003,1.39447403,0.0,10.657099999999865,7.873480489999565,8705.583652451114,8713.457132941114,0.3191389653946699,2.0,8688.840907462385,0.0,0.0,2023-06-30 00:00:00+00:00,2023-06-29 00:00:00+00:00,2023-06-30 00:01:00+00:00,43.27,0.02264855313047855,1851.19,2023-06-30 00:02:00+00:00,2023-06-30 02:36:00+00:00,2023-06-30 02:37:00+00:00,target,0.19585060458276965,0.2790525653026924,"simulated minute opens; intrabar exits only known within minute, not actual exchange fills"
667,1277.0,1838882.0,1838920.0,1.0,1.338,1933.92,1941.08,1903.6913341609486,1941.4764394828744,1.29379248,1.2985825199999999,0.0,9.580079999999805,6.987704999999551,8713.457132941114,8720.444837941113,0.2969642152960928,2.0,8707.108967830352,0.0,0.0,2023-07-01 00:00:00+00:00,2023-06-30 00:00:00+00:00,2023-07-01 00:01:00+00:00,45.49,0.023810554238628823,1933.41,2023-07-01 00:02:00+00:00,2023-07-01 00:40:00+00:00,2023-07-01 00:41:00+00:00,target,0.17276647364479045,0.2499759507451503,"simulated minute opens; intrabar exits only known within minute, not actual exchange fills"
668,1278.0,1840322.0,1841243.0,1.0,1.387,1924.38,1894.8700000000001,1895.2517330753965,1931.83041660419,1.33455753,1.314092345,0.265505197717248,-40.93036999999999,-43.84452507271817,8720.444837941113,8676.600312868395,0.3060755626120301,1.0,8676.600312868395,0.0,0.0,2023-07-02 00:00:00+00:00,2023-07-01 00:00:00+00:00,2023-07-02 00:01:00+00:00,44.28,0.023177211292294664,1924.08,2023-07-02 00:02:00+00:00,2023-07-02 15:23:00+00:00,2023-07-02 15:24:00+00:00,stop,-1.0852361783461935,0.25577960485856654,"simulated minute opens; intrabar exits only known within minute, not actual exchange fills"
669,1279.0,1841762.0,1841852.0,1.0,1.34,1937.04,1945.54,1906.9788462801243,1945.9343394233995,1.2978168,1.3035118,0.0,11.39,8.788671399999657,8676.600312868395,8685.388984268395,0.29915329811266944,2.0,8670.452351931395,0.0,0.0,2023-07-03 00:00:00+00:00,2023-07-02 00:00:00+00:00,2023-07-03 00:01:00+00:00,46.67,0.024428194467285277,1937.69,2023-07-03 00:02:00+00:00,2023-07-03 01:32:00+00:00,2023-07-03 01:33:00+00:00,target,0.21817891825167385,0.2958748525183456,"simulated minute opens; intrabar exits only known within minute, not actual exchange fills"
670,1280.0,1843202.0,1843419.0,1.0,1.315,1954.01,1963.22,1923.3233708191208,1963.6150636055488,1.284761575,1.2908171499999999,0.0,12.111150000000046,9.53557127500062,8685.388984268395,8694.924555543395,0.2958443375022243,2.0,8679.015172693395,0.0,0.0,2023-07-04 00:00:00+00:00,2023-07-03 00:00:00+00:00,2023-07-04 00:01:00+00:00,48.07,0.025160987958911574,1955.0,2023-07-04 00:02:00+00:00,2023-07-04 03:39:00+00:00,2023-07-04 03:40:00+00:00,target,0.2363043838167406,0.313004844844077,"simulated minute opens; intrabar exits only known within minute, not actual exchange fills"
671,1281.0,1844642.0,1845278.0,1.0,1.225,1938.72,1905.17,1905.5549652205777,1944.0444083682555,1.1874660000000001,1.166916625,0.23717592500000007,-41.098749999999946,-43.69030854999983,8694.924555543395,8651.234246993396,0.27314003529632436,1.0,8651.234246993396,0.0,0.0,2023-07-05 00:00:00+00:00,2023-07-04 00:00:00+00:00,2023-07-05 00:01:00+00:00,46.92,0.02455905044793283,1935.72,2023-07-05 00:02:00+00:00,2023-07-05 10:38:00+00:00,2023-07-05 10:39:00+00:00,stop,-1.0753963696166258,0.16054282480533066,"simulated minute opens; intrabar exits only known within minute, not actual exchange fills"
672,1282.0,1846082.0,1846418.0,1.0,1.458,1909.0900000000001,1917.19,1881.706190276307,1917.5823415239247,1.39172661,1.3976315099999999,0.0,11.809799999999868,9.020441880000362,8651.234246993396,8660.254688873396,0.3217405910569751,2.0,8633.857022671795,0.0,0.0,2023-07-06 00:00:00+00:00,2023-07-05 00:00:00+00:00,2023-07-06 00:01:00+00:00,44.12,0.02309346346468023,1909.88,2023-07-06 00:02:00+00:00,2023-07-06 05:38:00+00:00,2023-07-06 05:39:00+00:00,target,0.2259313098661815,0.3101227188478745,"simulated minute opens; intrabar exits only known within minute, not actual exchange fills"
673,1283.0,1847522.0,1847618.0,1.0,1.558,1841.72,1852.27,1816.1344625796555,1852.6435184305485,1.4346998800000001,1.44291833,0.0,16.43689999999993,13.559281790001478,8660.254688873396,8673.813970663397,0.33132971986223164,2.0,8635.504089779977,0.0,0.0,2023-07-07 00:00:00+00:00,2023-07-06 00:00:00+00:00,2023-07-07 00:01:00+00:00,46.1,0.024129842831408854,1844.82,2023-07-07 00:02:00+00:00,2023-07-07 01:38:00+00:00,2023-07-07 01:39:00+00:00,target,0.34015330055489457,0.42694113674792605,"simulated minute opens; intrabar exits only known within minute, not actual exchange fills"
674,1284.0,1848962.0,1850123.0,1.0,1.455,1869.77,1841.8400000000001,1842.2122301046163,1877.616031324639,1.3602576750000002,1.3399386000000002,0.024976899233044414,-40.63814999999976,-43.36332317423148,8673.813970663397,8630.450647489166,0.3136469561373274,1.0,8630.450647489166,0.0,0.0,2023-07-08 00:00:00+00:00,2023-07-07 00:00:00+00:00,2023-07-08 00:01:00+00:00,44.13,0.023098697703906133,1870.0,2023-07-08 00:02:00+00:00,2023-07-08 19:23:00+00:00,2023-07-08 19:24:00+00:00,stop,-1.0814725344941563,0.28471212853668787,"simulated minute opens; intrabar exits only known within minute, not actual exchange fills"
675,1285.0,1850402.0,1850461.0,1.0,1.5150000000000001,1864.49,1871.15,1838.2453370343972,1871.53272430671,1.412351175,1.4173961250000002,0.0,10.089900000000124,7.260152700000617,8630.450647489166,8637.710800189167,0.32729488474878,2.0,8625.365594696816,0.0,0.0,2023-07-09 00:00:00+00:00,2023-07-08 00:00:00+00:00,2023-07-09 00:01:00+00:00,41.54,0.021743029744397478,1864.45,2023-07-09 00:02:00+00:00,2023-07-09 01:01:00+00:00,2023-07-09 01:02:00+00:00,target,0.18259636278359528,0.2683488188032887,"simulated minute opens; intrabar exits only known within minute, not actual exchange fills"
676,1286.0,1851842.0,1852660.0,1.0,1.478,1861.8400000000001,1868.73,1834.8459142684578,1869.1120982069751,1.37589976,1.3809914699999999,0.1240621387824,10.183419999999812,7.302466631217612,8637.710800189167,8645.013266820384,0.31857972368555515,2.0,8612.613000429166,0.0,0.0,2023-07-10 00:00:00+00:00,2023-07-09 00:00:00+00:00,2023-07-10 00:01:00+00:00,42.84,0.02242348084376476,1861.81,2023-07-10 00:02:00+00:00,2023-07-10 13:40:00+00:00,2023-07-10 13:41:00+00:00,target,0.1830317888272378,0.26939598100474327,"simulated minute opens; intrabar exits only known within minute, not actual exchange fills"
677,1287.0,1853282.0,1853670.0,1.0,1.425,1880.55,1886.27,1852.48398360968,1886.6512856356057,1.339891875,1.343967375,0.0,8.151000000000039,5.467140749999089,8645.013266820384,8650.480407570383,0.3099802935277181,2.0,8635.215185230134,0.0,0.0,2023-07-11 00:00:00+00:00,2023-07-10 00:00:00+00:00,2023-07-11 00:01:00+00:00,42.36,0.022172237360921453,1879.34,2023-07-11 00:02:00+00:00,2023-07-11 06:30:00+00:00,2023-07-11 06:31:00+00:00,target,0.13669877287332527,0.21739051067148094,"simulated minute opens; intrabar exits only known within minute, not actual exchange fills"
678,1288.0,1854722.0,1854786.0,1.0,1.5030000000000001,1877.78,1884.45,1851.2647850435949,1884.8283604232827,1.4111516700000002,1.4161641750000002,0.0,10.02501000000011,7.197694155000136,8650.480407570383,8657.678101725383,0.3262597228160981,2.0,8646.127387076724,0.0,0.0,2023-07-12 00:00:00+00:00,2023-07-11 00:00:00+00:00,2023-07-12 00:01:00+00:00,41.59,0.021769200940526992,1877.66,2023-07-12 00:02:00+00:00,2023-07-12 01:06:00+00:00,2023-07-12 01:07:00+00:00,target,0.18060894501039199,0.2658232428012084,"simulated minute opens; intrabar exits only known within minute, not actual exchange fills"
679,1289.0,1856162.0,1856713.0,1.0,1.496,1871.88,1877.39,1845.1825589429577,1877.7743131600103,1.4001662400000001,1.4042877200000001,0.1563850872056,8.242959999999986,5.282120952793775,8657.678101725383,8662.960222678177,0.32345075054730016,2.0,8642.052829702583,0.0,0.0,2023-07-13 00:00:00+00:00,2023-07-12 00:00:00+00:00,2023-07-13 00:01:00+00:00,40.45,0.021172497668774146,1870.81,2023-07-13 00:02:00+00:00,2023-07-13 09:13:00+00:00,2023-07-13 09:14:00+00:00,target,0.13225348101173917,0.22078195237574308,"simulated minute opens; intrabar exits only known within minute, not actual exchange fills"
680,1290.0,1857602.0,1857622.0,1.0,1.256,2005.18,2013.24,1973.10583197615,2013.6429891500222,1.2592530400000002,1.26431472,0.0,10.12335999999993,7.59979224000017,8662.960222678177,8670.560014918177,0.2907211871303499,2.0,8657.931495684497,0.0,0.0,2023-07-14 00:00:00+00:00,2023-07-13 00:00:00+00:00,2023-07-14 00:01:00+00:00,46.89,0.02454334773025512,2004.78,2023-07-14 00:02:00+00:00,2023-07-14 00:22:00+00:00,2023-07-14 00:23:00+00:00,target,0.1886499439518067,0.26385685651235535,"simulated minute opens; intrabar exits only known within minute, not actual exchange fills"
681,1291.0,1859042.0,1859661.0,1.0,1.3820000000000001,1935.67,1944.65,1906.6343321582124,1945.0433604768068,1.3375479700000001,1.3437531500000002,0.2175285567673617,12.410360000000026,9.511530323230545,8670.560014918177,8680.071545241408,0.3085263161084578,2.0,8655.352156730736,0.0,0.0,2023-07-15 00:00:00+00:00,2023-07-14 00:00:00+00:00,2023-07-15 00:01:00+00:00,45.4,0.0237634460855957,1936.74,2023-07-15 00:02:00+00:00,2023-07-15 10:21:00+00:00,2023-07-15 10:22:00+00:00,target,0.2370339393026063,0.32282227940756153,"simulated minute opens; intrabar exits only known within minute, not actual exchange fills"
682,1292.0,1860482.0,1861345.0,1.0,1.324,1931.26,1938.2,1900.8071594096941,1938.587912118067,1.2784941200000002,1.2830884,0.11802837891850645,9.188560000000074,6.50894910108218,8680.071545241408,8686.58049434249,0.2945814705181541,2.0,8655.757123002408,0.0,0.0,2023-07-16 00:00:00+00:00,2023-07-15 00:00:00+00:00,2023-07-16 00:01:00+00:00,44.9,0.023501734124300597,1930.4,2023-07-16 00:02:00+00:00,2023-07-16 14:25:00+00:00,2023-07-16 14:26:00+00:00,target,0.16143402728307438,0.24063148054568173,"simulated minute opens; intrabar exits only known within minute, not actual exchange fills"
683,1293.0,1861922.0,1861938.0,1.0,1.471,1919.93,1928.43,1892.7088887560822,1928.8184931848298,1.4121085150000001,1.418360265,0.0,12.5035,9.673031219999757,8686.58049434249,8696.25352556249,0.32512414198422424,2.0,8679.66684582749,0.0,0.0,2023-07-17 00:00:00+00:00,2023-07-16 00:00:00+00:00,2023-07-17 00:01:00+00:00,43.2,0.022611913455897237,1920.97,2023-07-17 00:02:00+00:00,2023-07-17 00:18:00+00:00,2023-07-17 00:19:00+00:00,target,0.2415705935395672,0.3265294023151129,"simulated minute opens; intrabar exits only known within minute, not actual exchange fills"
684,1294.0,1863362.0,1864368.0,1.0,1.338,1912.3700000000001,1881.78,1882.1570081871982,1918.1383777776723,1.2793755300000003,1.25891082,0.39855876661629536,-40.9294200000002,-43.8662651166178,8696.25352556249,8652.387260445872,0.2942360238783972,1.0,8647.18363126587,0.0,0.0,2023-07-18 00:00:00+00:00,2023-07-17 00:00:00+00:00,2023-07-18 00:01:00+00:00,43.02,0.022517697149830995,1910.37,2023-07-18 00:02:00+00:00,2023-07-18 16:48:00+00:00,2023-07-18 16:49:00+00:00,stop,-1.085127607034816,0.19092375271581027,"simulated minute opens; intrabar exits only known within minute, not actual exchange fills"
685,1295.0,1864802.0,1864833.0,1.0,1.464,1896.06,1903.68,1868.7927585220282,1904.0612720302433,1.38791592,1.3934937600000001,0.0,11.155680000000173,8.374270320000505,8652.387260445872,8660.761530765873,0.3208168747473465,2.0,8648.848676861311,0.0,0.0,2023-07-19 00:00:00+00:00,2023-07-18 00:00:00+00:00,2023-07-19 00:01:00+00:00,42.38,0.02218270583937326,1896.46,2023-07-19 00:02:00+00:00,2023-07-19 00:33:00+00:00,2023-07-19 00:34:00+00:00,target,0.20978029642717747,0.29343899846661575,"simulated minute opens; intrabar exits only known within minute, not actual exchange fills"
686,1296.0,1866242.0,1866308.0,1.0,1.407,1889.02,1894.6100000000001,1860.521091720989,1894.989846821151,1.3289255700000002,1.3328581350000002,0.0,7.865130000000205,5.203346295000301,8660.761530765873,8665.964877060873,0.3068842307409619,2.0,8649.781139722712,0.0,0.0,2023-07-20 00:00:00+00:00,2023-07-19 00:00:00+00:00,2023-07-20 00:01:00+00:00,41.55,0.02174826398362338,1887.55,2023-07-20 00:02:00+00:00,2023-07-20 01:08:00+00:00,2023-07-20 01:09:00+00:00,target,0.12976584800351373,0.20947633371443328,"simulated minute opens; intrabar exits only known within minute, not actual exchange fills"
687,1297.0,1867682.0,1867810.0,1.0,1.461,1891.6000000000001,1897.46,1864.2136015503058,1897.840478471666,1.3818138000000002,1.38609453,0.0,8.561459999999855,5.7935516699999425,8665.964877060873,8671.758428730873,0.31890593133090395,2.0,8656.141221919983,0.0,0.0,2023-07-21 00:00:00+00:00,2023-07-20 00:00:00+00:00,2023-07-21 00:01:00+00:00,40.38,0.021135857994192833,1890.56,2023-07-21 00:02:00+00:00,2023-07-21 02:10:00+00:00,2023-07-21 02:11:00+00:00,target,0.14479706074838858,0.22786780390743921,"simulated minute opens; intrabar exits only known within minute, not actual exchange fills"
688,1298.0,1869122.0,1870517.0,1.0,1.584,1890.91,1865.42,1865.8001592667115,1897.746241619859,1.49760072,1.4774126400000003,0.03688735311262663,-40.37616000000001,-43.38806071311228,8671.758428730873,8628.37036801776,0.3453972414725526,1.0,8608.805345072162,0.0,0.0,2023-07-22 00:00:00+00:00,2023-07-21 00:00:00+00:00,2023-07-22 00:01:00+00:00,38.37,0.0200837759097865,1890.84,2023-07-22 00:02:00+00:00,2023-07-22 23:17:00+00:00,2023-07-22 23:18:00+00:00,stop,-1.0908652412950512,0.2722534839018662,"simulated minute opens; intrabar exits only known within minute, not actual exchange fills"
689,1299.0,1870562.0,1870735.0,1.0,1.557,1866.0900000000001,1872.05,1840.6229684457103,1872.426515966516,1.4527510650000002,1.457390925,0.0,9.279719999999703,6.369578009998804,8628.37036801776,8634.73994602776,0.33673822588441993,2.0,8612.55595886139,0.0,0.0,2023-07-23 00:00:00+00:00,2023-07-22 00:00:00+00:00,2023-07-23 00:01:00+00:00,38.44,0.020120415584367814,1865.6,2023-07-23 00:02:00+00:00,2023-07-23 02:55:00+00:00,2023-07-23 02:56:00+00:00,target,0.16063631096063588,0.2488125069860574,"simulated minute opens; intrabar exits only known within minute, not actual exchange fills"
690,1300.0,1872002.0,1872246.0,1.0,1.593,1888.23,1863.02,1863.3939672063702,1894.5140210868985,1.503975195,1.48389543,0.0,-40.15953000000006,-43.147400625000955,8634.73994602776,8591.592545402758,0.3483544853465735,1.0,8591.592545402758,0.0,0.0,2023-07-24 00:00:00+00:00,2023-07-23 00:00:00+00:00,2023-07-24 00:01:00+00:00,37.15,0.01944519872422644,1887.86,2023-07-24 00:02:00+00:00,2023-07-24 04:06:00+00:00,2023-07-24 04:07:00+00:00,stop,-1.090577759542491,0.2530203249091503,"simulated minute opens; intrabar exits only known within minute, not actual exchange fills"
691,1301.0,1873442.0,1873596.0,1.0,1.598,1849.6100000000001,1855.16,1824.9421157178358,1855.5313848406931,1.47783839,1.48227284,0.0,8.868899999999927,5.908788770000683,8591.592545402758,8597.501334172759,0.34401966391918126,2.0,8582.197569548598,0.0,0.0,2023-07-25 00:00:00+00:00,2023-07-24 00:00:00+00:00,2023-07-25 00:01:00+00:00,37.01,0.019371919375063808,1849.04,2023-07-25 00:02:00+00:00,2023-07-25 02:36:00+00:00,2023-07-25 02:37:00+00:00,target,0.1498959115303586,0.24004429293412735,"simulated minute opens; intrabar exits only known within minute, not actual exchange fills"
692,1302.0,1874882.0,1875070.0,1.0,1.62,1856.7,1863.15,1832.3886473970715,1863.5265330897168,1.5039270000000002,1.5091515000000002,0.0,10.449000000000074,7.435921500000404,8597.501334172759,8604.93725567276,0.3498521120368529,2.0,8587.36739716736,0.0,0.0,2023-07-26 00:00:00+00:00,2023-07-25 00:00:00+00:00,2023-07-26 00:01:00+00:00,37.6,0.019680739489392036,1856.91,2023-07-26 00:02:00+00:00,2023-07-26 03:10:00+00:00,2023-07-26 03:11:00+00:00,target,0.18880376896213213,0.2807961038290598,"simulated minute opens; intrabar exits only known within minute, not actual exchange fills"
693,1303.0,1876322.0,1876499.0,1.0,1.655,1870.95,1877.05,1847.2004309500671,1877.4257628627324,1.5482111250000001,1.553258875,0.0,10.09549999999985,6.994029999999839,8604.93725567276,8611.93128567276,0.35984251343130946,2.0,8595.584861529558,0.0,0.0,2023-07-27 00:00:00+00:00,2023-07-26 00:00:00+00:00,2023-07-27 00:01:00+00:00,36.16,0.018927009040862128,1870.98,2023-07-27 00:02:00+00:00,2023-07-27 02:59:00+00:00,2023-07-27 03:00:00+00:00,target,0.17794007087517402,0.2726686471285959,"simulated minute opens; intrabar exits only known within minute, not actual exchange fills"
694,1304.0,1877762.0,1878349.0,1.0,1.6580000000000001,1860.7,1866.19,1836.9568181841641,1866.5698188923245,1.5425203,1.5470715100000003,0.16516732085060584,9.102420000000016,5.847660869148967,8611.93128567276,8617.778946541908,0.35822865947995064,2.0,8602.24798537276,0.0,0.0,2023-07-28 00:00:00+00:00,2023-07-27 00:00:00+00:00,2023-07-28 00:01:00+00:00,35.59,0.018628657404985708,1860.28,2023-07-28 00:02:00+00:00,2023-07-28 09:49:00+00:00,2023-07-28 09:50:00+00:00,target,0.14854523791812177,0.24722124178021937,"simulated minute opens; intrabar exits only known within minute, not actual exchange fills"
695,1305.0,1879202.0,1880408.0,1.0,1.739,1873.29,1879.08,1850.7662186968375,1879.4590266682856,1.6288256550000002,1.63386006,0.37384390867794204,10.068809999999937,6.432280376320705,8617.778946541908,8624.211226918229,0.3780151858394107,2.0,8608.14005818977,0.0,0.0,2023-07-29 00:00:00+00:00,2023-07-28 00:00:00+00:00,2023-07-29 00:01:00+00:00,34.27,0.017937737827166626,1873.39,2023-07-29 00:02:00+00:00,2023-07-29 20:08:00+00:00,2023-07-29 20:09:00+00:00,target,0.16421925694875533,0.27388947642727474,"simulated minute opens; intrabar exits only known within minute, not actual exchange fills"
696,1306.0,1880642.0,1881837.0,1.0,1.69,1880.58,1856.95,1857.3292126630577,1885.876763459865,1.5890901,1.56912275,0.17856537301154485,-39.9346999999998,-43.27147822301231,8624.211226918229,8580.939748695217,0.3685183625929915,1.0,8580.939748695217,0.0,0.0,2023-07-30 00:00:00+00:00,2023-07-29 00:00:00+00:00,2023-07-30 00:01:00+00:00,33.98,0.017785944889615463,1879.85,2023-07-30 00:02:00+00:00,2023-07-30 19:57:00+00:00,2023-07-30 19:58:00+00:00,stop,-1.1012282987659985,0.22781006867020423,"simulated minute opens; intrabar exits only known within minute, not actual exchange fills"
697,1307.0,1882082.0,1882124.0,1.0,1.684,1860.8,1866.51,1837.5526698885617,1866.885878765193,1.5667936,1.57160142,0.0,9.615640000000061,6.4772449799984315,8580.939748695217,8587.416993675215,0.36517995601547965,2.0,8578.294637068137,0.0,0.0,2023-07-31 00:00:00+00:00,2023-07-30 00:00:00+00:00,2023-07-31 00:01:00+00:00,35.21,0.018429756314401427,1860.76,2023-07-31 00:02:00+00:00,2023-07-31 00:44:00+00:00,2023-07-31 00:45:00+00:00,target,0.16545319318654025,0.2617882886344268,"simulated minute opens; intrabar exits only known within minute, not actual exchange fills"
698,1308.0,1883522.0,1883577.0,1.0,1.659,1855.73,1861.16,1832.0782947542448,1861.5345727749336,1.539328035,1.54383222,0.0,9.008370000000106,5.925209745000757,8587.416993675215,8593.342203420216,0.35850781116923575,2.0,8583.455525640215,0.0,0.0,2023-08-01 00:00:00+00:00,2023-07-31 00:00:00+00:00,2023-08-01 00:01:00+00:00,35.57,0.018618188926533902,1855.39,2023-08-01 00:02:00+00:00,2023-08-01 00:57:00+00:00,2023-08-01 00:58:00+00:00,target,0.15100623667045918,0.24541878543727194,"simulated minute opens; intrabar exits only known within minute, not actual exchange fills"
699,1309.0,1884962.0,1885081.0,-1.0,1.461,1871.8400000000001,1867.22,1898.9635423579448,1866.8431842707662,1.3673791200000003,1.36400421,0.0,6.749820000000173,4.0184366699995735,8593.342203420216,8597.360640090215,0.3182415147986945,2.0,8581.586837849796,0.0,0.0,2023-08-02 00:00:00+00:00,2023-08-01 00:00:00+00:00,2023-08-02 00:01:00+00:00,37.06,0.01939809057119332,1873.05,2023-08-02 00:02:00+00:00,2023-08-02 02:01:00+00:00,2023-08-02 02:02:00+00:00,target,0.10140526497985537,0.18422430460195263,"simulated minute opens; intrabar exits only known within minute, not actual exchange fills"
700,1310.0,1886402.0,1886509.0,1.0,1.57,1839.3700000000001,1844.97,1814.1929048788993,1845.3467533624196,1.4439054500000001,1.4483014500000002,0.0,8.791999999999858,5.899793099999442,8597.360640090215,8603.260433190215,0.33589505208539183,2.0,8591.693977797415,0.0,0.0,2023-08-03 00:00:00+00:00,2023-08-02 00:00:00+00:00,2023-08-03 00:01:00+00:00,37.62,0.01969120796784384,1839.07,2023-08-03 00:02:00+00:00,2023-08-03 01:49:00+00:00,2023-08-03 01:50:00+00:00,target,0.14925590033022607,0.2373885205450237,"simulated minute opens; intrabar exits only known within minute, not actual exchange fills"
701,1311.0,1887842.0,1888590.0,1.0,1.536,1836.43,1840.4,1810.6290542737072,1840.7760145348548,1.41037824,1.4134272,0.136283560396075,6.097920000000042,3.137830999603466,8603.260433190215,8606.398264189818,0.32787063717354215,2.0,8589.826957734214,0.0,0.0,2023-08-04 00:00:00+00:00,2023-08-03 00:00:00+00:00,2023-08-04 00:01:00+00:00,36.5,0.0191049731745428,1834.69,2023-08-04 00:02:00+00:00,2023-08-04 12:30:00+00:00,2023-08-04 12:31:00+00:00,target,0.07917766834486091,0.16844400127650466,"simulated minute opens; intrabar exits only known within minute, not actual exchange fills"
702,1312.0,1889282.0,1890126.0,1.0,1.074,1829.49,1834.8600000000001,1806.221430224532,1835.2346231352528,0.9824361300000001,0.9853198200000002,0.181240440612,5.767380000000127,3.61838360938782,8606.398264189818,8610.016647799206,0.22830366428376847,2.0,8602.663886273478,0.0,0.0,2023-08-05 00:00:00+00:00,2023-08-04 00:00:00+00:00,2023-08-05 00:01:00+00:00,35.2,0.018424522075175524,1829.4,2023-08-05 00:02:00+00:00,2023-08-05 14:06:00+00:00,2023-08-05 14:07:00+00:00,target,0.1447906895228188,0.2468833791971764,"simulated minute opens; intrabar exits only known within minute, not actual exchange fills"
703,1313.0,1890722.0,1891282.0,-1.0,1.6400000000000001,1835.14,1830.01,1859.151351712102,1829.640126303835,1.5048148000000001,1.5006082,-0.20908593210866117,8.41320000000018,5.616862932109143,8610.016647799206,8615.633510731315,0.34954980032115124,2.0,8603.493432999207,0.0,0.0,2023-08-06 00:00:00+00:00,2023-08-05 00:00:00+00:00,2023-08-06 00:01:00+00:00,35.44,0.018550143816597173,1835.5,2023-08-06 00:02:00+00:00,2023-08-06 09:22:00+00:00,2023-08-06 09:23:00+00:00,target,0.14263738514527613,0.22905306465496522,"simulated minute opens; intrabar exits only known within minute, not actual exchange fills"
704,1314.0,1892162.0,1892238.0,1.0,1.7,1829.77,1834.75,1806.6263699606207,1835.1217724492076,1.5553045,1.5595375,0.0,8.466000000000031,5.3511579999994865,8615.633510731315,8620.984668731315,0.3610423999727403,2.0,8606.829710820315,0.0,0.0,2023-08-07 00:00:00+00:00,2023-08-06 00:00:00+00:00,2023-08-07 00:01:00+00:00,34.87,0.01825179218072075,1829.38,2023-08-07 00:02:00+00:00,2023-08-07 01:18:00+00:00,2023-08-07 01:19:00+00:00,target,0.13600891453258449,0.23124170409315467,"simulated minute opens; intrabar exits only known within minute, not actual exchange fills"
705,1315.0,1893602.0,1893657.0,1.0,1.663,1829.25,1833.48,1805.521798432979,1833.8471296960706,1.5210213750000001,1.5245386200000002,0.0,7.03449000000003,3.9889300049999292,8620.984668731315,8624.973598736315,0.3528648834086924,2.0,8615.938087356315,0.0,0.0,2023-08-08 00:00:00+00:00,2023-08-07 00:00:00+00:00,2023-08-08 00:01:00+00:00,34.53,0.01807382804704008,1828.18,2023-08-08 00:02:00+00:00,2023-08-08 00:57:00+00:00,2023-08-08 00:58:00+00:00,target,0.10108793931242309,0.19374117684755435,"simulated minute opens; intrabar exits only known within minute, not actual exchange fills"
706,1316.0,1895042.0,1896030.0,-1.0,1.706,1855.41,1849.94,1878.4304080203447,1849.567826585314,1.58266473,1.5779988200000001,-0.2616792259510394,9.331820000000047,6.432835675950628,8624.973598736315,8631.406434412265,0.36699584338017766,2.0,8596.520249894666,0.0,0.0,2023-08-09 00:00:00+00:00,2023-08-08 00:00:00+00:00,2023-08-09 00:01:00+00:00,34.65,0.018136638917750903,1855.36,2023-08-09 00:02:00+00:00,2023-08-09 16:30:00+00:00,2023-08-09 16:31:00+00:00,target,0.16379868615490142,0.25378235735539806,"simulated minute opens; intrabar exits only known within minute, not actual exchange fills"
707,1317.0,1896482.0,1897297.0,1.0,1.6560000000000001,1855.65,1860.04,1831.8150297232928,1860.4187710694414,1.5364782000000003,1.5401131200000002,0.3005154616464001,7.26983999999979,3.8927332183538965,8631.406434412265,8635.29916763062,0.35602035697780765,2.0,8618.88304871038,0.0,0.0,2023-08-10 00:00:00+00:00,2023-08-09 00:00:00+00:00,2023-08-10 00:01:00+00:00,34.51,0.018063359568588275,1854.7,2023-08-10 00:02:00+00:00,2023-08-10 13:37:00+00:00,2023-08-10 13:38:00+00:00,target,0.09862333719364376,0.20007455491151085,"simulated minute opens; intrabar exits only known within minute, not actual exchange fills"
708,1318.0,1897922.0,1898772.0,1.0,1.45,1851.75,1856.57,1829.2769322418458,1856.94385077723,1.34251875,1.34601325,0.018813031379999998,6.9889999999999075,4.281654968619478,8635.29916763062,8639.580822599239,0.31093740331138164,2.0,8620.67464888062,0.0,0.0,2023-08-11 00:00:00+00:00,2023-08-10 00:00:00+00:00,2023-08-11 00:01:00+00:00,33.47,0.017518998689094453,1851.42,2023-08-11 00:02:00+00:00,2023-08-11 14:12:00+00:00,2023-08-11 14:13:00+00:00,target,0.13139574567109152,0.2311144536706785,"simulated minute opens; intrabar exits only known within minute, not actual exchange fills"
709,1319.0,1899362.0,1900799.0,1.0,1.891,1848.42,1848.78,1827.7923029620804,1853.0892758721902,1.74768111,1.7480214900000002,0.3954839154848,0.6807599999998108,-3.210426515484869,8639.580822599239,8636.370396083754,0.40457544084278985,3.0,8631.635393106322,0.0,0.0,2023-08-12 00:00:00+00:00,2023-08-11 00:00:00+00:00,2023-08-12 00:01:00+00:00,30.69,0.01606388018429366,1848.04,2023-08-12 00:02:00+00:00,2023-08-12 23:59:00+00:00,2023-08-12 23:59:00+00:00,scheduled_23_59_exit,-0.0823039086563613,0.2263595331852447,"simulated minute opens; intrabar exits only known within minute, not actual exchange fills"
710,1320.0,1900802.0,1902134.0,-1.0,1.7630000000000001,1848.77,1844.48,1869.4335542911435,1844.1085639040593,1.6296907550000002,1.62590912,-0.40854297945775786,7.563269999999936,4.716213104456983,8636.370396083754,8641.08660918821,0.3774017741849051,2.0,8612.23514805544,0.0,0.0,2023-08-13 00:00:00+00:00,2023-08-12 00:00:00+00:00,2023-08-13 00:01:00+00:00,30.71,0.01607434866274546,1849.14,2023-08-13 00:02:00+00:00,2023-08-13 22:14:00+00:00,2023-08-13 22:15:00+00:00,target,0.1294601431086482,0.22558733266612055,"simulated minute opens; intrabar exits only known within minute, not actual exchange fills"
711,1321.0,1902242.0,1902402.0,1.0,1.839,1839.71,1845.15,1818.4280818682025,1845.5220956260052,1.691613345,1.696615425,0.0,10.0041600000001,6.6159312300005695,8641.08660918821,8647.702540418211,0.39152792270390613,2.0,8630.312271832072,0.0,0.0,2023-08-14 00:00:00+00:00,2023-08-13 00:00:00+00:00,2023-08-14 00:01:00+00:00,33.43,0.017498061732190845,1840.09,2023-08-14 00:02:00+00:00,2023-08-14 02:42:00+00:00,2023-08-14 02:43:00+00:00,target,0.16904350339667676,0.2731001778134508,"simulated minute opens; intrabar exits only known within minute, not actual exchange fills"
712,1322.0,1903682.0,1904370.0,-1.0,1.774,1843.78,1839.95,1865.90457923469,1839.5730864405925,1.6354328599999999,1.6320356500000002,-0.32348471843681936,6.794419999999871,3.850436208438623,8647.702540418211,8651.55297662665,0.37823522545004395,2.0,8640.798327558212,0.0,0.0,2023-08-15 00:00:00+00:00,2023-08-14 00:00:00+00:00,2023-08-15 00:01:00+00:00,32.21,0.016859484546630783,1844.81,2023-08-15 00:02:00+00:00,2023-08-15 11:30:00+00:00,2023-08-15 11:31:00+00:00,target,0.09810277609526837,0.19014660187576674,"simulated minute opens; intrabar exits only known within minute, not actual exchange fills"
713,1323.0,1905122.0,1906349.0,1.0,1.9000000000000001,1828.64,1807.7,1808.0669971289085,1833.3492561087692,1.7372080000000003,1.7173150000000001,0.6750604705612635,-39.78600000000011,-43.915583470561614,8651.55297662665,8607.637393156088,0.4015944893808787,1.0,8602.542827130088,0.0,0.0,2023-08-16 00:00:00+00:00,2023-08-15 00:00:00+00:00,2023-08-16 00:01:00+00:00,31.45,0.01646168236546222,1828.28,2023-08-16 00:02:00+00:00,2023-08-16 20:29:00+00:00,2023-08-16 20:30:00+00:00,stop,-1.1234852359343355,0.22890465423432838,"simulated minute opens; intrabar exits only known within minute, not actual exchange fills"
714,1324.0,1906562.0,1906604.0,1.0,1.859,1806.7,1785.3500000000001,1785.714120744832,1812.557566917222,1.67932765,1.659482825,0.0,-39.68964999999983,-43.02846047499952,8607.637393156088,8564.608932681089,0.3901947940639854,1.0,8564.608932681089,0.0,0.0,2023-08-17 00:00:00+00:00,2023-08-16 00:00:00+00:00,2023-08-17 00:01:00+00:00,33.71,0.017644620430516105,1807.19,2023-08-17 00:02:00+00:00,2023-08-17 00:44:00+00:00,2023-08-17 00:45:00+00:00,stop,-1.1029332971264305,0.27911944245935644,"simulated minute opens; intrabar exits only known within minute, not actual exchange fills"
715,1325.0,1908002.0,1908004.0,1.0,1.3820000000000001,1680.78,1687.3600000000001,1651.8106805774814,1687.698165118828,1.16141898,1.1659657600000004,0.0,9.093560000000215,6.766175259999727,8564.608932681089,8571.375107941089,0.2712135461476176,2.0,8561.19220080007,0.0,0.0,2023-08-18 00:00:00+00:00,2023-08-17 00:00:00+00:00,2023-08-18 00:01:00+00:00,45.77,0.023957112936954086,1681.0,2023-08-18 00:02:00+00:00,2023-08-18 00:04:00+00:00,2023-08-18 00:05:00+00:00,target,0.16900397032434528,0.23881006722755022,"simulated minute opens; intrabar exits only known within minute, not actual exchange fills"
716,1326.0,1909442.0,1909480.0,1.0,1.496,1660.73,1666.6000000000001,1634.0676318413643,1666.9410888971895,1.24222604,1.2466168,0.0,8.781520000000176,6.2926771599995845,8571.375107941089,8577.667785101088,0.2898545506074328,2.0,8569.477537094928,0.0,0.0,2023-08-19 00:00:00+00:00,2023-08-18 00:00:00+00:00,2023-08-19 00:01:00+00:00,42.63,0.02231356182002081,1660.76,2023-08-19 00:02:00+00:00,2023-08-19 00:40:00+00:00,2023-08-19 00:41:00+00:00,target,0.15776299295594765,0.23295338434436008,"simulated minute opens; intrabar exits only known within minute, not actual exchange fills"
717,1327.0,1910882.0,1911255.0,-1.0,1.595,1668.32,1662.42,1693.1712186270145,1662.0844905847548,1.3304851999999998,1.32577995,0.0,9.410499999999782,6.754234849999193,8577.667785101088,8584.422019951087,0.31022073443109455,2.0,8566.655649901088,0.0,0.0,2023-08-20 00:00:00+00:00,2023-08-19 00:00:00+00:00,2023-08-20 00:01:00+00:00,41.71,0.021832011811237815,1668.69,2023-08-20 00:02:00+00:00,2023-08-20 06:15:00+00:00,2023-08-20 06:16:00+00:00,target,0.17039928961053993,0.25091362757023183,"simulated minute opens; intrabar exits only known within minute, not actual exchange fills"
718,1328.0,1912322.0,1912483.0,-1.0,1.591,1682.3,1678.27,1707.2281735564009,1677.9253566710724,1.33826965,1.335063785,0.0,6.411729999999957,3.738396565000585,8584.422019951087,8588.160416516088,0.3117902747301385,2.0,8579.074430301089,0.0,0.0,2023-08-21 00:00:00+00:00,2023-08-20 00:00:00+00:00,2023-08-21 00:01:00+00:00,39.09,0.020460641134051456,1684.16,2023-08-21 00:02:00+00:00,2023-08-21 02:43:00+00:00,2023-08-21 02:44:00+00:00,target,0.09425941273571652,0.17548992584754408,"simulated minute opens; intrabar exits only known within minute, not actual exchange fills"
719,1329.0,1913762.0,1914734.0,1.0,1.495,1668.07,1641.01,1641.3472217600563,1672.5954463537653,1.246882325,1.2266549750000002,-0.25579705598018415,-40.454699999999924,-42.672440244019526,8588.160416516088,8545.487976272068,0.2903723881547653,1.0,8545.487976272068,0.0,0.0,2023-08-22 00:00:00+00:00,2023-08-21 00:00:00+00:00,2023-08-22 00:01:00+00:00,40.31,0.021099218319611517,1666.79,2023-08-22 00:02:00+00:00,2023-08-22 16:14:00+00:00,2023-08-22 16:15:00+00:00,stop,-1.068131390906392,0.16934789912678225,"simulated minute opens; intrabar exits only known within minute, not actual exchange fills"
720,1330.0,1915202.0,1915215.0,1.0,1.492,1633.94,1640.27,1607.2547818656199,1640.6014552468516,1.21891924,1.2236414199999999,0.0,9.444359999999891,7.001799339999707,8545.487976272068,8552.489775612068,0.28527785502349934,2.0,8543.025804152348,0.0,0.0,2023-08-23 00:00:00+00:00,2023-08-22 00:00:00+00:00,2023-08-23 00:01:00+00:00,43.36,0.022695661283511668,1634.5,2023-08-23 00:02:00+00:00,2023-08-23 00:15:00+00:00,2023-08-23 00:16:00+00:00,target,0.17586121936000443,0.2496309085166973,"simulated minute opens; intrabar exits only known within minute, not actual exchange fills"
721,1331.0,1916642.0,1916747.0,-1.0,1.651,1678.49,1672.63,1702.3390721038884,1672.2917736911052,1.3855934950000002,1.3807560650000001,0.0,9.674859999999835,6.908510439998281,8552.489775612068,8559.398286052066,0.3240210818961987,2.0,8543.905822117067,0.0,0.0,2023-08-24 00:00:00+00:00,2023-08-23 00:00:00+00:00,2023-08-24 00:01:00+00:00,40.12,0.020999767774319375,1678.8,2023-08-24 00:02:00+00:00,2023-08-24 01:47:00+00:00,2023-08-24 01:48:00+00:00,target,0.17545504419506214,0.25989381397711825,"simulated minute opens; intrabar exits only known within minute, not actual exchange fills"
722,1332.0,1918082.0,1918935.0,1.0,1.463,1660.99,1665.8600000000001,1633.7378061804134,1666.1962929614217,1.215014185,1.21857659,-0.036921374905800004,7.124810000000173,4.7281405999056005,8559.398286052066,8564.126426651972,0.2839017754273502,2.0,8536.393576485767,0.0,0.0,2023-08-25 00:00:00+00:00,2023-08-24 00:00:00+00:00,2023-08-25 00:01:00+00:00,41.42,0.021680218873686652,1660.22,2023-08-25 00:02:00+00:00,2023-08-25 14:15:00+00:00,2023-08-25 14:16:00+00:00,target,0.11858904930718286,0.19104124225330588,"simulated minute opens; intrabar exits only known within minute, not actual exchange fills"
723,1333.0,1919522.0,1920959.0,1.0,1.307,1653.54,1645.96,1628.8795216487395,1658.7217466229301,1.08058839,1.0756348599999999,-0.13717013529020636,-9.907059999999904,-11.92611311471046,8564.126426651972,8552.200313537262,0.25235227416474304,3.0,8549.422060939041,0.0,0.0,2023-08-26 00:00:00+00:00,2023-08-25 00:00:00+00:00,2023-08-26 00:01:00+00:00,38.17,0.01997909112526846,1653.24,2023-08-26 00:02:00+00:00,2023-08-26 23:59:00+00:00,2023-08-26 23:59:00+00:00,scheduled_23_59_exit,-0.37001713830231747,0.21012352433404094,"simulated minute opens; intrabar exits only known within minute, not actual exchange fills"
724,1334.0,1920962.0,1921273.0,1.0,1.594,1646.13,1651.51,1621.2869168610487,1651.8501972917436,1.3119656100000001,1.3162534700000001,0.0,8.575719999999812,5.947500919999584,8552.200313537262,8558.147814457261,0.3068135829146313,2.0,8549.807829188521,0.0,0.0,2023-08-27 00:00:00+00:00,2023-08-26 00:00:00+00:00,2023-08-27 00:01:00+00:00,39.26,0.020549623200891792,1646.28,2023-08-27 00:02:00+00:00,2023-08-27 05:13:00+00:00,2023-08-27 05:14:00+00:00,target,0.1501898930632175,0.23025311551507058,"simulated minute opens; intrabar exits only known within minute, not actual exchange fills"
725,1335.0,1922402.0,1922452.0,-1.0,1.671,1656.49,1651.64,1680.0822468667661,1651.301552649201,1.3839973950000002,1.3799452200000002,0.0,8.104349999999847,5.340407384999708,8558.147814457261,8563.48822184226,0.3234338609253783,2.0,8554.90900706226,0.0,0.0,2023-08-28 00:00:00+00:00,2023-08-27 00:00:00+00:00,2023-08-28 00:01:00+00:00,39.19,0.020512983526310476,1657.59,2023-08-28 00:02:00+00:00,2023-08-28 00:52:00+00:00,2023-08-28 00:53:00+00:00,target,0.13546547804659795,0.21992171326876783,"simulated minute opens; intrabar exits only known within minute, not actual exchange fills"
726,1336.0,1923842.0,1923915.0,1.0,1.607,1653.1200000000001,1657.6000000000001,1628.4651460819193,1657.932627896398,1.3282819200000002,1.3318816000000002,0.0,7.199360000000029,4.539196480000101,8563.48822184226,8568.027418322261,0.310219827619322,2.0,8559.845759083011,0.0,0.0,2023-08-29 00:00:00+00:00,2023-08-28 00:00:00+00:00,2023-08-29 00:01:00+00:00,38.08,0.019931982972235338,1652.51,2023-08-29 00:02:00+00:00,2023-08-29 01:15:00+00:00,2023-08-29 01:16:00+00:00,target,0.11456729816308486,0.19520001669401094,"simulated minute opens; intrabar exits only known within minute, not actual exchange fills"
727,1337.0,1925282.0,1925330.0,-1.0,1.705,1728.76,1722.56,1751.7854165622434,1722.2135308998936,1.4737679000000001,1.4684824,0.0,10.571000000000078,7.628749699999389,8568.027418322261,8575.65616802226,0.34401568250083503,2.0,8563.80860042226,0.0,0.0,2023-08-30 00:00:00+00:00,2023-08-29 00:00:00+00:00,2023-08-30 00:01:00+00:00,38.11,0.019947685689913047,1728.51,2023-08-30 00:02:00+00:00,2023-08-30 00:50:00+00:00,2023-08-30 00:51:00+00:00,target,0.1943217829698927,0.284314904028322,"simulated minute opens; intrabar exits only known within minute, not actual exchange fills"
728,1338.0,1926722.0,1927400.0,1.0,1.6580000000000001,1704.3500000000001,1709.5,1680.53332787211,1709.8430197571256,1.4129061500000002,1.4171755000000001,0.1684144435092918,8.538699999999775,5.5402039064902056,8575.65616802226,8581.19637192875,0.3295155781241748,2.0,8561.44350187226,0.0,0.0,2023-08-31 00:00:00+00:00,2023-08-30 00:00:00+00:00,2023-08-31 00:01:00+00:00,36.55,0.01913114437067231,1704.39,2023-08-31 00:02:00+00:00,2023-08-31 11:20:00+00:00,2023-08-31 11:21:00+00:00,target,0.1403007992153075,0.2306375856219206,"simulated minute opens; intrabar exits only known within minute, not actual exchange fills"
729,1339.0,1928162.0,1928177.0,1.0,1.665,1645.56,1650.28,1621.7740394997797,1650.6119697002782,1.3699287,1.3738580999999999,0.0,7.858800000000046,5.115013200000249,8581.19637192875,8586.31138512875,0.31928617890190253,2.0,8579.303900194851,0.0,0.0,2023-09-01 00:00:00+00:00,2023-08-31 00:00:00+00:00,2023-09-01 00:01:00+00:00,36.93,0.019330045461256593,1645.27,2023-09-01 00:02:00+00:00,2023-09-01 00:17:00+00:00,2023-09-01 00:18:00+00:00,target,0.1291551795846844,0.212392923978475,"simulated minute opens; intrabar exits only known within minute, not actual exchange fills"
730,1340.0,1929602.0,1929639.0,1.0,1.6620000000000001,1628.32,1633.25,1604.4398361989997,1633.581407242762,1.35313392,1.3572307500000003,0.0,8.193660000000106,5.483295330001056,8586.31138512875,8591.794680458752,0.31518398513792306,2.0,8582.930049602332,0.0,0.0,2023-09-02 00:00:00+00:00,2023-09-01 00:00:00+00:00,2023-09-02 00:01:00+00:00,37.65,0.019706910685521547,1628.19,2023-09-02 00:02:00+00:00,2023-09-02 00:39:00+00:00,2023-09-02 00:40:00+00:00,target,0.13815713441054578,0.22032542517743073,"simulated minute opens; intrabar exits only known within minute, not actual exchange fills"
731,1341.0,1931042.0,1931568.0,-1.0,1.801,1635.14,1630.8500000000001,1656.9944264087035,1630.5160371208697,1.4724435700000003,1.468580425,0.07287748751249999,7.726289999999934,4.712388517486033,8591.794680458752,8596.507068976238,0.34275576285567855,2.0,8584.559036888752,0.0,0.0,2023-09-03 00:00:00+00:00,2023-09-02 00:00:00+00:00,2023-09-03 00:01:00+00:00,36.07,0.01887990088782901,1636.24,2023-09-03 00:02:00+00:00,2023-09-03 08:48:00+00:00,2023-09-03 08:49:00+00:00,target,0.11972585958408713,0.2115801528100948,"simulated minute opens; intrabar exits only known within minute, not actual exchange fills"
732,1342.0,1932482.0,1932658.0,1.0,1.592,1635.3,1640.21,1610.2591355589693,1640.5467280352486,1.3016988,1.30560716,0.0,7.816720000000131,5.209414040000411,8596.507068976238,8601.716483016238,0.302843652556903,2.0,8589.035318214479,0.0,0.0,2023-09-04 00:00:00+00:00,2023-09-03 00:00:00+00:00,2023-09-04 00:01:00+00:00,39.23,0.020533920483214084,1635.02,2023-09-04 00:02:00+00:00,2023-09-04 02:58:00+00:00,2023-09-04 02:59:00+00:00,target,0.13067619960589422,0.20952663385900003,"simulated minute opens; intrabar exits only known within minute, not actual exchange fills"
733,1343.0,1933922.0,1934508.0,1.0,1.6600000000000001,1629.66,1635.16,1605.7124882724077,1635.4967328646305,1.3526178000000002,1.3571828000000004,0.00781952462,9.13,6.412379875380793,8601.716483016238,8608.128862891619,0.3144995077832878,2.0,8566.862694022439,0.0,0.0,2023-09-05 00:00:00+00:00,2023-09-04 00:00:00+00:00,2023-09-05 00:01:00+00:00,38.77,0.020293145478822588,1630.09,2023-09-05 00:02:00+00:00,2023-09-05 09:48:00+00:00,2023-09-05 09:49:00+00:00,target,0.16130608837116261,0.24373024350188915,"simulated minute opens; intrabar exits only known within minute, not actual exchange fills"
734,1344.0,1935362.0,1935697.0,-1.0,1.829,1632.8600000000001,1628.04,1654.4044542008232,1627.7104544836272,1.4932504700000002,1.48884258,0.0,8.815780000000299,5.83368695000172,8608.128862891619,8613.96254984162,0.3469396180712824,2.0,8594.43618242162,0.0,0.0,2023-09-06 00:00:00+00:00,2023-09-05 00:00:00+00:00,2023-09-06 00:01:00+00:00,37.23,0.019487072638033655,1633.63,2023-09-06 00:02:00+00:00,2023-09-06 05:37:00+00:00,2023-09-06 05:38:00+00:00,target,0.1480450593117872,0.2390195392453313,"simulated minute opens; intrabar exits only known within minute, not actual exchange fills"
735,1345.0,1936802.0,1936930.0,1.0,1.59,1632.41,1637.52,1607.2744417435142,1637.8568534553808,1.2977659500000003,1.3018284000000002,0.0,8.124899999999842,5.525305650000519,8613.96254984162,8619.487855491621,0.30131683124716196,2.0,8610.479748301821,0.0,0.0,2023-09-07 00:00:00+00:00,2023-09-06 00:00:00+00:00,2023-09-07 00:01:00+00:00,39.5,0.020675244942313445,1632.33,2023-09-07 00:02:00+00:00,2023-09-07 02:10:00+00:00,2023-09-07 02:11:00+00:00,target,0.13825175333448755,0.2166991239979821,"simulated minute opens; intrabar exits only known within minute, not actual exchange fills"
736,1346.0,1938242.0,1938809.0,-1.0,1.813,1646.78,1641.58,1668.543771104035,1641.2490740821927,1.4928060699999999,1.4880922699999999,-0.08013009741449999,9.427600000000082,6.5268317574136745,8619.487855491621,8626.014687249035,0.346379296549251,2.0,8597.091159421621,0.0,0.0,2023-09-08 00:00:00+00:00,2023-09-07 00:00:00+00:00,2023-09-08 00:01:00+00:00,37.44,0.0195969916617776,1647.27,2023-09-08 00:02:00+00:00,2023-09-08 09:29:00+00:00,2023-09-08 09:30:00+00:00,target,0.16541331459933012,0.2541345381445341,"simulated minute opens; intrabar exits only known within minute, not actual exchange fills"
737,1347.0,1939682.0,1941119.0,1.0,1.6520000000000001,1636.3700000000001,1634.46,1612.2322918030313,1640.9536343983764,1.35164162,1.3500639600000002,0.20142315603480002,-3.1553200000001356,-6.058448736035643,8626.014687249035,8619.956238513,0.3133872753539349,3.0,8612.902100378087,0.0,0.0,2023-09-09 00:00:00+00:00,2023-09-08 00:00:00+00:00,2023-09-09 00:01:00+00:00,36.94,0.019335279700482492,1635.78,2023-09-09 00:02:00+00:00,2023-09-09 23:59:00+00:00,2023-09-09 23:59:00+00:00,scheduled_23_59_exit,-0.15193413641320988,0.1898951781574638,"simulated minute opens; intrabar exits only known within minute, not actual exchange fills"
738,1348.0,1941122.0,1942021.0,1.0,1.707,1635.19,1611.57,1611.8987362062053,1639.8554396895222,1.395634665,1.375474995,0.04233531481821483,-40.3193400000002,-43.132784974817696,8619.956238513,8576.823453538182,0.32381479125484663,1.0,8576.823453538182,0.0,0.0,2023-09-10 00:00:00+00:00,2023-09-09 00:00:00+00:00,2023-09-10 00:01:00+00:00,36.17,0.01893224328008803,1634.8,2023-09-10 00:02:00+00:00,2023-09-10 15:01:00+00:00,2023-09-10 15:02:00+00:00,stop,-1.0848780567807448,0.20030856765982386,"simulated minute opens; intrabar exits only known within minute, not actual exchange fills"
739,1349.0,1942562.0,1943123.0,1.0,1.622,1616.67,1591.8500000000001,1592.1695440670399,1621.821762849071,1.3111193700000001,1.2909903500000004,0.15022438967298252,-40.2580399999999,-43.01037410967183,8576.823453538182,8533.81307942851,0.30573542223470307,1.0,8533.81307942851,0.0,0.0,2023-09-11 00:00:00+00:00,2023-09-10 00:00:00+00:00,2023-09-11 00:01:00+00:00,38.76,0.020287911239596685,1616.47,2023-09-11 00:02:00+00:00,2023-09-11 09:23:00+00:00,2023-09-11 09:24:00+00:00,stop,-1.0823013594363369,0.2102721215951089,"simulated minute opens; intrabar exits only known within minute, not actual exchange fills"
740,1350.0,1944002.0,1944047.0,1.0,1.51,1551.99,1556.2,1525.5993492636549,1556.5174810356198,1.17175245,1.1749310000000002,0.0,6.357100000000055,4.010416549999718,8533.81307942851,8537.82349597851,0.27461404159990566,2.0,8527.79262816031,0.0,0.0,2023-09-12 00:00:00+00:00,2023-09-11 00:00:00+00:00,2023-09-12 00:01:00+00:00,41.61,0.02177966941897879,1551.03,2023-09-12 00:02:00+00:00,2023-09-12 00:47:00+00:00,2023-09-12 00:48:00+00:00,target,0.10063810197533728,0.17155624849312714,"simulated minute opens; intrabar exits only known within minute, not actual exchange fills"
741,1351.0,1945442.0,1945670.0,-1.0,1.734,1591.47,1586.43,1614.1451896312067,1586.1028862410842,1.37980449,1.37543481,0.0,8.739359999999937,5.984120700000858,8537.82349597851,8543.80761667851,0.32322160106727815,2.0,8520.54291148851,0.0,0.0,2023-09-13 00:00:00+00:00,2023-09-12 00:00:00+00:00,2023-09-13 00:01:00+00:00,39.57,0.020711884616894757,1592.29,2023-09-13 00:02:00+00:00,2023-09-13 03:50:00+00:00,2023-09-13 03:51:00+00:00,target,0.1521949785703666,0.23669542994821746,"simulated minute opens; intrabar exits only known within minute, not actual exchange fills"
742,1352.0,1946882.0,1946928.0,-1.0,1.749,1606.15,1628.95,1628.6203891816856,1600.5371100794205,1.4045781750000002,1.424516775,0.0,-39.877199999999924,-42.706294949999574,8543.80761667851,8501.10132172851,0.3287944293731754,1.0,8501.10132172851,0.0,0.0,2023-09-14 00:00:00+00:00,2023-09-13 00:00:00+00:00,2023-09-14 00:01:00+00:00,39.13,0.020481578090955067,1606.68,2023-09-14 00:02:00+00:00,2023-09-14 00:48:00+00:00,2023-09-14 00:49:00+00:00,stop,-1.0866545213156025,0.2497905076408025,"simulated minute opens; intrabar exits only known within minute, not actual exchange fills"
743,1353.0,1948322.0,1949037.0,-1.0,1.76,1625.01,1619.95,1647.1730960107204,1619.6237996553486,1.4300088000000002,1.425556,0.070822684064,8.905599999999904,5.979212515936524,8501.10132172851,8507.080534244447,0.33642906863019,2.0,8481.78971292851,0.0,0.0,2023-09-15 00:00:00+00:00,2023-09-14 00:00:00+00:00,2023-09-15 00:01:00+00:00,37.97,0.019874406340750415,1625.65,2023-09-15 00:02:00+00:00,2023-09-15 11:57:00+00:00,2023-09-15 11:58:00+00:00,target,0.1532854361573406,0.24302562882216464,"simulated minute opens; intrabar exits only known within minute, not actual exchange fills"
744,1354.0,1949762.0,1950154.0,-1.0,1.928,1641.8600000000001,1635.08,1661.9171625985346,1634.7448345622374,1.58275304,1.57621712,0.0,13.071840000000385,9.912869839999985,8507.080534244447,8516.993404084447,0.3721025171041411,2.0,8485.890021204448,0.0,0.0,2023-09-16 00:00:00+00:00,2023-09-15 00:00:00+00:00,2023-09-16 00:01:00+00:00,37.04,0.019387622092741516,1640.67,2023-09-16 00:02:00+00:00,2023-09-16 06:34:00+00:00,2023-09-16 06:35:00+00:00,target,0.25634383601076666,0.35474436639819634,"simulated minute opens; intrabar exits only known within minute, not actual exchange fills"
745,1355.0,1951202.0,1952639.0,1.0,1.699,1633.7,1621.18,1610.5918549299126,1638.876149776998,1.38782815,1.3771924100000001,0.08971118217437377,-21.27147999999997,-24.126211742173837,8516.993404084447,8492.867192342273,0.32589626037151725,3.0,8476.976118539624,0.0,0.0,2023-09-17 00:00:00+00:00,2023-09-16 00:00:00+00:00,2023-09-17 00:01:00+00:00,36.54,0.01912591013144641,1633.68,2023-09-17 00:02:00+00:00,2023-09-17 23:59:00+00:00,2023-09-17 23:59:00+00:00,scheduled_23_59_exit,-0.6145124284430594,0.2239967665642869,"simulated minute opens; intrabar exits only known within minute, not actual exchange fills"
746,1356.0,1952642.0,1952671.0,1.0,1.705,1622.1200000000001,1598.83,1599.158701085396,1626.6070932548585,1.3828573000000002,1.363002575,0.0,-39.70945000000033,-42.45530987500024,8492.867192342273,8450.411882467273,0.3256514599090576,1.0,8450.411882467273,0.0,0.0,2023-09-18 00:00:00+00:00,2023-09-17 00:00:00+00:00,2023-09-18 00:01:00+00:00,35.69,0.01868099979724473,1621.62,2023-09-18 00:02:00+00:00,2023-09-18 00:31:00+00:00,2023-09-18 00:32:00+00:00,stop,-1.084454110919769,0.1954198354172546,"simulated minute opens; intrabar exits only known within minute, not actual exchange fills"
747,1357.0,1954082.0,1954100.0,-1.0,1.821,1635.82,1630.0,1657.025682138831,1629.6696482990794,1.48941411,1.484115,0.0,10.598219999999884,7.624690890001148,8450.411882467273,8458.036573357274,0.35250686729015024,2.0,8445.134788357274,0.0,0.0,2023-09-19 00:00:00+00:00,2023-09-18 00:00:00+00:00,2023-09-19 00:01:00+00:00,37.4,0.019576054704873995,1635.63,2023-09-19 00:02:00+00:00,2023-09-19 00:20:00+00:00,2023-09-19 00:21:00+00:00,target,0.197451323309869,0.2900331930213288,"simulated minute opens; intrabar exits only known within minute, not actual exchange fills"
748,1358.0,1955522.0,1955747.0,-1.0,1.725,1641.8,1636.8500000000001,1664.3182303155932,1636.5215487871494,1.4160525,1.4117831250000001,0.0,8.538749999999686,5.710914374998538,8458.036573357274,8463.747487732273,0.33484189568547157,2.0,8444.856020857274,0.0,0.0,2023-09-20 00:00:00+00:00,2023-09-19 00:00:00+00:00,2023-09-20 00:01:00+00:00,37.78,0.019774955795458276,1642.49,2023-09-20 00:02:00+00:00,2023-09-20 03:47:00+00:00,2023-09-20 03:48:00+00:00,target,0.14702198856659748,0.23440790589993085,"simulated minute opens; intrabar exits only known within minute, not actual exchange fills"
749,1359.0,1956962.0,1957577.0,1.0,1.766,1621.24,1598.91,1599.2305145141704,1626.6860161512775,1.4315549200000002,1.4118375300000001,0.2186743347848502,-39.43477999999987,-42.49684678478479,8463.747487732273,8421.250640947488,0.3382792130967892,1.0,8421.250640947488,0.0,0.0,2023-09-21 00:00:00+00:00,2023-09-20 00:00:00+00:00,2023-09-21 00:01:00+00:00,35.84,0.018759513385633263,1621.6,2023-09-21 00:02:00+00:00,2023-09-21 10:17:00+00:00,2023-09-21 10:18:00+00:00,stop,-1.0933422167967815,0.24743950306261392,"simulated minute opens; intrabar exits only known within minute, not actual exchange fills"
750,1360.0,1958402.0,1958434.0,1.0,1.649,1584.71,1587.6000000000001,1561.0790299567468,1587.9181961227277,1.3065933950000002,1.3089762,0.0,4.765610000000165,2.1500404050002544,8421.250640947488,8423.400681352488,0.3103086348355007,2.0,8406.753622182589,0.0,0.0,2023-09-22 00:00:00+00:00,2023-09-21 00:00:00+00:00,2023-09-22 00:01:00+00:00,35.6,0.01863389164421161,1583.0,2023-09-22 00:02:00+00:00,2023-09-22 00:34:00+00:00,2023-09-22 00:35:00+00:00,target,0.05517526354667819,0.13576235409953774,"simulated minute opens; intrabar exits only known within minute, not actual exchange fills"
751,1361.0,1959842.0,1960766.0,-1.0,2.05,1592.31,1587.41,1610.9139317309327,1587.0922232743023,1.63211775,1.62709525,-0.09680555079499999,10.04499999999972,6.88259255079538,8423.400681352488,8430.283273903284,0.38751991309475303,2.0,8411.12906360249,0.0,0.0,2023-09-23 00:00:00+00:00,2023-09-22 00:00:00+00:00,2023-09-23 00:01:00+00:00,33.32,0.01744048510070592,1592.28,2023-09-23 00:02:00+00:00,2023-09-23 15:26:00+00:00,2023-09-23 15:27:00+00:00,target,0.18046519781180942,0.28046634448899826,"simulated minute opens; intrabar exits only known within minute, not actual exchange fills"
752,1362.0,1961282.0,1962216.0,-1.0,1.948,1592.51,1587.95,1612.2069452266894,1587.6315657479702,1.55110474,1.5466633,0.01729391544,8.882879999999894,5.767818044560045,8430.283273903284,8436.051091947844,0.36798401420307836,2.0,8421.955315247844,0.0,0.0,2023-09-24 00:00:00+00:00,2023-09-23 00:00:00+00:00,2023-09-24 00:01:00+00:00,34.43,0.01802148565478106,1592.97,2023-09-24 00:02:00+00:00,2023-09-24 15:36:00+00:00,2023-09-24 15:37:00+00:00,target,0.15032240715113554,0.24767466202929406,"simulated minute opens; intrabar exits only known within minute, not actual exchange fills"
753,1363.0,1962722.0,1962787.0,1.0,1.806,1579.82,1584.55,1558.3677261700386,1584.8676359943975,1.42657746,1.43084865,0.0,8.542380000000033,5.684953889998724,8436.051091947844,8441.736045837843,0.3382097724281587,2.0,8404.080551877003,0.0,0.0,2023-09-25 00:00:00+00:00,2023-09-24 00:00:00+00:00,2023-09-25 00:01:00+00:00,35.34,0.018497801424338156,1579.99,2023-09-25 00:02:00+00:00,2023-09-25 01:07:00+00:00,2023-09-25 01:08:00+00:00,target,0.14673572717512576,0.2352960825694731,"simulated minute opens; intrabar exits only known within minute, not actual exchange fills"
754,1364.0,1964162.0,1964998.0,-1.0,1.8860000000000001,1587.32,1582.55,1607.7599640171054,1582.225061844494,1.49684276,1.49234465,-0.04666777205480001,8.996219999999965,6.05370036205386,8441.736045837843,8447.789746199896,0.3546291312289991,2.0,8419.162333727398,0.0,0.0,2023-09-26 00:00:00+00:00,2023-09-25 00:00:00+00:00,2023-09-26 00:01:00+00:00,35.93,0.01880662153866638,1587.69,2023-09-26 00:02:00+00:00,2023-09-26 13:58:00+00:00,2023-09-26 13:59:00+00:00,target,0.15703595706495999,0.2492635579613679,"simulated minute opens; intrabar exits only known within minute, not actual exchange fills"
755,1365.0,1965602.0,1966193.0,-1.0,1.923,1592.8400000000001,1613.19,1612.861014598453,1588.0312805423182,1.5315156600000004,1.551082185,-0.020417544760017333,-39.13304999999983,-42.19523030024175,8447.789746199896,8405.594515899655,0.36258375409708277,1.0,8405.594515899655,0.0,0.0,2023-09-27 00:00:00+00:00,2023-09-26 00:00:00+00:00,2023-09-27 00:01:00+00:00,34.81,0.01822038674536534,1593.3,2023-09-27 00:02:00+00:00,2023-09-27 09:53:00+00:00,2023-09-27 09:54:00+00:00,stop,-1.0959683059079017,0.24018360478362247,"simulated minute opens; intrabar exits only known within minute, not actual exchange fills"
756,1366.0,1967042.0,1967455.0,-1.0,2.044,1597.6200000000001,1616.56,1616.2341733152937,1592.9583863047833,1.6327676400000002,1.65212432,0.0,-38.713359999999646,-41.998251959999834,8405.594515899655,8363.596263939655,0.38849545666556445,1.0,8360.997584804296,0.0,0.0,2023-09-28 00:00:00+00:00,2023-09-27 00:00:00+00:00,2023-09-28 00:01:00+00:00,32.49,0.017006043244956047,1597.89,2023-09-28 00:02:00+00:00,2023-09-28 06:55:00+00:00,2023-09-28 06:56:00+00:00,stop,-1.1038411242855606,0.25043356029068503,"simulated minute opens; intrabar exits only known within minute, not actual exchange fills"
757,1367.0,1968482.0,1968933.0,-1.0,1.73,1652.55,1675.05,1674.7087685122037,1646.096801434366,1.4294557499999998,1.44891825,0.0,-38.925,-41.80337399999917,8363.596263939655,8321.792889939656,0.34182801390431,1.0,8317.143877668756,0.0,0.0,2023-09-29 00:00:00+00:00,2023-09-28 00:00:00+00:00,2023-09-29 00:01:00+00:00,38.57,0.020188460694304543,1652.13,2023-09-29 00:02:00+00:00,2023-09-29 07:33:00+00:00,2023-09-29 07:34:00+00:00,stop,-1.0904847887503986,0.2912255056990175,"simulated minute opens; intrabar exits only known within minute, not actual exchange fills"
758,1368.0,1969922.0,1970865.0,-1.0,1.7790000000000001,1665.5900000000001,1687.29,1686.944754182528,1661.1325407746667,1.4815423050000003,1.5008444550000002,0.0717436069124619,-38.60429999999968,-41.65843036691149,8321.792889939656,8280.134459572744,0.35606324853170995,1.0,8276.644626494193,0.0,0.0,2023-09-30 00:00:00+00:00,2023-09-29 00:00:00+00:00,2023-09-30 00:01:00+00:00,34.74,0.018183747070784028,1666.61,2023-09-30 00:02:00+00:00,2023-09-30 15:45:00+00:00,2023-09-30 15:46:00+00:00,stop,-1.0965599441322689,0.20873381108645395,"simulated minute opens; intrabar exits only known within minute, not actual exchange fills"
759,1369.0,1971362.0,1971966.0,-1.0,1.808,1669.82,1691.03,1690.6830197005834,1664.6349358481818,1.50951728,1.52869112,-0.024931648480645822,-38.34768000000007,-41.36095675151955,8280.134459572744,8238.773502821225,0.36461177952366036,1.0,8238.773502821225,0.0,0.0,2023-10-01 00:00:00+00:00,2023-09-30 00:00:00+00:00,2023-10-01 00:01:00+00:00,35.16,0.018403585118271913,1670.18,2023-10-01 00:02:00+00:00,2023-10-01 10:06:00+00:00,2023-10-01 10:07:00+00:00,stop,-1.096516022116201,0.24852893906211937,"simulated minute opens; intrabar exits only known within minute, not actual exchange fills"
760,1370.0,1972802.0,1972816.0,-1.0,1.708,1733.89,1727.8500000000001,1755.9015734672407,1727.5034015186225,1.48074206,1.4755839000000002,0.0,10.316319999999937,7.359994039999947,8238.773502821225,8246.133496861225,0.3594569166133638,2.0,8235.667719328945,0.0,0.0,2023-10-02 00:00:00+00:00,2023-10-01 00:00:00+00:00,2023-10-02 00:01:00+00:00,36.32,0.019010756868476565,1733.39,2023-10-02 00:02:00+00:00,2023-10-02 00:16:00+00:00,2023-10-02 00:17:00+00:00,target,0.19576655918819977,0.2901472941442681,"simulated minute opens; intrabar exits only known within minute, not actual exchange fills"
761,1371.0,1974242.0,1974336.0,1.0,1.608,1662.1000000000001,1666.52,1638.461210586638,1666.857253961324,1.3363284000000002,1.3398820800000002,0.0,7.107359999999752,4.431149519999963,8246.133496861225,8250.564646381225,0.3241102998171579,2.0,8240.182208461223,0.0,0.0,2023-10-03 00:00:00+00:00,2023-10-02 00:00:00+00:00,2023-10-03 00:01:00+00:00,36.43,0.01906833349996149,1661.49,2023-10-03 00:02:00+00:00,2023-10-03 01:36:00+00:00,2023-10-03 01:37:00+00:00,target,0.11657492064472108,0.2012477829611155,"simulated minute opens; intrabar exits only known within minute, not actual exchange fills"
762,1372.0,1975682.0,1975711.0,1.0,1.563,1657.26,1632.53,1632.8586731803184,1661.5208897129216,1.29514869,1.275822195,0.0,-38.652990000000024,-41.22396088499954,8250.564646381225,8209.340685496225,0.313953952368112,1.0,8202.236743696434,0.0,0.0,2023-10-04 00:00:00+00:00,2023-10-03 00:00:00+00:00,2023-10-04 00:01:00+00:00,36.91,0.019319576982804787,1656.18,2023-10-04 00:02:00+00:00,2023-10-04 00:31:00+00:00,2023-10-04 00:32:00+00:00,stop,-1.080879543760149,0.1746171322735169,"simulated minute opens; intrabar exits only known within minute, not actual exchange fills"
763,1373.0,1977122.0,1977164.0,1.0,1.614,1647.25,1650.39,1623.7986962008213,1650.7220534500073,1.32933075,1.3318647300000002,0.0,5.067960000000162,2.406764519999342,8209.340685496225,8211.747450016224,0.3238581028434068,2.0,8203.399838578403,0.0,0.0,2023-10-05 00:00:00+00:00,2023-10-04 00:00:00+00:00,2023-10-05 00:01:00+00:00,34.81,0.01822038674536534,1645.75,2023-10-05 00:02:00+00:00,2023-10-05 00:44:00+00:00,2023-10-05 00:45:00+00:00,target,0.06358623012046835,0.14805374915354785,"simulated minute opens; intrabar exits only known within minute, not actual exchange fills"
764,1374.0,1978562.0,1978585.0,1.0,1.601,1613.16,1615.75,1589.4487145952664,1616.079043756685,1.29133458,1.293407875,0.0,4.146589999999869,1.561847544999182,8211.747450016224,8213.309297561224,0.3145090829595468,2.0,8208.086624453364,0.0,0.0,2023-10-06 00:00:00+00:00,2023-10-05 00:00:00+00:00,2023-10-06 00:01:00+00:00,34.93,0.018283197616076167,1611.23,2023-10-06 00:02:00+00:00,2023-10-06 00:25:00+00:00,2023-10-06 00:26:00+00:00,target,0.041142645088516984,0.12310778209021792,"simulated minute opens; intrabar exits only known within minute, not actual exchange fills"
765,1375.0,1980002.0,1980325.0,-1.0,1.794,1643.2,1639.2,1664.0932748068717,1638.8687437570418,1.4739504,1.4703624,0.0,7.176,4.2316871999992145,8213.309297561224,8217.540984761223,0.35891754385474317,2.0,8204.749047161222,0.0,0.0,2023-10-07 00:00:00+00:00,2023-10-06 00:00:00+00:00,2023-10-07 00:01:00+00:00,34.34,0.01797437750174794,1644.33,2023-10-07 00:02:00+00:00,2023-10-07 05:25:00+00:00,2023-10-07 05:26:00+00:00,target,0.11289757215196196,0.20730384695527673,"simulated minute opens; intrabar exits only known within minute, not actual exchange fills"
766,1376.0,1981442.0,1981543.0,1.0,1.7670000000000001,1633.22,1637.5900000000001,1611.9282738079485,1637.9236719777787,1.44294987,1.4468107650000002,0.0,7.721790000000209,4.83202936500129,8217.540984761223,8222.373014126224,0.35118775134211955,2.0,8215.555891566994,0.0,0.0,2023-10-08 00:00:00+00:00,2023-10-07 00:00:00+00:00,2023-10-08 00:01:00+00:00,33.74,0.017660323148193813,1633.18,2023-10-08 00:02:00+00:00,2023-10-08 01:43:00+00:00,2023-10-08 01:44:00+00:00,target,0.12843463114895706,0.22091548310134548,"simulated minute opens; intrabar exits only known within minute, not actual exchange fills"
767,1377.0,1982882.0,1983459.0,1.0,1.637,1632.8,1609.32,1609.6451463548444,1637.0422837729054,1.3364468,1.31722842,0.17428442096360003,-38.43676000000003,-41.26471964096345,8222.373014126224,8181.108294485261,0.32507569231022576,1.0,8181.108294485261,0.0,0.0,2023-10-09 00:00:00+00:00,2023-10-08 00:00:00+00:00,2023-10-09 00:01:00+00:00,35.75,0.01871240523260014,1632.02,2023-10-09 00:02:00+00:00,2023-10-09 09:39:00+00:00,2023-10-09 09:40:00+00:00,stop,-1.0886497547814924,0.18321358614128141,"simulated minute opens; intrabar exits only known within minute, not actual exchange fills"
768,1378.0,1984322.0,1984495.0,1.0,1.596,1580.1200000000001,1584.07,1556.3911791130924,1584.3942112665804,1.2609357600000002,1.26408786,0.0,6.30419999999971,3.779176379999626,8181.108294485261,8184.88747086526,0.3082554868146592,2.0,8172.28137050974,0.0,0.0,2023-10-10 00:00:00+00:00,2023-10-09 00:00:00+00:00,2023-10-10 00:01:00+00:00,37.28,0.01951324383416317,1579.4,2023-10-10 00:02:00+00:00,2023-10-10 02:55:00+00:00,2023-10-10 02:56:00+00:00,target,0.09979025132707932,0.1801274191815663,"simulated minute opens; intrabar exits only known within minute, not actual exchange fills"
769,1379.0,1985762.0,1985803.0,1.0,1.577,1568.63,1571.44,1544.5571064227247,1571.762912673915,1.236864755,1.23908044,0.0,4.431369999999914,1.9554248049998932,8184.88747086526,8186.84289567026,0.3022313402359448,2.0,8180.80808690255,0.0,0.0,2023-10-11 00:00:00+00:00,2023-10-10 00:00:00+00:00,2023-10-11 00:01:00+00:00,36.55,0.01913114437067231,1566.89,2023-10-11 00:02:00+00:00,2023-10-11 00:43:00+00:00,2023-10-11 00:44:00+00:00,target,0.05150876424637411,0.13014275429158864,"simulated minute opens; intrabar exits only known within minute, not actual exchange fills"
770,1380.0,1987202.0,1987797.0,1.0,1.795,1564.5,1543.26,1543.5739802261887,1570.9757059815556,1.4041387499999998,1.38507585,0.07525971172,-38.12580000000001,-40.990274311719986,8186.84289567026,8145.85262135854,0.34302325521419263,1.0,8133.43460123584,0.0,0.0,2023-10-12 00:00:00+00:00,2023-10-11 00:00:00+00:00,2023-10-12 00:01:00+00:00,36.78,0.01925153187286806,1566.07,2023-10-12 00:02:00+00:00,2023-10-12 09:57:00+00:00,2023-10-12 09:58:00+00:00,stop,-1.0912637789140769,0.30945712808987724,"simulated minute opens; intrabar exits only known within minute, not actual exchange fills"
771,1381.0,1988642.0,1988655.0,1.0,1.689,1538.89,1543.25,1516.621360088551,1543.5607722721059,1.2995926050000002,1.303274625,0.0,7.364039999999831,4.761172769999575,8145.85262135854,8150.61379412854,0.3190808047748004,2.0,8142.39916959049,0.0,0.0,2023-10-13 00:00:00+00:00,2023-10-12 00:00:00+00:00,2023-10-13 00:01:00+00:00,36.51,0.019110207413768704,1538.81,2023-10-13 00:02:00+00:00,2023-10-13 00:15:00+00:00,2023-10-13 00:16:00+00:00,target,0.12658743467087258,0.20974663431080676,"simulated minute opens; intrabar exits only known within minute, not actual exchange fills"
772,1382.0,1990082.0,1990469.0,-1.0,1.801,1550.45,1546.23,1571.186185369963,1545.916957143544,1.3961802250000002,1.392380115,0.0,7.600220000000049,4.8116596600002595,8150.61379412854,8155.42545378854,0.34259511253146774,2.0,8139.31211390354,0.0,0.0,2023-10-14 00:00:00+00:00,2023-10-13 00:00:00+00:00,2023-10-14 00:01:00+00:00,36.92,0.019324811222030693,1551.55,2023-10-14 00:02:00+00:00,2023-10-14 06:29:00+00:00,2023-10-14 06:30:00+00:00,target,0.12884047631393877,0.21860543661141407,"simulated minute opens; intrabar exits only known within minute, not actual exchange fills"
773,1383.0,1991522.0,1992302.0,-1.0,1.936,1554.41,1548.8500000000001,1573.5745724131802,1548.5311535313676,1.5046688799999999,1.4992868000000001,-0.1580730451977119,10.764159999999894,7.918277365197355,8155.42545378854,8163.343731153737,0.36899825484911214,2.0,8143.920339079497,0.0,0.0,2023-10-15 00:00:00+00:00,2023-10-14 00:00:00+00:00,2023-10-15 00:01:00+00:00,36.76,0.019241063394416256,1554.15,2023-10-15 00:02:00+00:00,2023-10-15 13:02:00+00:00,2023-10-15 13:03:00+00:00,target,0.21341563025911245,0.3067559422609059,"simulated minute opens; intrabar exits only known within minute, not actual exchange fills"
774,1384.0,1992962.0,1993276.0,-1.0,1.953,1558.01,1577.33,1577.0104293800741,1551.5029916221592,1.521396765,1.540262745,0.0,-37.73195999999988,-40.79361950999919,8163.343731153737,8122.550111643738,0.3727386265002904,1.0,8117.782184388738,0.0,0.0,2023-10-16 00:00:00+00:00,2023-10-15 00:00:00+00:00,2023-10-16 00:01:00+00:00,37.46,0.019607460140229405,1557.25,2023-10-16 00:02:00+00:00,2023-10-16 05:16:00+00:00,2023-10-16 05:17:00+00:00,stop,-1.0993262090121292,0.3424663857683493,"simulated minute opens; intrabar exits only known within minute, not actual exchange fills"
775,1385.0,1994402.0,1994429.0,-1.0,1.766,1597.8700000000001,1593.14,1618.924297873221,1592.8120881815767,1.41091921,1.40674262,0.0,8.353180000000032,5.535518169999705,8122.550111643738,8128.085629813738,0.3474079422366226,2.0,8117.677832433738,0.0,0.0,2023-10-17 00:00:00+00:00,2023-10-16 00:00:00+00:00,2023-10-17 00:01:00+00:00,36.91,0.019319576982804787,1598.61,2023-10-17 00:02:00+00:00,2023-10-17 00:29:00+00:00,2023-10-17 00:30:00+00:00,target,0.148876729059041,0.24023179727388033,"simulated minute opens; intrabar exits only known within minute, not actual exchange fills"
776,1386.0,1995842.0,1996413.0,-1.0,1.925,1563.71,1583.24,1582.9170615732276,1558.4915734729525,1.5050708750000001,1.5238685,-0.04190218200125554,-37.59524999999995,-40.58228719299768,8128.085629813738,8087.50334262074,0.3703383412889783,1.0,8087.50334262074,0.0,0.0,2023-10-18 00:00:00+00:00,2023-10-17 00:00:00+00:00,2023-10-18 00:01:00+00:00,35.39,0.018523972620467663,1563.99,2023-10-18 00:02:00+00:00,2023-10-18 09:33:00+00:00,2023-10-18 09:34:00+00:00,stop,-1.0976019185626809,0.2716931221963405,"simulated minute opens; intrabar exits only known within minute, not actual exchange fills"
777,1387.0,1997282.0,1997381.0,-1.0,1.7910000000000001,1560.5900000000001,1557.57,1581.2673689708024,1557.2531787787339,1.3975083450000003,1.394803935,0.0,5.408820000000375,2.6165077200012092,8087.50334262074,8090.119850340741,0.3455969749366781,2.0,8075.28819427574,0.0,0.0,2023-10-19 00:00:00+00:00,2023-10-18 00:00:00+00:00,2023-10-19 00:01:00+00:00,34.75,0.018188981310009927,1562.65,2023-10-19 00:02:00+00:00,2023-10-19 01:41:00+00:00,2023-10-19 01:42:00+00:00,target,0.07065308947495134,0.1613755224844172,"simulated minute opens; intrabar exits only known within minute, not actual exchange fills"
778,1388.0,1998722.0,1998792.0,-1.0,1.997,1566.18,1560.82,1584.5284623393309,1560.5010699836907,1.56383073,1.55847877,0.0,10.703920000000254,7.581610500000352,8090.119850340741,8097.701460840742,0.3866026113158594,2.0,8085.260969610742,0.0,0.0,2023-10-20 00:00:00+00:00,2023-10-19 00:00:00+00:00,2023-10-20 00:01:00+00:00,34.63,0.018126170439299105,1565.89,2023-10-20 00:02:00+00:00,2023-10-20 01:12:00+00:00,2023-10-20 01:13:00+00:00,target,0.20691107133605394,0.30950441030343256,"simulated minute opens; intrabar exits only known within minute, not actual exchange fills"
779,1389.0,2000162.0,2000280.0,-1.0,1.7630000000000001,1603.55,1597.3600000000001,1624.5647744018306,1597.0329097419371,1.413529325,1.4080728400000002,0.0,10.912969999999696,8.0913678349998,8097.701460840742,8105.7928286757415,0.3491186559138081,2.0,8092.356441515742,0.0,0.0,2023-10-21 00:00:00+00:00,2023-10-20 00:00:00+00:00,2023-10-21 00:01:00+00:00,38.43,0.02011518134514191,1603.14,2023-10-21 00:02:00+00:00,2023-10-21 02:00:00+00:00,2023-10-21 02:01:00+00:00,target,0.21839611086189326,0.31011944898609445,"simulated minute opens; intrabar exits only known within minute, not actual exchange fills"
780,1390.0,2001602.0,2002506.0,-1.0,1.553,1627.73,1621.89,1651.840298484751,1621.5651380281947,1.263932345,1.2593975849999999,-0.06703779157559134,9.069519999999873,6.613227861575069,8105.7928286757415,8112.4060565373165,0.3118590301317856,2.0,8075.390929803812,0.0,0.0,2023-10-22 00:00:00+00:00,2023-10-21 00:00:00+00:00,2023-10-22 00:01:00+00:00,41.61,0.02177966941897879,1628.29,2023-10-22 00:02:00+00:00,2023-10-22 15:06:00+00:00,2023-10-22 15:07:00+00:00,target,0.17661982254061176,0.25569413732909135,"simulated minute opens; intrabar exits only known within minute, not actual exchange fills"
781,1391.0,2003042.0,2003248.0,-1.0,1.373,1661.64,1689.49,1689.1435344903875,1655.3112490700346,1.14071586,1.159834885,0.0,-38.23804999999987,-40.53860074499971,8112.4060565373165,8071.867455792317,0.2812275056376803,1.0,8071.867455792317,0.0,0.0,2023-10-23 00:00:00+00:00,2023-10-22 00:00:00+00:00,2023-10-23 00:01:00+00:00,45.52,0.02382625695630653,1662.83,2023-10-23 00:02:00+00:00,2023-10-23 03:28:00+00:00,2023-10-23 03:29:00+00:00,stop,-1.0735189330054673,0.23010682253138864,"simulated minute opens; intrabar exits only known within minute, not actual exchange fills"
782,1392.0,2004482.0,2004489.0,-1.0,1.232,1766.31,1758.24,1796.9039411027297,1757.8850904438145,1.08804696,1.08307584,0.0,9.942239999999922,7.771117199999935,8071.867455792317,8079.638572992317,0.26958989749496565,2.0,8067.645430316958,0.0,0.0,2023-10-24 00:00:00+00:00,2023-10-23 00:00:00+00:00,2023-10-24 00:01:00+00:00,48.48,0.02537559176717356,1766.35,2023-10-24 00:02:00+00:00,2023-10-24 00:09:00+00:00,2023-10-24 00:10:00+00:00,target,0.20617562735116635,0.2753783674975333,"simulated minute opens; intrabar exits only known within minute, not actual exchange fills"
783,1393.0,2005922.0,2006362.0,-1.0,1.118,1783.06,1775.75,1816.9976229229633,1775.3911868010184,0.99673054,0.9926442500000001,0.0,8.17257999999994,6.183205210000779,8079.638572992317,8085.821778202318,0.2467265165379441,2.0,8052.625982452317,0.0,0.0,2023-10-25 00:00:00+00:00,2023-10-24 00:00:00+00:00,2023-10-25 00:01:00+00:00,50.66,0.026516655918420225,1784.31,2023-10-25 00:02:00+00:00,2023-10-25 07:22:00+00:00,2023-10-25 07:23:00+00:00,target,0.16296353496987295,0.22596789458087088,"simulated minute opens; intrabar exits only known within minute, not actual exchange fills"
784,1394.0,2007362.0,2007793.0,-1.0,1.1400000000000001,1785.58,1819.22,1818.8488337757224,1777.9532978286995,1.0177806,1.0369554,0.0,-38.349600000000116,-40.40433600000051,8085.821778202318,8045.417442202317,0.2517445048674517,1.0,8039.946409195917,0.0,0.0,2023-10-26 00:00:00+00:00,2023-10-25 00:00:00+00:00,2023-10-26 00:01:00+00:00,49.59,0.0259565923212487,1786.71,2023-10-26 00:02:00+00:00,2023-10-26 07:13:00+00:00,2023-10-26 07:14:00+00:00,stop,-1.06533340600187,0.22924465049526005,"simulated minute opens; intrabar exits only known within minute, not actual exchange fills"
785,1395.0,2008802.0,2008845.0,-1.0,1.116,1803.08,1794.5900000000001,1836.925848601841,1794.222629290221,1.00611864,1.0013812200000003,0.0,9.474839999999757,7.467340139999578,8045.417442202317,8052.884782342317,0.25010974190659013,2.0,8043.473883562317,0.0,0.0,2023-10-27 00:00:00+00:00,2023-10-26 00:00:00+00:00,2023-10-27 00:01:00+00:00,50.89,0.02663704342061598,1803.3,2023-10-27 00:02:00+00:00,2023-10-27 00:45:00+00:00,2023-10-27 00:46:00+00:00,target,0.19769529429484198,0.26169740383750195,"simulated minute opens; intrabar exits only known within minute, not actual exchange fills"
786,1396.0,2010242.0,2011593.0,-1.0,1.302,1779.63,1772.6000000000001,1808.3664344483252,1772.2363972127416,1.15853913,1.1539626,-0.4660480607937001,9.153059999999964,7.306606330794239,8052.884782342317,8060.191388673111,0.28773269736587975,2.0,8021.010525884294,0.0,0.0,2023-10-28 00:00:00+00:00,2023-10-27 00:00:00+00:00,2023-10-28 00:01:00+00:00,43.84,0.02294690476635497,1780.02,2023-10-28 00:02:00+00:00,2023-10-28 22:33:00+00:00,2023-10-28 22:34:00+00:00,target,0.19528632995307108,0.2572901937626929,"simulated minute opens; intrabar exits only known within minute, not actual exchange fills"
787,1397.0,2011682.0,2011761.0,-1.0,1.183,1774.65,1768.97,1806.5331519481742,1768.6070190238386,1.0497054750000003,1.0463457550000002,0.0,6.719440000000076,4.62338877000002,8060.191388673111,8064.814777443111,0.2604666376719388,2.0,8050.01073480882,0.0,0.0,2023-10-29 00:00:00+00:00,2023-10-28 00:00:00+00:00,2023-10-29 00:01:00+00:00,46.05,0.02410367163527934,1776.76,2023-10-29 00:02:00+00:00,2023-10-29 01:21:00+00:00,2023-10-29 01:22:00+00:00,target,0.12257853321254918,0.18953524375458053,"simulated minute opens; intrabar exits only known within minute, not actual exchange fills"
788,1398.0,2013122.0,2013240.0,-1.0,1.18,1796.19,1786.94,1828.1673331906266,1786.5757798723912,1.0597520999999999,1.0542946,0.0,10.915,8.800953300000401,8064.814777443111,8073.615730743111,0.2628087883590518,2.0,8060.708564968711,0.0,0.0,2023-10-30 00:00:00+00:00,2023-10-29 00:00:00+00:00,2023-10-30 00:01:00+00:00,49.93,0.02613455645492937,1795.49,2023-10-30 00:02:00+00:00,2023-10-30 02:00:00+00:00,2023-10-30 02:01:00+00:00,target,0.23324130738290047,0.3006573459486319,"simulated minute opens; intrabar exits only known within minute, not actual exchange fills"
789,1399.0,2014562.0,2014728.0,-1.0,1.143,1809.69,1801.1200000000001,1842.7772893496824,1800.751120295559,1.034237835,1.02934008,0.0,9.795509999999927,7.731932085000153,8073.615730743111,8081.347662828111,0.2562018975121093,2.0,8059.9629409976915,0.0,0.0,2023-10-31 00:00:00+00:00,2023-10-30 00:00:00+00:00,2023-10-31 00:01:00+00:00,50.31,0.026333457545513653,1809.81,2023-10-31 00:02:00+00:00,2023-10-31 02:48:00+00:00,2023-10-31 02:49:00+00:00,target,0.20444693817340695,0.2701605323413051,"simulated minute opens; intrabar exits only known within minute, not actual exchange fills"
790,1400.0,2016002.0,2016307.0,-1.0,1.046,1812.8600000000001,1806.67,1849.2448261637428,1806.3003380100772,0.9481257800000001,0.94488841,0.0,6.4747400000000574,4.581725810000535,8081.347662828111,8085.929388638112,0.23464546250400972,2.0,8062.042237048112,0.0,0.0,2023-11-01 00:00:00+00:00,2023-10-31 00:00:00+00:00,2023-11-01 00:01:00+00:00,51.68,0.02705054831946225,1815.67,2023-11-01 00:02:00+00:00,2023-11-01 05:07:00+00:00,2023-11-01 05:08:00+00:00,target,0.12038631104868097,0.18028564875925093,"simulated minute opens; intrabar exits only known within minute, not actual exchange fills"
791,1401.0,2017442.0,2017767.0,-1.0,1.055,1849.32,1838.25,1885.3727756194453,1837.8756452609914,0.9755162999999999,0.969676875,0.0,11.678849999999931,9.733656825000253,8085.929388638112,8095.663045463112,0.2412873655242995,2.0,8057.239022338112,0.0,0.0,2023-11-02 00:00:00+00:00,2023-11-01 00:00:00+00:00,2023-11-02 00:01:00+00:00,55.87,0.02924369455511524,1848.2,2023-11-02 00:02:00+00:00,2023-11-02 05:27:00+00:00,2023-11-02 05:28:00+00:00,target,0.25590859071122407,0.3174333887578943,"simulated minute opens; intrabar exits only known within minute, not actual exchange fills"
792,1402.0,2018882.0,2018914.0,-1.0,1.016,1799.57,1790.82,1837.2048792270562,1790.453751320783,0.9141815600000001,0.9097365599999999,0.0,8.89,7.066081880000638,8095.663045463112,8102.729127343113,0.22584476524435293,2.0,8091.270846749432,0.0,0.0,2023-11-03 00:00:00+00:00,2023-11-02 00:00:00+00:00,2023-11-03 00:01:00+00:00,56.46,0.029552514669443468,1800.68,2023-11-03 00:02:00+00:00,2023-11-03 00:34:00+00:00,2023-11-03 00:35:00+00:00,target,0.1847967933692936,0.2422287215063794,"simulated minute opens; intrabar exits only known within minute, not actual exchange fills"
793,1403.0,2020322.0,2021707.0,-1.0,0.963,1829.31,1869.49,1869.1087375555992,1822.306950255287,0.8808127649999999,0.9001594350000001,-0.352975293131643,-38.69334000000006,-40.12133690686824,8102.729127343113,8062.607790436245,0.21741138106854588,1.0,8062.607790436245,0.0,0.0,2023-11-04 00:00:00+00:00,2023-11-03 00:00:00+00:00,2023-11-04 00:01:00+00:00,55.39,0.02899245107227194,1832.49,2023-11-04 00:02:00+00:00,2023-11-04 23:07:00+00:00,2023-11-04 23:08:00+00:00,stop,-1.046838804206677,0.17596160518734344,"simulated minute opens; intrabar exits only known within minute, not actual exchange fills"
794,1404.0,2021762.0,2021998.0,-1.0,0.981,1856.63,1895.8400000000001,1895.4534966472831,1845.1510528919025,0.910677015,0.92990952,0.0,-38.465010000000035,-40.305596535000404,8062.607790436245,8022.302193901244,0.2259013556582109,1.0,8022.302193901244,0.0,0.0,2023-11-05 00:00:00+00:00,2023-11-04 00:00:00+00:00,2023-11-05 00:01:00+00:00,58.79,0.030772092409078664,1856.08,2023-11-05 00:02:00+00:00,2023-11-05 03:58:00+00:00,2023-11-05 03:59:00+00:00,stop,-1.058282703726423,0.29567009927996596,"simulated minute opens; intrabar exits only known within minute, not actual exchange fills"
795,1405.0,2023202.0,2023391.0,-1.0,0.859,1890.14,1881.5,1934.5106057791963,1881.117296780907,0.81181513,0.80810425,0.0,7.421760000000086,5.801840620000803,8022.302193901244,8028.104034521245,0.20238956608170716,2.0,8012.241986736415,0.0,0.0,2023-11-06 00:00:00+00:00,2023-11-05 00:00:00+00:00,2023-11-06 00:01:00+00:00,61.06,0.03196026471335845,1892.49,2023-11-06 00:02:00+00:00,2023-11-06 03:11:00+00:00,2023-11-06 03:12:00+00:00,target,0.15222194697120237,0.20334865978601227,"simulated minute opens; intrabar exits only known within minute, not actual exchange fills"
796,1406.0,2024642.0,2025575.0,1.0,0.899,1900.94,1858.22,1858.5960705758537,1911.6401867701902,0.85447253,0.8352698900000001,0.17014384100000002,-38.405280000000026,-40.26516626099965,8028.104034521245,7987.838868260245,0.2128703181537573,1.0,7987.838868260245,0.0,0.0,2023-11-07 00:00:00+00:00,2023-11-06 00:00:00+00:00,2023-11-07 00:01:00+00:00,58.1,0.030410929902491415,1901.71,2023-11-07 00:02:00+00:00,2023-11-07 15:35:00+00:00,2023-11-07 15:36:00+00:00,stop,-1.0577393172788314,0.25269706698709066,"simulated minute opens; intrabar exits only known within minute, not actual exchange fills"
797,1407.0,2026082.0,2026458.0,-1.0,0.967,1884.82,1875.92,1923.7888425928322,1875.5350565660326,0.9113104699999999,0.9070073200000001,0.0,8.606299999999868,6.787982209999427,7987.838868260245,7994.626850470245,0.228174474981237,2.0,7978.714504460136,0.0,0.0,2023-11-08 00:00:00+00:00,2023-11-07 00:00:00+00:00,2023-11-08 00:01:00+00:00,55.69,0.029149478249049,1885.79,2023-11-08 00:02:00+00:00,2023-11-08 06:18:00+00:00,2023-11-08 06:19:00+00:00,target,0.18013442363029175,0.2382658251101137,"simulated minute opens; intrabar exits only known within minute, not actual exchange fills"
798,1408.0,2027522.0,2027560.0,1.0,0.908,1889.06,1897.53,1847.3291721715436,1897.91874239049,0.85763324,0.86147862,0.0,7.690760000000025,5.97164814000007,7994.626850470245,8000.598498610245,0.21455241277447587,2.0,7987.992816230365,0.0,0.0,2023-11-09 00:00:00+00:00,2023-11-08 00:00:00+00:00,2023-11-09 00:01:00+00:00,56.14,0.0293850190142146,1888.42,2023-11-09 00:02:00+00:00,2023-11-09 00:40:00+00:00,2023-11-09 00:41:00+00:00,target,0.157598239532536,0.21228292970620846,"simulated minute opens; intrabar exits only known within minute, not actual exchange fills"
799,1409.0,2028962.0,2029255.0,1.0,0.761,2120.09,2135.14,2070.0712380187215,2135.5706037972614,0.8066942450000001,0.81242077,0.0,11.453049999999793,9.833934985000269,8000.598498610245,8010.432433595245,0.20165847471039272,2.0,7982.121384365245,0.0,0.0,2023-11-10 00:00:00+00:00,2023-11-09 00:00:00+00:00,2023-11-10 00:01:00+00:00,64.58,0.033802716920876,2122.92,2023-11-10 00:02:00+00:00,2023-11-10 04:55:00+00:00,2023-11-10 04:56:00+00:00,target,0.2583507565588494,0.3094959408042804,"simulated minute opens; intrabar exits only known within minute, not actual exchange fills"
800,1410.0,2030402.0,2030480.0,-1.0,0.874,2080.61,2067.8,2123.871512189835,2067.376961941824,0.9092265700000001,0.9036286000000001,0.0,11.195939999999952,9.383084829999461,8010.432433595245,8019.815518425245,0.2270106083628548,2.0,8004.6189883519255,0.0,0.0,2023-11-11 00:00:00+00:00,2023-11-10 00:00:00+00:00,2023-11-11 00:01:00+00:00,58.02,0.030369055988684203,2079.1,2023-11-11 00:02:00+00:00,2023-11-11 01:20:00+00:00,2023-11-11 01:21:00+00:00,target,0.24816041919408427,0.3058847781397138,"simulated minute opens; intrabar exits only known within minute, not actual exchange fills"
801,1411.0,2031842.0,2031867.0,-1.0,0.866,2055.61,2043.14,2099.3730240717678,2042.7286671148572,0.89007913,0.88467962,0.0,10.799020000000024,9.024261249999654,8019.815518425245,8028.839779675244,0.22196997623076853,2.0,8018.267413066264,0.0,0.0,2023-11-12 00:00:00+00:00,2023-11-11 00:00:00+00:00,2023-11-12 00:01:00+00:00,58.99,0.030876777193596706,2054.52,2023-11-12 00:02:00+00:00,2023-11-12 00:27:00+00:00,2023-11-12 00:28:00+00:00,target,0.23811482915144674,0.2943428421221217,"simulated minute opens; intrabar exits only known within minute, not actual exchange fills"
802,1412.0,2033282.0,2033602.0,-1.0,0.8220000000000001,2044.4,2034.7,2090.7181378061646,2034.284218055452,0.8402484000000001,0.8362617000000001,0.0,7.973400000000038,6.296889899999769,8028.839779675244,8035.136669575244,0.20930755203935256,2.0,8002.508712982544,0.0,0.0,2023-11-13 00:00:00+00:00,2023-11-12 00:00:00+00:00,2023-11-13 00:01:00+00:00,59.6,0.031196065786376737,2046.08,2023-11-13 00:02:00+00:00,2023-11-13 05:22:00+00:00,2023-11-13 05:23:00+00:00,target,0.1653876939538832,0.21839785500188824,"simulated minute opens; intrabar exits only known within minute, not actual exchange fills"
803,1413.0,2034722.0,2035839.0,1.0,0.762,2056.13,2005.51,2005.9149574046298,2066.8219911993197,0.78338553,0.7640993100000001,0.369398755453488,-38.57244000000009,-40.48932359545324,8035.136669575244,7994.647345979791,0.1949899702306897,1.0,7994.647345979791,0.0,0.0,2023-11-14 00:00:00+00:00,2023-11-13 00:00:00+00:00,2023-11-14 00:01:00+00:00,62.47,0.03269829244421065,2055.18,2023-11-14 00:02:00+00:00,2023-11-14 18:39:00+00:00,2023-11-14 18:40:00+00:00,stop,-1.0581609120156887,0.2129240690976796,"simulated minute opens; intrabar exits only known within minute, not actual exchange fills"
804,1414.0,2036162.0,2036324.0,-1.0,0.844,1979.51,1968.65,2024.442073825769,1968.2501896371482,0.83535322,0.8307703000000001,0.0,9.165839999999916,7.499716479999734,7994.647345979791,8002.1470624597905,0.20897812845242458,2.0,7982.748060861591,0.0,0.0,2023-11-15 00:00:00+00:00,2023-11-14 00:00:00+00:00,2023-11-15 00:01:00+00:00,61.27,0.032070183737102395,1980.11,2023-11-15 00:02:00+00:00,2023-11-15 02:44:00+00:00,2023-11-15 02:45:00+00:00,target,0.19776340692522199,0.25059627575868004,"simulated minute opens; intrabar exits only known within minute, not actual exchange fills"
805,1415.0,2037602.0,2037646.0,1.0,0.768,2058.25,2070.79,2008.599106160706,2071.2127151998643,0.7903680000000001,0.79518336,0.0,9.630719999999972,8.045168640000156,8002.1470624597905,8010.192231099791,0.1975389839329066,2.0,7997.101974459791,0.0,0.0,2023-11-16 00:00:00+00:00,2023-11-15 00:00:00+00:00,2023-11-16 00:01:00+00:00,63.54,0.03325835604138218,2059.29,2023-11-16 00:02:00+00:00,2023-11-16 00:46:00+00:00,2023-11-16 00:47:00+00:00,target,0.21098270725812898,0.26107717701560373,"simulated minute opens; intrabar exits only known within minute, not actual exchange fills"
806,1416.0,2039042.0,2039791.0,-1.0,0.867,1960.4,1951.25,2004.1738061895398,1950.8525184115167,0.8498334,0.8458668749999999,-0.170848145243883,7.933050000000079,6.408197870244294,8010.192231099791,8016.600428970035,0.2121880163376101,2.0,7982.052883547502,0.0,0.0,2023-11-17 00:00:00+00:00,2023-11-16 00:00:00+00:00,2023-11-17 00:01:00+00:00,58.39,0.030562722840042578,1962.13,2023-11-17 00:02:00+00:00,2023-11-17 12:31:00+00:00,2023-11-17 12:32:00+00:00,target,0.16885055990437706,0.21810946818613314,"simulated minute opens; intrabar exits only known within minute, not actual exchange fills"
807,1417.0,2040482.0,2040590.0,-1.0,0.863,1958.4,1950.58,2002.4350352626775,1950.1804720343803,0.8450496000000001,0.84167527,0.0,6.748660000000141,5.061935130000165,8016.600428970035,8021.662364100035,0.2108249269718364,2.0,8013.2467126570755,0.0,0.0,2023-11-18 00:00:00+00:00,2023-11-17 00:00:00+00:00,2023-11-18 00:01:00+00:00,57.22,0.029950316850612033,1961.21,2023-11-18 00:02:00+00:00,2023-11-18 01:50:00+00:00,2023-11-18 01:51:00+00:00,target,0.13320098337633438,0.1866588255598925,"simulated minute opens; intrabar exits only known within minute, not actual exchange fills"
808,1418.0,2041922.0,2042890.0,1.0,0.9410000000000001,1961.63,1972.47,1921.3441968047337,1972.8681731309978,0.9229469150000001,0.928047135,0.369698032980594,10.200439999999924,7.979747917020177,8021.662364100035,8029.642112017055,0.23011362810046349,2.0,8003.963461045526,0.0,0.0,2023-11-19 00:00:00+00:00,2023-11-18 00:00:00+00:00,2023-11-19 00:01:00+00:00,54.43,0.028489964106585334,1963.19,2023-11-19 00:02:00+00:00,2023-11-19 16:10:00+00:00,2023-11-19 16:11:00+00:00,target,0.2104977809245521,0.27896112872631373,"simulated minute opens; intrabar exits only known within minute, not actual exchange fills"
809,1419.0,2043362.0,2043837.0,1.0,0.917,2008.82,2022.48,1967.454736972204,2022.890669574594,0.92104397,0.9273070800000001,0.0,12.526220000000075,10.67786894999972,8029.642112017055,8040.319980967055,0.2294109643122395,2.0,8015.882895898645,0.0,0.0,2023-11-20 00:00:00+00:00,2023-11-19 00:00:00+00:00,2023-11-20 00:01:00+00:00,57.2,0.029939848372160228,2012.46,2023-11-20 00:02:00+00:00,2023-11-20 07:57:00+00:00,2023-11-20 07:58:00+00:00,target,0.2815006879606962,0.34015665668895156,"simulated minute opens; intrabar exits only known within minute, not actual exchange fills"
810,1420.0,2044802.0,2044903.0,1.0,0.836,2022.71,2032.5800000000002,1977.0435946658715,2032.991006075525,0.8454927799999999,0.8496184400000001,0.0,8.2513200000001,6.556208779999906,8040.319980967055,8046.876189747055,0.21031321688724824,2.0,8035.762648187055,0.0,0.0,2023-11-21 00:00:00+00:00,2023-11-20 00:00:00+00:00,2023-11-21 00:01:00+00:00,57.46,0.030075938592033682,2022.41,2023-11-21 00:02:00+00:00,2023-11-21 01:43:00+00:00,2023-11-21 01:44:00+00:00,target,0.1717313842116439,0.2251328082493414,"simulated minute opens; intrabar exits only known within minute, not actual exchange fills"
811,1421.0,2046242.0,2046409.0,-1.0,1.191,1940.69,1972.5,1972.0963797097193,1922.7948661664957,1.1556808950000002,1.17462375,0.0,-37.88570999999994,-40.21601464499963,8046.876189747055,8006.660175102055,0.2872371508517836,1.0,8006.660175102055,0.0,0.0,2023-11-22 00:00:00+00:00,2023-11-21 00:00:00+00:00,2023-11-22 00:01:00+00:00,55.37,0.028981982593820132,1933.44,2023-11-22 00:02:00+00:00,2023-11-22 02:49:00+00:00,2023-11-22 02:50:00+00:00,stop,-1.0751508232434086,0.5697929528619443,"simulated minute opens; intrabar exits only known within minute, not actual exchange fills"
812,1422.0,2047682.0,2048194.0,1.0,0.883,2062.81,2073.8,2019.9766413987743,2074.2206267265387,0.910730615,0.9155827000000001,0.18247195,9.70417000000021,7.695384735000516,8006.660175102055,8014.355559837056,0.2274932606312073,2.0,7997.749464487056,0.0,0.0,2023-11-23 00:00:00+00:00,2023-11-22 00:00:00+00:00,2023-11-23 00:01:00+00:00,54.87,0.028720270632525025,2063.91,2023-11-23 00:02:00+00:00,2023-11-23 08:34:00+00:00,2023-11-23 08:35:00+00:00,target,0.20346396557731541,0.2663957975551393,"simulated minute opens; intrabar exits only known within minute, not actual exchange fills"
813,1423.0,2049122.0,2049698.0,-1.0,0.919,2062.43,2103.9,2103.478296956119,2051.788634799404,0.9476865849999999,0.9667420500000001,-0.19119795000000003,-38.11093000000024,-39.834160684999915,8014.355559837056,7974.521399152056,0.23649726492026713,1.0,7974.521399152056,0.0,0.0,2023-11-24 00:00:00+00:00,2023-11-23 00:00:00+00:00,2023-11-24 00:01:00+00:00,54.03,0.028280594537549247,2062.68,2023-11-24 00:02:00+00:00,2023-11-24 09:38:00+00:00,2023-11-24 09:39:00+00:00,stop,-1.0559540398554477,0.2592401144430316,"simulated minute opens; intrabar exits only known within minute, not actual exchange fills"
814,1424.0,2050562.0,2051999.0,1.0,0.856,2081.77,2082.84,2037.6796835640357,2091.4886543826233,0.8909975600000001,0.8914555200000001,0.356649832,0.9159200000001401,-1.2231829120000839,7974.521399152056,7973.298216240056,0.22346107444008897,3.0,7959.661468560055,0.0,0.0,2023-11-25 00:00:00+00:00,2023-11-24 00:00:00+00:00,2023-11-25 00:01:00+00:00,54.25,0.028395747800519094,2081.16,2023-11-25 00:02:00+00:00,2023-11-25 23:59:00+00:00,2023-11-25 23:59:00+00:00,scheduled_23_59_exit,-0.03240965625809182,0.22042605198214993,"simulated minute opens; intrabar exits only known within minute, not actual exchange fills"
815,1425.0,2052002.0,2052407.0,1.0,0.862,2083.06,2092.79,2039.2912849236798,2093.214631209037,0.89779886,0.90199249,0.0,8.387260000000015,6.587468650000119,7973.298216240056,7979.885684890056,0.22520137480154914,2.0,7958.923432702676,0.0,0.0,2023-11-26 00:00:00+00:00,2023-11-25 00:00:00+00:00,2023-11-26 00:01:00+00:00,54.35,0.028448090192778115,2082.87,2023-11-26 00:02:00+00:00,2023-11-26 06:47:00+00:00,2023-11-26 06:48:00+00:00,target,0.17460131024350464,0.2320066100028399,"simulated minute opens; intrabar exits only known within minute, not actual exchange fills"
816,1426.0,2053442.0,2054088.0,1.0,0.899,2061.42,2019.1200000000001,2019.5301728618826,2072.023987410525,0.92660829,0.9075944400000001,0.183861592264517,-38.02769999999996,-40.045764322264404,7979.885684890056,7939.8399205677915,0.23223598096261863,1.0,7939.577324088211,0.0,0.0,2023-11-27 00:00:00+00:00,2023-11-26 00:00:00+00:00,2023-11-27 00:01:00+00:00,53.58,0.02804505377238365,2061.97,2023-11-27 00:02:00+00:00,2023-11-27 10:48:00+00:00,2023-11-27 10:49:00+00:00,stop,-1.0633796065405479,0.2531399180894664,"simulated minute opens; intrabar exits only known within minute, not actual exchange fills"
817,1427.0,2054882.0,2054911.0,1.0,0.968,2027.0,2036.44,1988.4357043936845,2036.848591166847,0.981068,0.9856369600000001,0.0,9.137920000000053,7.171215039999879,7939.8399205677915,7947.011135607791,0.2471253853515581,2.0,7934.720844928752,0.0,0.0,2023-11-28 00:00:00+00:00,2023-11-27 00:00:00+00:00,2023-11-28 00:01:00+00:00,50.25,0.026302052110158236,2027.57,2023-11-28 00:02:00+00:00,2023-11-28 00:31:00+00:00,2023-11-28 00:32:00+00:00,target,0.19210204370455722,0.2553810723625437,"simulated minute opens; intrabar exits only known within minute, not actual exchange fills"
818,1428.0,2056322.0,2056419.0,1.0,0.98,2047.8700000000001,2056.94,2009.7948171170885,2057.3612517067363,1.0034563,1.0079006000000001,0.0,8.888599999999938,6.87724309999976,7947.011135607791,7953.888378707791,0.25253677964634064,2.0,7937.697279307791,0.0,0.0,2023-11-29 00:00:00+00:00,2023-11-28 00:00:00+00:00,2023-11-29 00:01:00+00:00,48.99,0.02564253796769457,2048.2,2023-11-29 00:02:00+00:00,2023-11-29 01:39:00+00:00,2023-11-29 01:40:00+00:00,target,0.18430889804469733,0.24927658879337747,"simulated minute opens; intrabar exits only known within minute, not actual exchange fills"
819,1429.0,2057762.0,2057982.0,1.0,0.974,2027.8300000000002,2037.31,1989.4406522571767,2037.7250067247226,0.9875532100000001,0.99216997,0.0,9.233519999999796,7.253796819999479,7953.888378707791,7961.142175527791,0.24831960494784827,2.0,7947.418611155111,0.0,0.0,2023-11-30 00:00:00+00:00,2023-11-29 00:00:00+00:00,2023-11-30 00:01:00+00:00,50.17,0.026260178196351024,2028.41,2023-11-30 00:02:00+00:00,2023-11-30 03:42:00+00:00,2023-11-30 03:43:00+00:00,target,0.19399730492664316,0.2577539683927603,"simulated minute opens; intrabar exits only known within minute, not actual exchange fills"
820,1430.0,2059202.0,2059278.0,1.0,0.9490000000000001,2051.54,2060.82,2012.0730242690775,2061.234904112706,0.9734557300000001,0.9778590900000002,0.0,8.80672000000019,6.855405180000162,7961.142175527791,7967.997580707791,0.24455177624948368,2.0,7953.808774184341,0.0,0.0,2023-12-01 00:00:00+00:00,2023-11-30 00:00:00+00:00,2023-12-01 00:01:00+00:00,50.5,0.026432908090805795,2051.76,2023-12-01 00:02:00+00:00,2023-12-01 01:18:00+00:00,2023-12-01 01:19:00+00:00,target,0.18303454638254132,0.2456459846025118,"simulated minute opens; intrabar exits only known within minute, not actual exchange fills"
821,1431.0,2060642.0,2060771.0,1.0,0.891,2088.13,2096.39,2045.909008683348,2096.8157305605923,0.9302619150000001,0.9339417449999999,0.0,7.359659999999789,5.495456339999691,7967.997580707791,7973.4930370477905,0.2334995475531672,2.0,7965.02841041887,0.0,0.0,2023-12-02 00:00:00+00:00,2023-12-01 00:00:00+00:00,2023-12-02 00:01:00+00:00,51.46,0.026935395056492402,2086.99,2023-12-02 00:02:00+00:00,2023-12-02 02:11:00+00:00,2023-12-02 02:12:00+00:00,target,0.1460823113730889,0.205720668552056,"simulated minute opens; intrabar exits only known within minute, not actual exchange fills"
822,1432.0,2062082.0,2062207.0,1.0,0.85,2164.02,2175.9,2119.736813211705,2176.3377747367667,0.9197084999999999,0.9247575000000001,0.0,10.098000000000093,8.2535340000004,7973.4930370477905,7981.746571047791,0.23069149135183162,2.0,7967.282819076291,0.0,0.0,2023-12-03 00:00:00+00:00,2023-12-02 00:00:00+00:00,2023-12-03 00:01:00+00:00,55.17,0.02887729780930209,2165.28,2023-12-03 00:02:00+00:00,2023-12-03 02:07:00+00:00,2023-12-03 02:08:00+00:00,target,0.21927148211851416,0.2781591757534166,"simulated minute opens; intrabar exits only known within minute, not actual exchange fills"
823,1433.0,2063522.0,2063554.0,1.0,0.784,2195.19,2204.14,2146.909426291175,2204.58111461547,0.8605144800000001,0.86402288,0.0,7.016799999999858,5.292262639999535,7981.746571047791,7987.03883368779,0.2156205969057816,2.0,7978.12243425515,0.0,0.0,2023-12-04 00:00:00+00:00,2023-12-03 00:00:00+00:00,2023-12-04 00:01:00+00:00,55.64,0.029123307052919493,2193.24,2023-12-04 00:02:00+00:00,2023-12-04 00:34:00+00:00,2023-12-04 00:35:00+00:00,target,0.13981472218432897,0.1945112473622801,"simulated minute opens; intrabar exits only known within minute, not actual exchange fills"
824,1434.0,2064962.0,2065422.0,1.0,0.844,2240.53,2195.46,2195.9083161086282,2255.5272184123096,0.9455036600000001,0.92648412,0.0,-38.03908000000013,-39.91106777999994,7987.03883368779,7947.1277659077905,0.23675949990678594,1.0,7945.79842594439,0.0,0.0,2023-12-05 00:00:00+00:00,2023-12-04 00:00:00+00:00,2023-12-05 00:01:00+00:00,56.48,0.02956298314789527,2243.66,2023-12-05 00:02:00+00:00,2023-12-05 07:42:00+00:00,2023-12-05 07:43:00+00:00,stop,-1.0597537088721014,0.33609709684688194,"simulated minute opens; intrabar exits only known within minute, not actual exchange fills"
825,1435.0,2066402.0,2066424.0,1.0,0.775,2292.54,2305.88,2244.034074898563,2306.3452743665466,0.88835925,0.8935285000000002,0.0,10.338500000000113,8.556612250000398,7947.1277659077905,7955.684378157791,0.22356737582877498,2.0,7944.785489042041,0.0,0.0,2023-12-06 00:00:00+00:00,2023-12-05 00:00:00+00:00,2023-12-06 00:01:00+00:00,57.47,0.030081172831259582,2293.97,2023-12-06 00:02:00+00:00,2023-12-06 00:24:00+00:00,2023-12-06 00:25:00+00:00,target,0.22761734730162844,0.28461006233108066,"simulated minute opens; intrabar exits only known within minute, not actual exchange fills"
826,1436.0,2067842.0,2067877.0,1.0,0.776,2235.02,2244.36,2186.431165369214,2244.811348337936,0.8671877600000001,0.8708116800000001,0.0,7.247840000000113,5.509840560000157,7955.684378157791,7961.194218717791,0.21800456598827642,2.0,7951.886881143071,0.0,0.0,2023-12-07 00:00:00+00:00,2023-12-06 00:00:00+00:00,2023-12-07 00:01:00+00:00,55.0,0.028788315742461757,2233.29,2023-12-07 00:02:00+00:00,2023-12-07 00:37:00+00:00,2023-12-07 00:38:00+00:00,target,0.14613048561369313,0.2015143687297308,"simulated minute opens; intrabar exits only known within minute, not actual exchange fills"
827,1437.0,2069282.0,2069415.0,1.0,0.709,2359.43,2369.29,2306.1537210890965,2369.771218838663,0.836417935,0.8399133049999999,0.0,6.99074000000009,5.314408760000333,7961.194218717791,7966.508627477791,0.2101237357163009,2.0,7956.039990782791,0.0,0.0,2023-12-08 00:00:00+00:00,2023-12-07 00:00:00+00:00,2023-12-08 00:01:00+00:00,56.75,0.02970430760699463,2357.04,2023-12-08 00:02:00+00:00,2023-12-08 02:15:00+00:00,2023-12-08 02:16:00+00:00,target,0.14069376002283898,0.19410550154896206,"simulated minute opens; intrabar exits only known within minute, not actual exchange fills"
828,1438.0,2070722.0,2071023.0,1.0,0.714,2362.09,2373.27,2309.1374308210047,2373.7516425775693,0.84326613,0.84725739,0.0,7.982519999999883,6.291996479999398,7966.508627477791,7972.800623957791,0.21170280970799107,2.0,7957.497201347791,0.0,0.0,2023-12-09 00:00:00+00:00,2023-12-08 00:00:00+00:00,2023-12-09 00:01:00+00:00,57.54,0.030117812505840898,2360.82,2023-12-09 00:02:00+00:00,2023-12-09 05:03:00+00:00,2023-12-09 05:04:00+00:00,target,0.166419120670253,0.22022807879537187,"simulated minute opens; intrabar exits only known within minute, not actual exchange fills"
829,1439.0,2072162.0,2072215.0,1.0,0.6950000000000001,2346.39,2354.4700000000003,2291.889060683116,2354.9492902200095,0.8153705250000001,0.8181783250000002,0.0,5.615600000000266,3.9820511500001885,7972.800623957791,7976.782675107791,0.20453804464891803,2.0,7968.572803432791,0.0,0.0,2023-12-10 00:00:00+00:00,2023-12-09 00:00:00+00:00,2023-12-10 00:01:00+00:00,56.51,0.029578685865572975,2342.4,2023-12-10 00:02:00+00:00,2023-12-10 00:55:00+00:00,2023-12-10 00:56:00+00:00,target,0.10512791287296774,0.1570484899396597,"simulated minute opens; intrabar exits only known within minute, not actual exchange fills"
830,1440.0,2073602.0,2073727.0,1.0,0.734,2354.63,2302.68,2303.1500880002286,2366.760627077481,0.8641492100000001,0.84508356,0.0,-38.1313000000002,-39.84053277000021,7976.782675107791,7936.942142337791,0.21666610341451298,1.0,7936.942142337791,0.0,0.0,2023-12-11 00:00:00+00:00,2023-12-10 00:00:00+00:00,2023-12-11 00:01:00+00:00,57.1,0.029887505979901207,2353.97,2023-12-11 00:02:00+00:00,2023-12-11 02:07:00+00:00,2023-12-11 02:08:00+00:00,stop,-1.0543657300781946,0.2356380694188951,"simulated minute opens; intrabar exits only known within minute, not actual exchange fills"
831,1441.0,2075042.0,2075063.0,1.0,0.711,2226.78,2237.92,2173.63016225116,2238.3690510227675,0.7916202900000001,0.79558056,0.0,7.920539999999909,6.333339150000029,7936.942142337791,7943.275481487791,0.19947739968451675,2.0,7932.9225820477905,0.0,0.0,2023-12-12 00:00:00+00:00,2023-12-11 00:00:00+00:00,2023-12-12 00:01:00+00:00,60.64,0.03174042666587056,2225.56,2023-12-12 00:02:00+00:00,2023-12-12 00:23:00+00:00,2023-12-12 00:24:00+00:00,target,0.16759505536203506,0.21804489935663465,"simulated minute opens; intrabar exits only known within minute, not actual exchange fills"
832,1442.0,2076482.0,2076628.0,1.0,0.789,2203.66,2155.55,2155.9838558466595,2216.613819885472,0.8693438699999999,0.8503644750000001,0.0,-37.958789999999745,-39.67849834499975,7943.275481487791,7903.596983142791,0.21888800710136522,1.0,7902.478628490011,0.0,0.0,2023-12-13 00:00:00+00:00,2023-12-12 00:00:00+00:00,2023-12-13 00:01:00+00:00,57.13,0.029903208697578912,2204.7,2023-12-13 00:02:00+00:00,2023-12-13 02:28:00+00:00,2023-12-13 02:29:00+00:00,stop,-1.0548169507637541,0.2717044365796193,"simulated minute opens; intrabar exits only known within minute, not actual exchange fills"
833,1443.0,2077922.0,2078301.0,1.0,0.752,2260.78,2273.36,2210.986016032212,2273.8217922940407,0.8500532800000001,0.85478336,0.0,9.460159999999945,7.755323360000148,7903.596983142791,7911.352306502791,0.21510542144621964,2.0,7891.978289862791,0.0,0.0,2023-12-14 00:00:00+00:00,2023-12-13 00:00:00+00:00,2023-12-14 00:01:00+00:00,57.48,0.030086407070485485,2261.44,2023-12-14 00:02:00+00:00,2023-12-14 06:21:00+00:00,2023-12-14 06:22:00+00:00,target,0.20711196771625298,0.2619150197436954,"simulated minute opens; intrabar exits only known within minute, not actual exchange fills"
834,1444.0,2079362.0,2079698.0,1.0,0.734,2316.54,2264.96,2265.4178253634877,2328.925096660804,0.85017018,0.83124032,0.0,-37.859719999999946,-39.54113049999978,7911.352306502791,7871.811176002791,0.2149241108378391,1.0,7871.811176002791,0.0,0.0,2023-12-15 00:00:00+00:00,2023-12-14 00:00:00+00:00,2023-12-15 00:01:00+00:00,56.63,0.029641496736283805,2316.54,2023-12-15 00:02:00+00:00,2023-12-15 05:38:00+00:00,2023-12-15 05:39:00+00:00,stop,-1.053764836551464,0.24226466790319573,"simulated minute opens; intrabar exits only known within minute, not actual exchange fills"
835,1445.0,2080802.0,2080862.0,1.0,0.7010000000000001,2226.94,2232.82,2173.498339883935,2233.2763283788704,0.7805424700000001,0.7826034100000002,0.0,4.121880000000077,2.5587341199998264,7871.811176002791,7874.369910122791,0.19831331126932594,2.0,7860.270283532792,0.0,0.0,2023-12-16 00:00:00+00:00,2023-12-15 00:00:00+00:00,2023-12-16 00:01:00+00:00,55.29,0.028940108680012913,2221.71,2023-12-16 00:02:00+00:00,2023-12-16 01:02:00+00:00,2023-12-16 01:03:00+00:00,target,0.06830102193817306,0.11856533582806088,"simulated minute opens; intrabar exits only known within minute, not actual exchange fills"
836,1446.0,2082242.0,2083264.0,1.0,0.74,2231.09,2240.9700000000003,2180.5927448989833,2241.424755136799,0.8255033,0.8291589000000001,0.3510942923969064,7.31120000000008,5.305443507603741,7874.369910122791,7879.675353630395,0.20966840761158181,2.0,7851.250565691192,0.0,0.0,2023-12-17 00:00:00+00:00,2023-12-16 00:00:00+00:00,2023-12-17 00:01:00+00:00,56.09,0.029358847818085093,2229.64,2023-12-17 00:02:00+00:00,2023-12-17 17:04:00+00:00,2023-12-17 17:05:00+00:00,target,0.14197837563995022,0.20465974073491094,"simulated minute opens; intrabar exits only known within minute, not actual exchange fills"
837,1447.0,2083682.0,2084242.0,1.0,0.716,2201.2400000000002,2148.42,2148.8506515511267,2209.7919468878695,0.7880439200000001,0.76913436,0.15537558,-37.81912000000012,-39.5316738599995,7879.675353630395,7840.1436797703955,0.2000193877624477,1.0,7840.1436797703955,0.0,0.0,2023-12-18 00:00:00+00:00,2023-12-17 00:00:00+00:00,2023-12-18 00:01:00+00:00,57.2,0.029939848372160228,2197.93,2023-12-18 00:02:00+00:00,2023-12-18 09:22:00+00:00,2023-12-18 09:23:00+00:00,stop,-1.0538751985793489,0.16323827535696558,"simulated minute opens; intrabar exits only known within minute, not actual exchange fills"
838,1448.0,2085122.0,2085196.0,1.0,0.764,2218.58,2232.21,2169.97341015913,2232.659366692997,0.8474975600000001,0.8527042200000001,0.0,10.413320000000084,8.71311822000007,7840.1436797703955,7848.8567979903955,0.2161943950559895,2.0,7834.864982210395,0.0,0.0,2023-12-19 00:00:00+00:00,2023-12-18 00:00:00+00:00,2023-12-19 00:01:00+00:00,58.12,0.03042139838094322,2220.48,2023-12-19 00:02:00+00:00,2023-12-19 01:16:00+00:00,2023-12-19 01:17:00+00:00,target,0.23463083991979003,0.2896596272046785,"simulated minute opens; intrabar exits only known within minute, not actual exchange fills"
839,1449.0,2086562.0,2086600.0,1.0,0.724,2179.88,2190.68,2128.2974116166083,2191.12289581149,0.7891165600000001,0.7930261599999999,0.0,7.819199999999802,6.237057279999135,7848.8567979903955,7855.093855270395,0.20107808826427914,2.0,7846.8586014303955,0.0,0.0,2023-12-20 00:00:00+00:00,2023-12-19 00:00:00+00:00,2023-12-20 00:01:00+00:00,59.13,0.03095005654275934,2179.02,2023-12-20 00:02:00+00:00,2023-12-20 00:40:00+00:00,2023-12-20 00:41:00+00:00,target,0.16700829233246683,0.21795912465512488,"simulated minute opens; intrabar exits only known within minute, not actual exchange fills"
840,1450.0,2088002.0,2088417.0,1.0,0.808,2200.9,2215.31,2154.9634887537222,2215.758664172289,0.8891636,0.8949852400000001,0.0,11.643279999999884,9.859131160000288,7855.093855270395,7864.952986430395,0.22639159159210137,2.0,7841.430211670395,0.0,0.0,2023-12-21 00:00:00+00:00,2023-12-20 00:00:00+00:00,2023-12-21 00:01:00+00:00,56.54,0.029594388583250687,2203.95,2023-12-21 00:02:00+00:00,2023-12-21 06:57:00+00:00,2023-12-21 06:58:00+00:00,target,0.26562520028094316,0.3234608760910864,"simulated minute opens; intrabar exits only known within minute, not actual exchange fills"
841,1451.0,2089442.0,2089532.0,1.0,0.707,2242.77,2253.37,2189.8241044748816,2253.821225376856,0.792819195,0.796566295,0.0,7.494199999999935,5.904814509999596,7864.952986430395,7870.857800940395,0.20160812057436864,2.0,7856.941697235395,0.0,0.0,2023-12-22 00:00:00+00:00,2023-12-21 00:00:00+00:00,2023-12-22 00:01:00+00:00,58.46,0.030599362514623894,2241.35,2023-12-22 00:02:00+00:00,2023-12-22 01:32:00+00:00,2023-12-22 01:33:00+00:00,target,0.1577446167859628,0.20872676280663194,"simulated minute opens; intrabar exits only known within minute, not actual exchange fills"
842,1452.0,2090882.0,2091060.0,1.0,0.673,2327.89,2271.76,2272.2157251229755,2340.0539958278355,0.783334985,0.7644472400000001,0.0,-37.77548999999977,-39.32327222499953,7870.857800940395,7831.534528715395,0.19904691580285153,1.0,7829.784662283565,0.0,0.0,2023-12-23 00:00:00+00:00,2023-12-22 00:00:00+00:00,2023-12-23 00:01:00+00:00,60.46,0.031646210359804326,2326.53,2023-12-23 00:02:00+00:00,2023-12-23 03:00:00+00:00,2023-12-23 03:01:00+00:00,stop,-1.0494941358295466,0.21848503379170983,"simulated minute opens; intrabar exits only known within minute, not actual exchange fills"
843,1453.0,2092322.0,2092459.0,1.0,0.673,2309.71,2322.9700000000003,2254.349846670309,2323.439445717054,0.7772174150000001,0.7816794050000001,0.0,8.923980000000148,7.365083179999601,7831.534528715395,7838.899611895395,0.19848406775204167,2.0,7821.274741300394,0.0,0.0,2023-12-24 00:00:00+00:00,2023-12-23 00:00:00+00:00,2023-12-24 00:01:00+00:00,62.06,0.032483688635948665,2309.86,2023-12-24 00:02:00+00:00,2023-12-24 02:19:00+00:00,2023-12-24 02:20:00+00:00,target,0.19768117213884331,0.24800230655593783,"simulated minute opens; intrabar exits only known within minute, not actual exchange fills"
844,1454.0,2093762.0,2093994.0,1.0,0.6920000000000001,2264.9500000000003,2278.31,2211.067070067278,2278.775259906536,0.7836727000000002,0.7882952600000002,0.0,9.245119999999774,7.673152039998968,7838.899611895395,7846.572763935394,0.19994456844702804,2.0,7830.808419195394,0.0,0.0,2023-12-25 00:00:00+00:00,2023-12-24 00:00:00+00:00,2023-12-25 00:01:00+00:00,62.22,0.032567436463563096,2265.43,2023-12-25 00:02:00+00:00,2023-12-25 03:54:00+00:00,2023-12-25 03:55:00+00:00,target,0.20578632256715373,0.25657958696377436,"simulated minute opens; intrabar exits only known within minute, not actual exchange fills"
845,1455.0,2095202.0,2095535.0,1.0,0.722,2272.36,2220.31,2220.758426707257,2285.883423000594,0.82032196,0.8015319099999999,0.0,-37.58010000000013,-39.20195387000058,7846.572763935394,7807.370810065393,0.20909051242610877,1.0,7807.370810065393,0.0,0.0,2023-12-26 00:00:00+00:00,2023-12-25 00:00:00+00:00,2023-12-26 00:01:00+00:00,59.62,0.03120653426482854,2273.07,2023-12-26 00:02:00+00:00,2023-12-26 05:35:00+00:00,2023-12-26 05:36:00+00:00,stop,-1.0522224718221278,0.2620738504206779,"simulated minute opens; intrabar exits only known within minute, not actual exchange fills"
846,1456.0,2096642.0,2097147.0,1.0,0.6880000000000001,2232.88,2245.03,2178.831013800178,2245.4880704374496,0.7681107200000001,0.7722903200000002,0.6284719922834776,8.359200000000063,6.190326967716828,7807.370810065393,7813.56113703311,0.19676552803403136,2.0,7793.785259345394,0.0,0.0,2023-12-27 00:00:00+00:00,2023-12-26 00:00:00+00:00,2023-12-27 00:01:00+00:00,61.89,0.032394706569108325,2232.44,2023-12-27 00:02:00+00:00,2023-12-27 08:27:00+00:00,2023-12-27 08:28:00+00:00,target,0.16647062044356867,0.23327117350243531,"simulated minute opens; intrabar exits only known within minute, not actual exchange fills"
847,1457.0,2098082.0,2098101.0,1.0,0.592,2382.93,2395.1,2319.7882639631903,2395.5795070400504,0.70534728,0.7089496,0.0,7.204640000000043,5.790343120000216,7813.56113703311,7819.35148015311,0.18054438114189444,2.0,7811.10346975311,0.0,0.0,2023-12-28 00:00:00+00:00,2023-12-27 00:00:00+00:00,2023-12-28 00:01:00+00:00,66.96,0.03504846585664071,2380.31,2023-12-28 00:02:00+00:00,2023-12-28 00:21:00+00:00,2023-12-28 00:22:00+00:00,target,0.15490522772922133,0.20033511642246177,"simulated minute opens; intrabar exits only known within minute, not actual exchange fills"
848,1458.0,2099522.0,2099537.0,1.0,0.581,2351.1,2360.4500000000003,2286.6394885203413,2360.926684421166,0.6829945499999999,0.6857107250000001,0.0,5.432350000000211,4.063644724999904,7819.35148015311,7823.41512487811,0.17469340052907462,2.0,7816.73375560311,0.0,0.0,2023-12-29 00:00:00+00:00,2023-12-28 00:00:00+00:00,2023-12-29 00:01:00+00:00,66.49,0.03480245661302331,2345.96,2023-12-29 00:02:00+00:00,2023-12-29 00:17:00+00:00,2023-12-29 00:18:00+00:00,target,0.10850402578960229,0.1524450271274551,"simulated minute opens; intrabar exits only known within minute, not actual exchange fills"
849,1459.0,2100962.0,2101913.0,1.0,0.671,2298.06,2314.79,2242.5259622889794,2315.2557753364576,0.7709991300000001,0.7766120450000001,0.4847572946177088,11.225830000000013,9.193461530382592,7823.41512487811,7832.608586408493,0.19710040121692055,2.0,7802.955348453493,0.0,0.0,2023-12-30 00:00:00+00:00,2023-12-29 00:00:00+00:00,2023-12-30 00:01:00+00:00,66.24,0.03467160063237576,2300.6,2023-12-30 00:02:00+00:00,2023-12-30 15:53:00+00:00,2023-12-30 15:54:00+00:00,target,0.24671598686734814,0.30964388769889944,"simulated minute opens; intrabar exits only known within minute, not actual exchange fills"
850,1460.0,2102402.0,2102963.0,1.0,0.59,2296.08,2308.11,2232.5068016157893,2308.581118529988,0.6773435999999999,0.6808924500000001,0.37706934550400006,7.097700000000118,5.362394604495421,7832.608586408493,7837.970981012988,0.17295479341974476,2.0,7822.036942808492,0.0,0.0,2023-12-31 00:00:00+00:00,2023-12-30 00:00:00+00:00,2023-12-31 00:01:00+00:00,69.58,0.03641983653382707,2293.26,2023-12-31 00:02:00+00:00,2023-12-31 09:23:00+00:00,2023-12-31 09:24:00+00:00,target,0.14296597694314467,0.19664133389099714,"simulated minute opens; intrabar exits only known within minute, not actual exchange fills"
851,1461.0,2103842.0,2103913.0,1.0,0.602,2286.14,2298.78,2223.7992240655108,2299.2477693072356,0.6881281399999999,0.6919327800000001,0.0,7.609280000000197,6.229219079999893,7837.970981012988,7844.200200092988,0.17558833572284174,2.0,7836.849412872988,0.0,0.0,2024-01-01 00:00:00+00:00,2023-12-31 00:00:00+00:00,2024-01-01 00:01:00+00:00,70.15,0.03671818816970349,2283.85,2024-01-01 00:02:00+00:00,2024-01-01 01:13:00+00:00,2024-01-01 01:14:00+00:00,target,0.16598349707539012,0.2102599640564308,"simulated minute opens; intrabar exits only known within minute, not actual exchange fills"
852,1462.0,2105282.0,2105297.0,1.0,0.609,2354.43,2370.04,2292.821856800533,2370.5217401682926,0.716923935,0.72167718,0.0,9.506490000000078,8.067888885000684,7844.200200092988,7852.268088977989,0.18279083060411977,2.0,7840.523536157988,0.0,0.0,2024-01-02 00:00:00+00:00,2024-01-01 00:00:00+00:00,2024-01-02 00:01:00+00:00,70.21,0.0367495936050589,2354.62,2024-01-02 00:02:00+00:00,2024-01-02 00:17:00+00:00,2024-01-02 00:18:00+00:00,target,0.21503269392666596,0.26119501956410285,"simulated minute opens; intrabar exits only known within minute, not actual exchange fills"
853,1463.0,2106722.0,2106832.0,1.0,0.609,2358.3,2371.93,2296.630160584564,2372.4049107690107,0.71810235,0.722252685,0.0,8.300669999999789,6.860314964999816,7852.268088977989,7859.128403942988,0.1829031667953315,2.0,7846.175711569878,0.0,0.0,2024-01-03 00:00:00+00:00,2024-01-02 00:00:00+00:00,2024-01-03 00:01:00+00:00,68.55,0.035880709893559154,2356.93,2024-01-03 00:02:00+00:00,2024-01-03 01:52:00+00:00,2024-01-03 01:53:00+00:00,target,0.18266441273041514,0.22871651528056308,"simulated minute opens; intrabar exits only known within minute, not actual exchange fills"
854,1464.0,2108162.0,2108298.0,1.0,0.652,2209.84,2224.42,2152.1961987610343,2224.871729678963,0.7204078400000001,0.7251609200000001,0.0,9.506159999999953,8.060591239999667,7859.128403942988,7867.188995182988,0.18333021245423745,2.0,7853.640388643228,0.0,0.0,2024-01-04 00:00:00+00:00,2024-01-03 00:00:00+00:00,2024-01-04 00:01:00+00:00,68.87,0.03604820554878802,2210.39,2024-01-04 00:02:00+00:00,2024-01-04 02:18:00+00:00,2024-01-04 02:19:00+00:00,target,0.2144700684944158,0.2607692302707128,"simulated minute opens; intrabar exits only known within minute, not actual exchange fills"
855,1465.0,2109602.0,2109708.0,1.0,0.599,2270.68,2207.3,2207.7431301684114,2282.8974484212704,0.6800686599999999,0.66108635,0.0,-37.96461999999979,-39.30577500999971,7867.188995182988,7827.883220172988,0.17288733254441963,1.0,7827.883220172988,0.0,0.0,2024-01-05 00:00:00+00:00,2024-01-04 00:00:00+00:00,2024-01-05 00:01:00+00:00,69.48,0.036367494141568056,2267.85,2024-01-05 00:02:00+00:00,2024-01-05 01:48:00+00:00,2024-01-05 01:49:00+00:00,stop,-1.0426160400984055,0.19412227608336716,"simulated minute opens; intrabar exits only known within minute, not actual exchange fills"
856,1466.0,2111042.0,2112479.0,1.0,0.625,2267.73,2239.4700000000003,2207.7995316262154,2284.1665090124447,0.708665625,0.6998343750000001,0.27996,-17.662499999999852,-19.35095999999976,7827.883220172988,7808.532260172989,0.1810618797106529,3.0,7795.268304547988,0.0,0.0,2024-01-06 00:00:00+00:00,2024-01-05 00:00:00+00:00,2024-01-06 00:01:00+00:00,70.64,0.0369746658917727,2268.93,2024-01-06 00:02:00+00:00,2024-01-06 23:59:00+00:00,2024-01-06 23:59:00+00:00,scheduled_23_59_exit,-0.5166242954567517,0.2742596455267243,"simulated minute opens; intrabar exits only known within minute, not actual exchange fills"
857,1467.0,2112482.0,2113290.0,1.0,0.6,2240.32,2255.31,2177.930844305932,2255.7657787391922,0.672096,0.676593,0.1349328,8.993999999999868,7.51037819999965,7808.532260172989,7816.042638372988,0.17214400289488221,2.0,7801.651533642988,0.0,0.0,2024-01-07 00:00:00+00:00,2024-01-06 00:00:00+00:00,2024-01-07 00:01:00+00:00,73.05,0.03823611754521511,2240.36,2024-01-07 00:02:00+00:00,2024-01-07 13:30:00+00:00,2024-01-07 13:31:00+00:00,target,0.2006325756575284,0.2475715301378996,"simulated minute opens; intrabar exits only known within minute, not actual exchange fills"
858,1468.0,2113922.0,2114635.0,1.0,0.602,2219.77,2235.78,2157.5481663796813,2236.227741034558,0.66815077,0.6729697800000001,0.13386584279726002,9.63802000000013,8.163033607203033,7816.042638372988,7824.205671980191,0.17096906987679492,2.0,7783.239561137949,0.0,0.0,2024-01-08 00:00:00+00:00,2024-01-07 00:00:00+00:00,2024-01-08 00:01:00+00:00,74.59,0.039042190386004046,2220.87,2024-01-08 00:02:00+00:00,2024-01-08 11:55:00+00:00,2024-01-08 11:56:00+00:00,target,0.21792762606633456,0.2645010613956567,"simulated minute opens; intrabar exits only known within minute, not actual exchange fills"
859,1469.0,2115362.0,2115392.0,-1.0,0.583,2328.17,2315.83,2392.3507461819554,2315.3659810483573,0.678661555,0.675064445,0.0,7.194220000000084,5.840494000000035,7824.205671980191,7830.046165980191,0.17347743233039037,2.0,7818.550970717211,0.0,0.0,2024-01-09 00:00:00+00:00,2024-01-08 00:00:00+00:00,2024-01-09 00:01:00+00:00,69.84,0.03655592675370053,2331.11,2024-01-09 00:02:00+00:00,2024-01-09 00:32:00+00:00,2024-01-09 00:33:00+00:00,target,0.15609042580462645,0.19949937813659566,"simulated minute opens; intrabar exits only known within minute, not actual exchange fills"
860,1470.0,2116802.0,2117358.0,-1.0,0.5710000000000001,2339.56,2405.68,2405.189662426854,2328.6111790894256,0.66794438,0.68682164,-0.13528875729726902,-37.75451999999994,-38.97399726270305,7830.046165980191,7791.072168717488,0.17061058538890098,1.0,7791.072168717488,0.0,0.0,2024-01-10 00:00:00+00:00,2024-01-09 00:00:00+00:00,2024-01-10 00:01:00+00:00,69.32,0.03628374631395361,2344.44,2024-01-10 00:02:00+00:00,2024-01-10 09:18:00+00:00,2024-01-10 09:19:00+00:00,stop,-1.0400127693942423,0.16682732328201613,"simulated minute opens; intrabar exits only known within minute, not actual exchange fills"
861,1471.0,2118242.0,2118293.0,1.0,0.619,2576.4500000000003,2602.31,2516.67072957834,2602.8336421358777,0.7974112750000001,0.805414945,0.0,16.007339999999797,14.404513780000343,7791.072168717488,7805.476682497489,0.20469872637086978,2.0,7786.406007442488,0.0,0.0,2024-01-11 00:00:00+00:00,2024-01-10 00:00:00+00:00,2024-01-11 00:01:00+00:00,69.57,0.03641460229460117,2585.82,2024-01-11 00:02:00+00:00,2024-01-11 00:53:00+00:00,2024-01-11 00:54:00+00:00,target,0.389275744515756,0.441351022683568,"simulated minute opens; intrabar exits only known within minute, not actual exchange fills"
862,1472.0,2119682.0,2120344.0,1.0,0.527,2624.48,2634.03,2553.5607345549934,2634.558986288065,0.69155048,0.6940669050000001,0.13687315224840502,5.032850000000096,3.5103594627526036,7805.476682497489,7808.987041960241,0.1771962195597072,2.0,7781.926233536109,0.0,0.0,2024-01-12 00:00:00+00:00,2024-01-11 00:00:00+00:00,2024-01-12 00:01:00+00:00,64.51,0.03376607724629469,2618.59,2024-01-12 00:02:00+00:00,2024-01-12 11:04:00+00:00,2024-01-12 11:05:00+00:00,target,0.09392403610908957,0.142119157958295,"simulated minute opens; intrabar exits only known within minute, not actual exchange fills"
863,1473.0,2121122.0,2121123.0,1.0,0.5,2535.94,2538.15,2460.906873763394,2538.658636373057,0.633985,0.6345375000000001,0.0,1.1050000000000182,-0.16352249999999913,7808.987041960241,7808.823519460241,0.16237317249814637,2.0,7806.193056960241,0.0,0.0,2024-01-13 00:00:00+00:00,2024-01-12 00:00:00+00:00,2024-01-13 00:01:00+00:00,63.99,0.033493896806547775,2523.3,2024-01-13 00:02:00+00:00,2024-01-13 00:03:00+00:00,2024-01-13 00:04:00+00:00,target,-0.004358674846743139,0.03623248169727357,"simulated minute opens; intrabar exits only known within minute, not actual exchange fills"
864,1474.0,2122562.0,2123714.0,1.0,0.621,2574.71,2514.48,2514.986222577806,2594.069416576182,0.799447455,0.78074604,0.316064627866989,-37.40283000000001,-39.29908812286703,7808.823519460241,7769.524431337374,0.20475490398975213,1.0,7769.524431337374,0.0,0.0,2024-01-14 00:00:00+00:00,2024-01-13 00:00:00+00:00,2024-01-14 00:01:00+00:00,63.65,0.0333159326728671,2578.5,2024-01-14 00:02:00+00:00,2024-01-14 19:14:00+00:00,2024-01-14 19:15:00+00:00,stop,-1.0596040385398038,0.32414923187674666,"simulated minute opens; intrabar exits only known within minute, not actual exchange fills"
865,1475.0,2124002.0,2124016.0,1.0,0.603,2473.63,2489.13,2412.212433599322,2489.636735769991,0.7457994450000001,0.750472695,0.0,9.346499999999999,7.8502278599999045,7769.524431337374,7777.374659197374,0.1919807194355202,2.0,7767.970611892374,0.0,0.0,2024-01-15 00:00:00+00:00,2024-01-14 00:00:00+00:00,2024-01-15 00:01:00+00:00,65.08,0.03406442888217111,2474.36,2024-01-15 00:02:00+00:00,2024-01-15 00:16:00+00:00,2024-01-15 00:17:00+00:00,target,0.21196899784450157,0.2606214591044784,"simulated minute opens; intrabar exits only known within minute, not actual exchange fills"
866,1476.0,2125442.0,2125591.0,1.0,0.601,2513.71,2526.46,2452.0147722346956,2526.9711155004015,0.7553698550000001,0.7592012300000001,0.0,7.66275,6.148178915000244,7777.374659197374,7783.522838112374,0.19424803049875297,2.0,7771.678024419733,0.0,0.0,2024-01-16 00:00:00+00:00,2024-01-15 00:00:00+00:00,2024-01-16 00:01:00+00:00,62.04,0.03247322015749686,2512.21,2024-01-16 00:02:00+00:00,2024-01-16 02:31:00+00:00,2024-01-16 02:32:00+00:00,target,0.16581371640147183,0.21494556355068925,"simulated minute opens; intrabar exits only known within minute, not actual exchange fills"
867,1477.0,2126882.0,2127886.0,1.0,0.5760000000000001,2590.4900000000002,2525.59,2526.1016538325803,2602.38351255953,0.7460611200000002,0.7273699200000001,0.29329192458316805,-37.382400000000054,-39.14912296458351,7783.522838112374,7744.373715147791,0.19170268669268314,1.0,7744.373715147791,0.0,0.0,2024-01-17 00:00:00+00:00,2024-01-16 00:00:00+00:00,2024-01-17 00:01:00+00:00,61.58,0.03223244515310536,2587.4,2024-01-17 00:02:00+00:00,2024-01-17 16:46:00+00:00,2024-01-17 16:47:00+00:00,stop,-1.0555827477280277,0.18471529814735188,"simulated minute opens; intrabar exits only known within minute, not actual exchange fills"
868,1478.0,2128322.0,2128871.0,1.0,0.6890000000000001,2530.48,2543.06,2477.298434295761,2543.5765891967135,0.8717503600000002,0.87608417,0.174928832,8.66761999999995,6.744856637999874,7744.373715147791,7751.118571785791,0.22513127389368603,2.0,7729.646240036091,0.0,0.0,2024-01-18 00:00:00+00:00,2024-01-17 00:00:00+00:00,2024-01-18 00:01:00+00:00,54.53,0.028542306498844355,2530.62,2024-01-18 00:02:00+00:00,2024-01-18 09:11:00+00:00,2024-01-18 09:12:00+00:00,target,0.18407397131633427,0.24626182067576077,"simulated minute opens; intrabar exits only known within minute, not actual exchange fills"
869,1479.0,2129762.0,2130315.0,1.0,0.867,2467.62,2481.71,2425.8907191628855,2482.2162731934786,1.06971327,1.075821285,0.21376917025560296,12.216030000000126,9.856726274744688,7751.118571785791,7760.975298060535,0.27601519963680476,2.0,7729.150812155891,0.0,0.0,2024-01-19 00:00:00+00:00,2024-01-18 00:00:00+00:00,2024-01-19 00:01:00+00:00,47.31,0.024763185777743012,2471.29,2024-01-19 00:02:00+00:00,2024-01-19 09:15:00+00:00,2024-01-19 09:16:00+00:00,target,0.27244114608560055,0.3497849208198354,"simulated minute opens; intrabar exits only known within minute, not actual exchange fills"
870,1480.0,2131202.0,2131235.0,-1.0,0.781,2490.07,2481.38,2536.7217151106056,2480.8749326997536,0.9723723350000002,0.9689788900000001,0.0,6.786890000000043,4.845538775000023,7760.975298060535,7765.820836835535,0.2505799329738868,2.0,7759.542872349116,0.0,0.0,2024-01-20 00:00:00+00:00,2024-01-19 00:00:00+00:00,2024-01-20 00:01:00+00:00,47.29,0.024752717299291207,2492.46,2024-01-20 00:02:00+00:00,2024-01-20 00:35:00+00:00,2024-01-20 00:36:00+00:00,target,0.13299135916633423,0.1971003054967267,"simulated minute opens; intrabar exits only known within minute, not actual exchange fills"
871,1481.0,2132642.0,2134079.0,1.0,0.861,2470.61,2455.57,2428.462752359378,2482.7013262105306,1.063597605,1.057122885,0.425672470840596,-12.949439999999969,-15.495832960839834,7765.820836835535,7750.3250038746955,0.2739176263132543,3.0,7749.506763760745,0.0,0.0,2024-01-21 00:00:00+00:00,2024-01-20 00:00:00+00:00,2024-01-21 00:01:00+00:00,45.33,0.02372680641101439,2472.27,2024-01-21 00:02:00+00:00,2024-01-21 23:59:00+00:00,2024-01-21 23:59:00+00:00,scheduled_23_59_exit,-0.42701443442036113,0.2868829374964151,"simulated minute opens; intrabar exits only known within minute, not actual exchange fills"
872,1482.0,2134082.0,2134380.0,1.0,0.759,2461.09,2412.48,2412.9661633748697,2467.5527486172477,0.9339836550000001,0.91553616,0.0,-36.8949900000001,-38.74450981500013,7750.3250038746955,7711.580494059695,0.24101793267587218,1.0,7705.783549223375,0.0,0.0,2024-01-22 00:00:00+00:00,2024-01-21 00:00:00+00:00,2024-01-22 00:01:00+00:00,46.04,0.02409843739605344,2457.02,2024-01-22 00:02:00+00:00,2024-01-22 05:00:00+00:00,2024-01-22 05:01:00+00:00,stop,-1.0607380578909062,0.13429412678773667,"simulated minute opens; intrabar exits only known within minute, not actual exchange fills"
873,1483.0,2135522.0,2135529.0,1.0,0.783,2317.51,2324.06,2271.050540469687,2324.534455691467,0.9073051650000001,0.9098694900000001,0.0,5.128649999999786,3.3114753449999625,7711.580494059695,7714.891969404695,0.23530978265711056,2.0,7707.747127799645,0.0,0.0,2024-01-23 00:00:00+00:00,2024-01-22 00:00:00+00:00,2024-01-23 00:01:00+00:00,47.66,0.024946384150649585,2314.33,2024-01-23 00:02:00+00:00,2024-01-23 00:09:00+00:00,2024-01-23 00:10:00+00:00,target,0.09103022382859455,0.15119538114479186,"simulated minute opens; intrabar exits only known within minute, not actual exchange fills"
874,1484.0,2136962.0,2137010.0,1.0,0.758,2244.02,2251.87,2195.8487264901364,2252.3272049397083,0.85048358,0.8534587299999999,0.0,5.950299999999931,4.246357689999968,7714.891969404695,7719.138327094695,0.22047841586707945,2.0,7704.529529019255,0.0,0.0,2024-01-24 00:00:00+00:00,2024-01-23 00:00:00+00:00,2024-01-24 00:01:00+00:00,51.41,0.026909223860362888,2241.67,2024-01-24 00:02:00+00:00,2024-01-24 00:50:00+00:00,2024-01-24 00:51:00+00:00,target,0.11629451728845987,0.17245142871315852,"simulated minute opens; intrabar exits only known within minute, not actual exchange fills"
875,1485.0,2138402.0,2139326.0,1.0,0.891,2234.0,2192.91,2193.3494630435744,2244.2206507662436,0.9952470000000001,0.9769414049999999,0.19843476212221203,-36.61119000000013,-38.78181316712198,7719.138327094695,7680.356513927573,0.2578647921119942,1.0,7678.1167799540635,0.0,0.0,2024-01-25 00:00:00+00:00,2024-01-24 00:00:00+00:00,2024-01-25 00:01:00+00:00,46.37,0.02427116729050821,2234.62,2024-01-25 00:02:00+00:00,2024-01-25 15:26:00+00:00,2024-01-25 15:27:00+00:00,stop,-1.0707402270574817,0.2514272019875004,"simulated minute opens; intrabar exits only known within minute, not actual exchange fills"
876,1486.0,2139842.0,2139962.0,1.0,0.878,2217.4900000000002,2227.17,2176.413552565267,2227.623492880499,0.9734781100000002,0.9777276300000001,0.0,8.499039999999857,6.547834259999945,7680.356513927573,7686.904348187573,0.25349815681985416,2.0,7673.389355515873,0.0,0.0,2024-01-26 00:00:00+00:00,2024-01-25 00:00:00+00:00,2024-01-26 00:01:00+00:00,46.8,0.024496239577222002,2218.02,2024-01-26 00:02:00+00:00,2024-01-26 02:02:00+00:00,2024-01-26 02:03:00+00:00,target,0.1815558663355558,0.2466983761582534,"simulated minute opens; intrabar exits only known within minute, not actual exchange fills"
877,1487.0,2141282.0,2141720.0,-1.0,0.924,2264.98,2257.13,2303.8184113254833,2256.6703951988757,1.04642076,1.0427940600000003,0.0,7.253399999999917,5.164185180000459,7686.904348187573,7692.068533367574,0.27226064293273694,2.0,7669.734127427574,0.0,0.0,2024-01-27 00:00:00+00:00,2024-01-26 00:00:00+00:00,2024-01-27 00:01:00+00:00,43.92,0.02298877868016219,2266.72,2024-01-27 00:02:00+00:00,2024-01-27 07:20:00+00:00,2024-01-27 07:21:00+00:00,target,0.14390251324037506,0.2139532621838245,"simulated minute opens; intrabar exits only known within minute, not actual exchange fills"
878,1488.0,2142722.0,2143017.0,-1.0,0.895,2263.75,2304.42,2303.950042730091,2256.9860392880028,1.0130281250000002,1.03122795,0.0,-36.399650000000065,-38.443906075000086,7692.068533367574,7653.624627292574,0.2633955016405706,1.0,7653.624627292574,0.0,0.0,2024-01-28 00:00:00+00:00,2024-01-27 00:00:00+00:00,2024-01-28 00:01:00+00:00,43.75,0.02289979661332185,2266.99,2024-01-28 00:02:00+00:00,2024-01-28 04:57:00+00:00,2024-01-28 04:58:00+00:00,stop,-1.0685084413566486,0.16825755030688616,"simulated minute opens; intrabar exits only known within minute, not actual exchange fills"
879,1489.0,2144162.0,2144245.0,1.0,0.9510000000000001,2252.34,2265.07,2214.793521008469,2265.5231978775664,1.0709876700000003,1.0770407850000001,0.0,12.106230000000018,9.95820154499961,7653.624627292574,7663.582828837573,0.279864174728636,2.0,7650.143283295333,0.0,0.0,2024-01-29 00:00:00+00:00,2024-01-28 00:00:00+00:00,2024-01-29 00:01:00+00:00,45.52,0.02382625695630653,2256.0,2024-01-29 00:02:00+00:00,2024-01-29 01:25:00+00:00,2024-01-29 01:26:00+00:00,target,0.2788888673785206,0.35111675532983433,"simulated minute opens; intrabar exits only known within minute, not actual exchange fills"
880,1490.0,2145602.0,2145637.0,-1.0,0.811,2311.14,2306.23,2355.5685521044693,2305.7651562313654,0.93716727,0.9351762650000001,0.0,3.982009999999882,2.109666465000373,7663.582828837573,7665.692495302574,0.24457679676234448,2.0,7659.693621567573,0.0,0.0,2024-01-30 00:00:00+00:00,2024-01-29 00:00:00+00:00,2024-01-30 00:01:00+00:00,45.9,0.02402515804689081,2316.52,2024-01-30 00:02:00+00:00,2024-01-30 00:37:00+00:00,2024-01-30 00:38:00+00:00,target,0.058550523858705114,0.12097724355266112,"simulated minute opens; intrabar exits only known within minute, not actual exchange fills"
881,1491.0,2147042.0,2147685.0,1.0,0.678,2350.63,2296.4900000000002,2296.9563175130234,2352.3578372639918,0.7968635700000001,0.7785101100000001,0.15866880104543402,-36.70691999999992,-38.44096248104506,7665.692495302574,7627.251532821529,0.20790387052136688,1.0,7627.251532821529,0.0,0.0,2024-01-31 00:00:00+00:00,2024-01-30 00:00:00+00:00,2024-01-31 00:01:00+00:00,48.42,0.02534418633181815,2341.95,2024-01-31 00:02:00+00:00,2024-01-31 10:45:00+00:00,2024-01-31 10:46:00+00:00,stop,-1.056338640339414,0.032191517032782266,"simulated minute opens; intrabar exits only known within minute, not actual exchange fills"
882,1492.0,2148482.0,2148561.0,1.0,0.757,2287.14,2239.08,2239.5366421358513,2291.7438622405843,0.86568249,0.8474917799999999,0.0,-36.381419999999956,-38.094594270000016,7627.251532821529,7589.156938551529,0.2269972312502877,1.0,7589.156938551529,0.0,0.0,2024-02-01 00:00:00+00:00,2024-01-31 00:00:00+00:00,2024-02-01 00:01:00+00:00,46.54,0.024360149357348548,2282.0,2024-02-01 00:02:00+00:00,2024-02-01 01:21:00+00:00,2024-02-01 01:22:00+00:00,stop,-1.0571336195150998,0.09671297251179353,"simulated minute opens; intrabar exits only known within minute, not actual exchange fills"
883,1493.0,2149922.0,2149936.0,1.0,0.853,2302.78,2312.55,2261.060714649763,2313.0195727821833,0.9821356700000001,0.9863025750000001,0.0,8.333809999999984,6.3653717549996145,7589.156938551529,7595.522310306528,0.25882602717330316,2.0,7585.732492240868,0.0,0.0,2024-02-02 00:00:00+00:00,2024-02-01 00:00:00+00:00,2024-02-02 00:01:00+00:00,45.77,0.023957112936954086,2303.33,2024-02-02 00:02:00+00:00,2024-02-02 00:16:00+00:00,2024-02-02 00:17:00+00:00,target,0.17887015411104493,0.24543979352045553,"simulated minute opens; intrabar exits only known within minute, not actual exchange fills"
884,1494.0,2151362.0,2151386.0,1.0,0.9,2307.44,2316.73,2268.0123677065067,2317.1949237777403,1.038348,1.0425285000000002,0.0,8.360999999999967,6.280123499999718,7595.522310306528,7601.802433806528,0.27341055890022026,2.0,7593.298241574528,0.0,0.0,2024-02-03 00:00:00+00:00,2024-02-02 00:00:00+00:00,2024-02-03 00:01:00+00:00,43.38,0.022706129761963473,2307.99,2024-02-03 00:02:00+00:00,2024-02-03 00:26:00+00:00,2024-02-03 00:27:00+00:00,target,0.17698032050357812,0.24741338016764658,"simulated minute opens; intrabar exits only known within minute, not actual exchange fills"
885,1495.0,2152802.0,2152908.0,1.0,0.926,2294.9700000000003,2303.91,2256.7041865727674,2304.3792086693115,1.0625711100000002,1.0667103299999998,0.0,8.27843999999963,6.149158559999705,7601.802433806528,7607.951592366528,0.2795576757624121,2.0,7596.146902696528,0.0,0.0,2024-02-04 00:00:00+00:00,2024-02-03 00:00:00+00:00,2024-02-04 00:01:00+00:00,42.37,0.022177471600147353,2295.42,2024-02-04 00:02:00+00:00,2024-02-04 01:48:00+00:00,2024-02-04 01:49:00+00:00,target,0.17353766731308415,0.24589072664570563,"simulated minute opens; intrabar exits only known within minute, not actual exchange fills"
886,1496.0,2154242.0,2154479.0,1.0,0.91,2287.77,2297.4,2248.734161137355,2297.860125136707,1.04093535,1.045317,0.0,8.7633000000001,6.677047650000532,7607.951592366528,7614.628640016528,0.27364405184818136,2.0,7589.095786943528,0.0,0.0,2024-02-05 00:00:00+00:00,2024-02-04 00:00:00+00:00,2024-02-05 00:01:00+00:00,43.75,0.02289979661332185,2288.66,2024-02-05 00:02:00+00:00,2024-02-05 03:59:00+00:00,2024-02-05 04:00:00+00:00,target,0.18796611559491933,0.2584836250659614,"simulated minute opens; intrabar exits only known within minute, not actual exchange fills"
887,1497.0,2155682.0,2155784.0,1.0,0.9590000000000001,2298.94,2309.3,2261.992100109086,2309.7657779249043,1.10234173,1.1073093500000002,0.0,9.935240000000123,7.725588919999609,7614.628640016528,7622.354228936528,0.28953263044423594,2.0,7612.463003401917,0.0,0.0,2024-02-06 00:00:00+00:00,2024-02-05 00:00:00+00:00,2024-02-06 00:01:00+00:00,42.29,0.022135597686340137,2300.83,2024-02-06 00:02:00+00:00,2024-02-06 01:44:00+00:00,2024-02-06 01:45:00+00:00,target,0.2180335018711213,0.2930011707530502,"simulated minute opens; intrabar exits only known within minute, not actual exchange fills"
888,1498.0,2157122.0,2157146.0,1.0,0.806,2373.6,2381.16,2329.176533469553,2381.643230198702,0.9565608,0.9596074800000001,0.0,6.093359999999956,4.177191719999428,7622.354228936528,7626.531420656527,0.25098828295558223,2.0,7620.974218941267,0.0,0.0,2024-02-07 00:00:00+00:00,2024-02-06 00:00:00+00:00,2024-02-07 00:01:00+00:00,45.02,0.023564544995011424,2371.74,2024-02-07 00:02:00+00:00,2024-02-07 00:26:00+00:00,2024-02-07 00:27:00+00:00,target,0.11666401577299722,0.18105813946755794,"simulated minute opens; intrabar exits only known within minute, not actual exchange fills"
889,1499.0,2158562.0,2158585.0,1.0,0.787,2425.77,2434.12,2380.2517956153424,2434.609849406587,0.954540495,0.9578262200000001,0.0,6.5714499999999285,4.659083284999724,7626.531420656527,7631.190503941527,0.25032100239294075,2.0,7623.380937946977,0.0,0.0,2024-02-08 00:00:00+00:00,2024-02-07 00:00:00+00:00,2024-02-08 00:01:00+00:00,45.84,0.0239937526115354,2424.22,2024-02-08 00:02:00+00:00,2024-02-08 00:25:00+00:00,2024-02-08 00:26:00+00:00,target,0.13005906274270942,0.19420470394404243,"simulated minute opens; intrabar exits only known within minute, not actual exchange fills"
890,1500.0,2160002.0,2160130.0,1.0,0.775,2421.15,2428.62,2374.8327240205367,2429.113688107449,0.9381956250000001,0.94109025,0.0,5.7892499999998455,3.909964124999533,7631.190503941527,7635.100468066526,0.24588447228919785,2.0,7628.049917137277,0.0,0.0,2024-02-09 00:00:00+00:00,2024-02-08 00:00:00+00:00,2024-02-09 00:01:00+00:00,45.9,0.02402515804689081,2418.76,2024-02-09 00:02:00+00:00,2024-02-09 02:10:00+00:00,2024-02-09 02:11:00+00:00,target,0.10892512336512086,0.17193774761235764,"simulated minute opens; intrabar exits only known within minute, not actual exchange fills"
891,1501.0,2161442.0,2161538.0,1.0,0.6910000000000001,2489.5,2496.33,2437.2176905805172,2496.8330824415875,0.8601222500000001,0.8624820150000001,0.0,4.71952999999995,2.9969257349994223,7635.100468066526,7638.097393801526,0.22530738229245936,2.0,7629.334577268496,0.0,0.0,2024-02-10 00:00:00+00:00,2024-02-09 00:00:00+00:00,2024-02-10 00:01:00+00:00,49.39,0.025851907536730657,2485.24,2024-02-10 00:02:00+00:00,2024-02-10 01:38:00+00:00,2024-02-10 01:39:00+00:00,target,0.08295511518439098,0.14025934437499962,"simulated minute opens; intrabar exits only known within minute, not actual exchange fills"
892,1502.0,2162882.0,2162953.0,1.0,0.761,2497.85,2510.4,2450.6598034865506,2510.9050481671807,0.950431925,0.9552072,0.0,9.550550000000138,7.644910875000278,7638.097393801526,7645.742304676526,0.24886614453785183,2.0,7633.362391324856,0.0,0.0,2024-02-11 00:00:00+00:00,2024-02-10 00:00:00+00:00,2024-02-11 00:01:00+00:00,49.61,0.025967060799700504,2499.2,2024-02-11 00:02:00+00:00,2024-02-11 01:13:00+00:00,2024-02-11 01:14:00+00:00,target,0.2128805502460085,0.27664746349297425,"simulated minute opens; intrabar exits only known within minute, not actual exchange fills"
893,1503.0,2164322.0,2164346.0,1.0,0.72,2506.2000000000003,2517.64,2456.1301339704473,2518.1479828998918,0.9022320000000001,0.9063503999999999,0.0,8.236799999999711,6.428217599999698,7645.742304676526,7652.170522276526,0.23600900057752378,2.0,7643.293217066126,0.0,0.0,2024-02-12 00:00:00+00:00,2024-02-11 00:00:00+00:00,2024-02-12 00:01:00+00:00,51.0,0.026694620052100902,2506.1,2024-02-12 00:02:00+00:00,2024-02-12 00:26:00+00:00,2024-02-12 00:27:00+00:00,target,0.178312440355441,0.23862622066612638,"simulated minute opens; intrabar exits only known within minute, not actual exchange fills"
894,1504.0,2165762.0,2165767.0,1.0,0.539,2669.58,2674.81,2601.883760252208,2675.3478032626135,0.71945181,0.7208612950000001,0.0,2.81897000000001,1.3786568950008586,7652.170522276526,7653.549179171527,0.188038624572094,2.0,7648.219405543887,0.0,0.0,2024-02-13 00:00:00+00:00,2024-02-12 00:00:00+00:00,2024-02-13 00:01:00+00:00,56.78,0.029720010324672336,2660.91,2024-02-13 00:02:00+00:00,2024-02-13 00:07:00+00:00,2024-02-13 00:08:00+00:00,target,0.037783560941212005,0.08520123546155652,"simulated minute opens; intrabar exits only known within minute, not actual exchange fills"
895,1505.0,2167202.0,2167624.0,1.0,0.66,2639.59,2653.9,2584.753345884835,2654.432820992383,0.8710647000000001,0.8757870000000001,0.0,9.444599999999964,7.6977483000000575,7653.549179171527,7661.246927471527,0.22762372844497492,2.0,7639.174514471527,0.0,0.0,2024-02-14 00:00:00+00:00,2024-02-13 00:00:00+00:00,2024-02-14 00:01:00+00:00,54.03,0.028280594537549247,2640.83,2024-02-14 00:02:00+00:00,2024-02-14 07:04:00+00:00,2024-02-14 07:05:00+00:00,target,0.2126908577519255,0.27067335219268907,"simulated minute opens; intrabar exits only known within minute, not actual exchange fills"
896,1506.0,2168642.0,2168661.0,1.0,0.586,2774.62,2791.15,2712.6424168038507,2791.708501389415,0.8129636599999999,0.81780695,0.0,9.686580000000117,8.055809390000832,7661.246927471527,7669.302736861528,0.21222750492087472,2.0,7659.519803811527,0.0,0.0,2024-02-15 00:00:00+00:00,2024-02-14 00:00:00+00:00,2024-02-15 00:01:00+00:00,58.19,0.030458038055524536,2776.14,2024-02-15 00:02:00+00:00,2024-02-15 00:21:00+00:00,2024-02-15 00:22:00+00:00,target,0.22180785843962292,0.27572068009384115,"simulated minute opens; intrabar exits only known within minute, not actual exchange fills"
897,1507.0,2170082.0,2170097.0,1.0,0.547,2825.9900000000002,2840.16,2759.278733302045,2840.735339656687,0.7729082650000002,0.77678376,0.0,7.750989999999792,6.201297974999761,7669.302736861528,7675.504034836527,0.2015589399764114,2.0,7667.7147985965275,0.0,0.0,2024-02-16 00:00:00+00:00,2024-02-15 00:00:00+00:00,2024-02-16 00:01:00+00:00,59.11,0.030939588064307532,2824.54,2024-02-16 00:02:00+00:00,2024-02-16 00:17:00+00:00,2024-02-16 00:18:00+00:00,target,0.16994018493651344,0.22103222418858062,"simulated minute opens; intrabar exits only known within minute, not actual exchange fills"
898,1508.0,2171522.0,2172392.0,1.0,0.58,2802.51,2739.18,2739.7332576150093,2819.472743908726,0.8127279,0.7943621999999999,0.16223760527278,-36.73140000000022,-38.500727705272766,7675.504034836527,7637.003307131255,0.21177186444337773,1.0,7635.587869331254,0.0,0.0,2024-02-17 00:00:00+00:00,2024-02-16 00:00:00+00:00,2024-02-17 00:01:00+00:00,58.06,0.03038999294558781,2803.69,2024-02-17 00:02:00+00:00,2024-02-17 14:32:00+00:00,2024-02-17 14:33:00+00:00,stop,-1.057406970912872,0.270207456842828,"simulated minute opens; intrabar exits only known within minute, not actual exchange fills"
899,1509.0,2172962.0,2173276.0,1.0,0.5630000000000001,2787.41,2802.76,2722.923512811628,2803.328721166458,0.7846559150000001,0.7889769400000002,0.0,8.642050000000205,7.0684171450002395,7637.003307131255,7644.071724276255,0.20548790761090982,2.0,7624.801011216255,0.0,0.0,2024-02-18 00:00:00+00:00,2024-02-17 00:00:00+00:00,2024-02-18 00:01:00+00:00,59.05,0.030908182628952122,2787.43,2024-02-18 00:02:00+00:00,2024-02-18 05:16:00+00:00,2024-02-18 05:17:00+00:00,target,0.1946906328348476,0.24685359461367012,"simulated minute opens; intrabar exits only known within minute, not actual exchange fills"
900,1510.0,2174402.0,2174673.0,1.0,0.518,2882.7000000000003,2900.81,2812.4625763008885,2901.4000230748493,0.7466193000000001,0.7513097900000001,0.0,9.38097999999983,7.883050909999838,7644.071724276255,7651.954775186255,0.19534596925061962,2.0,7631.281604976254,0.0,0.0,2024-02-19 00:00:00+00:00,2024-02-18 00:00:00+00:00,2024-02-19 00:01:00+00:00,63.49,0.03323218484525267,2883.58,2024-02-19 00:02:00+00:00,2024-02-19 04:33:00+00:00,2024-02-19 04:34:00+00:00,target,0.21666861052866515,0.26624016215283663,"simulated minute opens; intrabar exits only known within minute, not actual exchange fills"
901,1511.0,2175842.0,2176429.0,1.0,0.519,2946.3,2875.61,2876.1897923815723,2964.2468084156694,0.7645648500000001,0.746220795,0.151707915105729,-36.68811000000003,-38.35060356010581,7651.954775186255,7613.604171626149,0.1998351721783118,1.0,7613.604171626149,0.0,0.0,2024-02-20 00:00:00+00:00,2024-02-19 00:00:00+00:00,2024-02-20 00:01:00+00:00,61.49,0.03218533700007224,2946.55,2024-02-20 00:02:00+00:00,2024-02-20 09:49:00+00:00,2024-02-20 09:50:00+00:00,stop,-1.0539586977655573,0.25597996390688277,"simulated minute opens; intrabar exits only known within minute, not actual exchange fills"
902,1512.0,2177282.0,2177701.0,1.0,0.517,3015.34,2944.76,2945.354745607572,3035.3357471077275,0.77946539,0.7612204600000001,0.0,-36.489859999999965,-38.030545849999726,7613.604171626149,7575.573625776149,0.20475595327239562,1.0,7575.573625776149,0.0,0.0,2024-02-21 00:00:00+00:00,2024-02-20 00:00:00+00:00,2024-02-21 00:01:00+00:00,61.31,0.032091120694006006,3017.21,2024-02-21 00:02:00+00:00,2024-02-21 07:01:00+00:00,2024-02-21 07:02:00+00:00,stop,-1.0510792686060195,0.28571371614376423,"simulated minute opens; intrabar exits only known within minute, not actual exchange fills"
903,1513.0,2178722.0,2179176.0,1.0,0.518,2968.9900000000002,2986.55,2899.4375609302506,2987.1548591038477,0.76896841,0.7735164500000001,0.0,9.096079999999972,7.5535951400006525,7575.573625776149,7583.12722091615,0.2030125896693971,2.0,7542.86477736615,0.0,0.0,2024-02-22 00:00:00+00:00,2024-02-21 00:00:00+00:00,2024-02-22 00:01:00+00:00,60.26,0.03154152557528628,2969.65,2024-02-22 00:02:00+00:00,2024-02-22 07:36:00+00:00,2024-02-22 07:37:00+00:00,target,0.20965806799927866,0.261167823110144,"simulated minute opens; intrabar exits only known within minute, not actual exchange fills"
904,1514.0,2180162.0,2180192.0,1.0,0.497,2974.62,2989.9,2901.953268340601,2990.504762357716,0.7391930699999999,0.74299015,0.0,7.594160000000099,6.111976780000077,7583.12722091615,7589.23919769615,0.19495731733502286,2.0,7580.88211784615,0.0,0.0,2024-02-23 00:00:00+00:00,2024-02-22 00:00:00+00:00,2024-02-23 00:01:00+00:00,60.6,0.03171948970896695,2972.8,2024-02-23 00:02:00+00:00,2024-02-23 00:32:00+00:00,2024-02-23 00:33:00+00:00,target,0.16923480276561373,0.2185974516119805,"simulated minute opens; intrabar exits only known within minute, not actual exchange fills"
905,1515.0,2181602.0,2181853.0,1.0,0.518,2926.14,2939.4500000000003,2856.4634692190857,2940.0436323793733,0.75787026,0.7613175500000001,0.0,6.894580000000207,5.3753921899997295,7589.23919769615,7594.61458988615,0.19972232795879333,2.0,7578.660047436149,0.0,0.0,2024-02-24 00:00:00+00:00,2024-02-23 00:00:00+00:00,2024-02-24 00:01:00+00:00,58.22,0.03047374077320224,2923.35,2024-02-24 00:02:00+00:00,2024-02-24 04:13:00+00:00,2024-02-24 04:14:00+00:00,target,0.14893400810423255,0.19954541685048904,"simulated minute opens; intrabar exits only known within minute, not actual exchange fills"
906,1516.0,2183042.0,2183155.0,1.0,0.498,2996.09,3011.42,2923.449946127399,3012.029407331247,0.74602641,0.74984358,0.0,7.6343399999999635,6.138470009999764,7594.61458988615,7600.753059896149,0.19646195370953873,2.0,7588.413877510489,0.0,0.0,2024-02-25 00:00:00+00:00,2024-02-24 00:00:00+00:00,2024-02-25 00:01:00+00:00,60.27,0.03154675981451218,2994.39,2024-02-25 00:02:00+00:00,2024-02-25 01:55:00+00:00,2024-02-25 01:56:00+00:00,target,0.16968937029724346,0.2194300042673708,"simulated minute opens; intrabar exits only known within minute, not actual exchange fills"
907,1517.0,2184482.0,2184514.0,1.0,0.47500000000000003,3114.35,3133.96,3038.045799100691,3134.596143027141,0.739658125,0.7443155,0.0,9.31475000000006,7.8307763750008235,7600.753059896149,7608.58383627115,0.1946275899693829,2.0,7595.70040177115,0.0,0.0,2024-02-26 00:00:00+00:00,2024-02-25 00:00:00+00:00,2024-02-26 00:01:00+00:00,63.16,0.033059454950797894,3115.24,2024-02-26 00:02:00+00:00,2024-02-26 00:34:00+00:00,2024-02-26 00:35:00+00:00,target,0.21605422513704692,0.26533457907327845,"simulated minute opens; intrabar exits only known within minute, not actual exchange fills"
908,1518.0,2185922.0,2186024.0,1.0,0.466,3179.62,3197.2200000000003,3101.7692017540317,3197.8613001742146,0.74085146,0.7449522600000001,0.0,8.20160000000017,6.715796280000177,7608.58383627115,7615.29963255115,0.1947409599321915,2.0,7602.56320481115,0.0,0.0,2024-02-27 00:00:00+00:00,2024-02-26 00:00:00+00:00,2024-02-27 00:01:00+00:00,61.4,0.032138228847039124,3178.6,2024-02-27 00:02:00+00:00,2024-02-27 01:44:00+00:00,2024-02-27 01:45:00+00:00,target,0.1851179477244054,0.23431102294650452,"simulated minute opens; intrabar exits only known within minute, not actual exchange fills"
909,1519.0,2187362.0,2187621.0,1.0,0.447,3246.54,3264.4700000000003,3165.3378743088438,3265.1297390616955,0.72560169,0.729609045,0.0,8.01471000000013,6.5594992650003405,7615.29963255115,7621.859131816151,0.19056418657473653,2.0,7608.54400086115,0.0,0.0,2024-02-28 00:00:00+00:00,2024-02-27 00:00:00+00:00,2024-02-28 00:01:00+00:00,62.53,0.03272969787956606,3244.98,2024-02-28 00:02:00+00:00,2024-02-28 04:21:00+00:00,2024-02-28 04:22:00+00:00,target,0.18071565091551509,0.22893168009418513,"simulated minute opens; intrabar exits only known within minute, not actual exchange fills"
910,1520.0,2188802.0,2188818.0,1.0,0.41600000000000004,3383.51,3409.67,3295.974581155428,3410.3617187132545,0.7037700800000002,0.7092113600000002,0.0,10.882559999999941,9.469578559999718,7621.859131816151,7631.32871037615,0.1846715001756545,2.0,7619.14837131279,0.0,0.0,2024-02-29 00:00:00+00:00,2024-02-28 00:00:00+00:00,2024-02-29 00:01:00+00:00,68.25,0.035723682716782085,3387.07,2024-02-29 00:02:00+00:00,2024-02-29 00:18:00+00:00,2024-02-29 00:19:00+00:00,target,0.2600479931491276,0.3067526158860584,"simulated minute opens; intrabar exits only known within minute, not actual exchange fills"
911,1521.0,2190242.0,2190257.0,1.0,0.388,3348.44,3365.27,3254.281379883822,3365.9480870488046,0.64959736,0.6528623800000001,0.0,6.530039999999972,5.2275802599997405,7631.32871037615,7636.55629063615,0.1702448904125324,2.0,7628.49501251615,0.0,0.0,2024-03-01 00:00:00+00:00,2024-02-29 00:00:00+00:00,2024-03-01 00:01:00+00:00,67.36,0.035257835425676794,3343.15,2024-03-01 00:02:00+00:00,2024-03-01 00:17:00+00:00,2024-03-01 00:18:00+00:00,target,0.14308987306075027,0.1859424769309715,"simulated minute opens; intrabar exits only known within minute, not actual exchange fills"
912,1522.0,2191682.0,2191712.0,1.0,0.406,3433.27,3458.91,3343.507537205073,3459.6027882394415,0.6969538100000001,0.70215873,0.0,10.40983999999995,9.010727459999543,7636.55629063615,7645.56701809615,0.1825309166789214,2.0,7634.58855682615,0.0,0.0,2024-03-02 00:00:00+00:00,2024-03-01 00:00:00+00:00,2024-03-02 00:01:00+00:00,68.17,0.03568180880297487,3435.82,2024-03-02 00:02:00+00:00,2024-03-02 00:32:00+00:00,2024-03-02 00:33:00+00:00,target,0.24725157163639164,0.2933608038317955,"simulated minute opens; intrabar exits only known within minute, not actual exchange fills"
913,1523.0,2193122.0,2193389.0,1.0,0.4,3424.05,3447.51,3332.721208854223,3448.2081814364597,0.68481,0.6895020000000001,0.0,9.384000000000015,8.009688000000097,7645.56701809615,7653.57670609615,0.17913910070479694,2.0,7640.1302080961495,0.0,0.0,2024-03-03 00:00:00+00:00,2024-03-02 00:00:00+00:00,2024-03-03 00:01:00+00:00,68.27,0.03573415119523389,3424.43,2024-03-03 00:02:00+00:00,2024-03-03 04:29:00+00:00,2024-03-03 04:30:00+00:00,target,0.21925418861657703,0.26451879120899147,"simulated minute opens; intrabar exits only known within minute, not actual exchange fills"
914,1524.0,2194562.0,2194587.0,1.0,0.363,3490.7000000000003,3517.82,3389.5358708849853,3518.5262089552602,0.63356205,0.63848433,0.0,9.84455999999996,8.572513619999881,7653.57670609615,7662.14921971615,0.16555973091518414,2.0,7650.36947404615,0.0,0.0,2024-03-04 00:00:00+00:00,2024-03-03 00:00:00+00:00,2024-03-04 00:01:00+00:00,75.07,0.039293433868847344,3491.77,2024-03-04 00:02:00+00:00,2024-03-04 00:27:00+00:00,2024-03-04 00:28:00+00:00,target,0.23343985863952435,0.275060035594474,"simulated minute opens; intrabar exits only known within minute, not actual exchange fills"
915,1525.0,2196002.0,2196101.0,1.0,0.381,3626.03,3657.17,3529.940061509539,3657.902618497654,0.6907587150000001,0.696690885,0.0,11.864339999999952,10.47689040000023,7662.14921971615,7672.62611011615,0.18030416667494495,2.0,7655.518671001149,0.0,0.0,2024-03-05 00:00:00+00:00,2024-03-04 00:00:00+00:00,2024-03-05 00:01:00+00:00,75.57,0.03955514583014245,3629.72,2024-03-05 00:02:00+00:00,2024-03-05 01:41:00+00:00,2024-03-05 01:42:00+00:00,target,0.28617356231038077,0.33169569049956305,"simulated minute opens; intrabar exits only known within minute, not actual exchange fills"
916,1526.0,2197442.0,2197461.0,1.0,0.339,3563.2000000000003,3582.9700000000003,3454.526439996145,3583.693231817739,0.6039624000000001,0.6073134150000001,0.0,6.702029999999994,5.4907541850006965,7672.62611011615,7678.116864301151,0.15743303305336148,2.0,7667.03206771615,0.0,0.0,2024-03-06 00:00:00+00:00,2024-03-05 00:00:00+00:00,2024-03-06 00:01:00+00:00,76.92,0.04026176812563924,3555.43,2024-03-06 00:02:00+00:00,2024-03-06 00:21:00+00:00,2024-03-06 00:22:00+00:00,target,0.14904191046495105,0.1885760604236386,"simulated minute opens; intrabar exits only known within minute, not actual exchange fills"
917,1527.0,2198882.0,2198922.0,1.0,0.321,3825.8,3853.05,3710.9197910613893,3853.827721713341,0.6140409000000001,0.618414525,0.0,8.747250000000001,7.514794575000451,7678.116864301151,7685.631658876151,0.1599457030551173,2.0,7668.7716234011505,0.0,0.0,2024-03-07 00:00:00+00:00,2024-03-06 00:00:00+00:00,2024-03-07 00:01:00+00:00,78.95,0.041324318688497376,3822.36,2024-03-07 00:02:00+00:00,2024-03-07 00:42:00+00:00,2024-03-07 00:43:00+00:00,target,0.20378248974557,0.24397345698002731,"simulated minute opens; intrabar exits only known within minute, not actual exchange fills"
918,1528.0,2200322.0,2200373.0,1.0,0.339,3873.23,3901.05,3764.5982422499974,3901.8386112244034,0.6565124850000001,0.6612279750000002,0.0,9.430980000000057,8.113239539999995,7685.631658876151,7693.744898416151,0.17084151677807577,2.0,7682.730966391151,0.0,0.0,2024-03-08 00:00:00+00:00,2024-03-07 00:00:00+00:00,2024-03-08 00:01:00+00:00,74.68,0.039089298539037164,3871.69,2024-03-08 00:02:00+00:00,2024-03-08 00:53:00+00:00,2024-03-08 00:54:00+00:00,target,0.22031181760933446,0.2633540303217885,"simulated minute opens; intrabar exits only known within minute, not actual exchange fills"
919,1529.0,2201762.0,2201894.0,1.0,0.336,3886.64,3916.29,3776.9263135346664,3917.081596427296,0.65295552,0.65793672,0.0,9.96240000000003,8.651507759999731,7693.744898416151,7702.396406176151,0.1697367221349953,2.0,7690.981862896151,0.0,0.0,2024-03-09 00:00:00+00:00,2024-03-08 00:00:00+00:00,2024-03-09 00:01:00+00:00,76.24,0.03990583985827789,3886.04,2024-03-09 00:02:00+00:00,2024-03-09 02:14:00+00:00,2024-03-09 02:15:00+00:00,target,0.23468844981464582,0.2774639829180738,"simulated minute opens; intrabar exits only known within minute, not actual exchange fills"
920,1530.0,2203202.0,2203276.0,1.0,0.338,3908.48,3938.98,3799.2364863872062,3939.771346833645,0.6605331200000001,0.66568762,0.0,10.309000000000001,8.982779259999916,7702.396406176151,7711.379185436151,0.17151366540168017,2.0,7699.694353056151,0.0,0.0,2024-03-10 00:00:00+00:00,2024-03-09 00:00:00+00:00,2024-03-10 00:01:00+00:00,77.06,0.04033504747480187,3908.15,2024-03-10 00:02:00+00:00,2024-03-10 01:16:00+00:00,2024-03-10 01:17:00+00:00,target,0.2432754963758996,0.28643665695846393,"simulated minute opens; intrabar exits only known within minute, not actual exchange fills"
921,1531.0,2204642.0,2204692.0,1.0,0.328,3880.91,3767.2200000000003,3767.9827339501244,3913.690517543882,0.63646924,0.6178240800000001,0.0,-37.29031999999987,-38.54461332000028,7711.379185436151,7672.83457211615,0.1650727385321804,1.0,7665.019277441671,0.0,0.0,2024-03-11 00:00:00+00:00,2024-03-10 00:00:00+00:00,2024-03-11 00:01:00+00:00,80.39,0.042078049137027285,3881.22,2024-03-11 00:02:00+00:00,2024-03-11 00:52:00+00:00,2024-03-11 00:53:00+00:00,stop,-1.0406172850062585,0.29027991813247495,"simulated minute opens; intrabar exits only known within minute, not actual exchange fills"
922,1532.0,2206082.0,2207060.0,1.0,0.28400000000000003,4074.92,3944.3,3945.0943240338497,4106.877683790313,0.5786386400000001,0.5600906000000001,0.9773142299473208,-37.09607999999997,-39.21212346994707,7672.83457211615,7633.622448646203,0.15082786799622422,1.0,7633.622448646203,0.0,0.0,2024-03-12 00:00:00+00:00,2024-03-11 00:00:00+00:00,2024-03-12 00:01:00+00:00,85.18,0.04458524972623441,4070.52,2024-03-12 00:02:00+00:00,2024-03-12 16:20:00+00:00,2024-03-12 16:21:00+00:00,stop,-1.0635096352168847,0.24615842399808197,"simulated minute opens; intrabar exits only known within minute, not actual exchange fills"
923,1533.0,2207522.0,2207610.0,1.0,0.34400000000000003,3982.2200000000003,4014.39,3876.2194835482137,4015.198843327459,0.6849418400000001,0.69047508,0.0,11.066479999999869,9.691063080000276,7633.622448646203,7643.313511726204,0.17945394722042407,2.0,7631.334466806204,0.0,0.0,2024-03-13 00:00:00+00:00,2024-03-12 00:00:00+00:00,2024-03-13 00:01:00+00:00,74.43,0.038958442558389615,3984.18,2024-03-13 00:02:00+00:00,2024-03-13 01:30:00+00:00,2024-03-13 01:31:00+00:00,target,0.26576941266898885,0.3111196476335947,"simulated minute opens; intrabar exits only known within minute, not actual exchange fills"
924,1534.0,2208962.0,2209775.0,1.0,0.327,4013.63,3900.84,3901.624691036213,4039.655988038673,0.6562285050000001,0.6377873400000001,0.6532849639785001,-36.88232999999999,-38.829630808979346,7643.313511726204,7604.483880917224,0.17171309380237476,1.0,7604.483880917224,0.0,0.0,2024-03-14 00:00:00+00:00,2024-03-13 00:00:00+00:00,2024-03-14 00:01:00+00:00,73.39,0.03841408167889578,4008.76,2024-03-14 00:02:00+00:00,2024-03-14 13:35:00+00:00,2024-03-14 13:36:00+00:00,stop,-1.0601733921728156,0.23236387881477555,"simulated minute opens; intrabar exits only known within minute, not actual exchange fills"
925,1535.0,2210402.0,2210425.0,1.0,0.332,3891.16,3913.65,3781.293155927387,3914.433534881248,0.64593256,0.6496659000000001,0.0,7.466680000000079,6.171081540000159,7604.483880917224,7610.654962457224,0.16988202489873383,2.0,7597.831040339144,0.0,0.0,2024-03-15 00:00:00+00:00,2024-03-14 00:00:00+00:00,2024-03-15 00:01:00+00:00,72.33,0.03785925232095016,3884.99,2024-03-15 00:02:00+00:00,2024-03-15 00:25:00+00:00,2024-03-15 00:26:00+00:00,target,0.16918293373126864,0.21183401669266236,"simulated minute opens; intrabar exits only known within minute, not actual exchange fills"
926,1536.0,2211842.0,2211873.0,1.0,0.361,3740.85,3773.92,3639.885343153395,3774.67970688731,0.6752234249999999,0.68119256,0.0,11.938270000000058,10.581854015000317,7610.654962457224,7621.236816472225,0.17744160741245665,2.0,7609.304669032224,0.0,0.0,2024-03-16 00:00:00+00:00,2024-03-15 00:00:00+00:00,2024-03-16 00:01:00+00:00,75.54,0.039539443112464746,3745.0,2024-03-16 00:02:00+00:00,2024-03-16 00:33:00+00:00,2024-03-16 00:34:00+00:00,target,0.29032550513726146,0.33506484292525796,"simulated minute opens; intrabar exits only known within minute, not actual exchange fills"
927,1537.0,2213282.0,2213283.0,1.0,0.316,3537.51,3553.55,3421.3528641620624,3554.264944251806,0.5589265800000001,0.5614609,0.0,5.068639999999989,3.9482525200000964,7621.236816472225,7625.185068992225,0.1466760824941063,2.0,7620.093289892225,0.0,0.0,2024-03-17 00:00:00+00:00,2024-03-16 00:00:00+00:00,2024-03-17 00:01:00+00:00,78.79,0.041240570860882945,3525.58,2024-03-17 00:02:00+00:00,2024-03-17 00:03:00+00:00,2024-03-17 00:04:00+00:00,target,0.10756523832881484,0.14424377917842376,"simulated minute opens; intrabar exits only known within minute, not actual exchange fills"
928,1538.0,2214722.0,2215546.0,1.0,0.385,3639.06,3543.81,3544.520407389441,3675.4263822489825,0.70051905,0.6821834250000001,0.368740108430622,-36.67125,-38.422692583430944,7625.185068992225,7586.762376408794,0.1837382420654043,1.0,7586.762376408794,0.0,0.0,2024-03-18 00:00:00+00:00,2024-03-17 00:00:00+00:00,2024-03-18 00:01:00+00:00,75.04,0.03927773115116964,3646.99,2024-03-18 00:02:00+00:00,2024-03-18 13:46:00+00:00,2024-03-18 13:47:00+00:00,stop,-1.0556339281734828,0.38466827754153926,"simulated minute opens; intrabar exits only known within minute, not actual exchange fills"
929,1539.0,2216162.0,2216180.0,1.0,0.355,3527.56,3550.09,3424.9940063381287,3550.802144668845,0.6261419,0.630140975,0.0,7.998150000000071,6.7418671249997715,7586.762376408794,7593.504243533794,0.1650616874325739,2.0,7585.0003555318435,0.0,0.0,2024-03-19 00:00:00+00:00,2024-03-18 00:00:00+00:00,2024-03-19 00:01:00+00:00,75.13,0.039324839304202754,3523.43,2024-03-19 00:02:00+00:00,2024-03-19 00:20:00+00:00,2024-03-19 00:21:00+00:00,target,0.18516054222228326,0.2266067323002515,"simulated minute opens; intrabar exits only known within minute, not actual exchange fills"
930,1540.0,2217602.0,2217618.0,1.0,0.323,3176.94,3187.31,3063.2789916826923,3187.9481315842017,0.51307581,0.514750565,0.0,3.349509999999965,2.321683624999423,7593.504243533794,7595.825927158793,0.13513545091830478,2.0,7586.934917723794,0.0,0.0,2024-03-20 00:00:00+00:00,2024-03-19 00:00:00+00:00,2024-03-20 00:01:00+00:00,82.45,0.043156302417563124,3161.0,2024-03-20 00:02:00+00:00,2024-03-20 00:18:00+00:00,2024-03-20 00:19:00+00:00,target,0.06323958502929874,0.09685055365222753,"simulated minute opens; intrabar exits only known within minute, not actual exchange fills"
931,1541.0,2219042.0,2219082.0,1.0,0.378,3510.17,3545.89,3414.083089195559,3546.607313350737,0.66342213,0.67017321,0.0,13.502159999999925,12.168564659999902,7595.825927158793,7607.994491818793,0.17468070921107906,2.0,7590.087858869273,0.0,0.0,2024-03-21 00:00:00+00:00,2024-03-20 00:00:00+00:00,2024-03-21 00:01:00+00:00,78.17,0.04091604802887701,3517.8,2024-03-21 00:02:00+00:00,2024-03-21 00:42:00+00:00,2024-03-21 00:43:00+00:00,target,0.33502971144027865,0.37921203882696597,"simulated minute opens; intrabar exits only known within minute, not actual exchange fills"
932,1542.0,2220482.0,2220707.0,1.0,0.354,3495.28,3523.03,3392.1017518020885,3523.7397563966247,0.61866456,0.62357631,0.0,9.8235,8.581259130000035,7607.994491818793,7616.575750948793,0.16263538588658993,2.0,7593.665407258793,0.0,0.0,2024-03-22 00:00:00+00:00,2024-03-21 00:00:00+00:00,2024-03-22 00:01:00+00:00,78.0,0.040827065962036675,3495.16,2024-03-22 00:02:00+00:00,2024-03-22 03:47:00+00:00,2024-03-22 03:48:00+00:00,target,0.23494142828925,0.275830971098039,"simulated minute opens; intrabar exits only known within minute, not actual exchange fills"
933,1543.0,2221922.0,2222349.0,1.0,0.40900000000000003,3330.69,3365.13,3241.5751722744008,3365.8081948139625,0.681126105,0.6881690850000001,0.0,14.085960000000023,12.716664810000111,7616.575750948793,7629.292415758793,0.17885362852595604,2.0,7591.775894843793,0.0,0.0,2024-03-23 00:00:00+00:00,2024-03-22 00:00:00+00:00,2024-03-23 00:01:00+00:00,76.56,0.040073335513506766,3339.0,2024-03-23 00:02:00+00:00,2024-03-23 07:09:00+00:00,2024-03-23 07:10:00+00:00,target,0.3488991764169532,0.3940780194525843,"simulated minute opens; intrabar exits only known within minute, not actual exchange fills"
934,1544.0,2223362.0,2223393.0,1.0,0.339,3340.7400000000002,3357.51,3232.254151504049,3358.1887080296187,0.56625543,0.5690979450000001,0.0,5.685029999999994,4.549676624999847,7629.292415758793,7633.842092383793,0.1484424502671737,2.0,7625.512440328794,0.0,0.0,2024-03-24 00:00:00+00:00,2024-03-23 00:00:00+00:00,2024-03-24 00:01:00+00:00,77.85,0.04074855237364814,3330.96,2024-03-24 00:02:00+00:00,2024-03-24 00:33:00+00:00,2024-03-24 00:34:00+00:00,target,0.12371083589303733,0.1608385634765043,"simulated minute opens; intrabar exits only known within minute, not actual exchange fills"
935,1545.0,2224802.0,2225091.0,1.0,0.392,3451.17,3483.85,3357.9626670948496,3484.5562430449713,0.6764293200000001,0.6828346000000001,0.0,12.810559999999937,11.451296079999338,7633.842092383793,7645.293388463792,0.17721857796216842,2.0,7621.868223063792,0.0,0.0,2024-03-25 00:00:00+00:00,2024-03-24 00:00:00+00:00,2024-03-25 00:01:00+00:00,75.67,0.039607488222401475,3457.16,2024-03-25 00:02:00+00:00,2024-03-25 04:51:00+00:00,2024-03-25 04:52:00+00:00,target,0.3134140747244156,0.3581933095215344,"simulated minute opens; intrabar exits only known within minute, not actual exchange fills"
936,1546.0,2226242.0,2226317.0,1.0,0.356,3590.21,3621.51,3487.359522745786,3622.241898797579,0.63905738,0.64462878,0.0,11.142800000000065,9.859113839999736,7645.293388463792,7655.152502303792,0.16717667917474363,2.0,7642.447131083793,0.0,0.0,2024-03-26 00:00:00+00:00,2024-03-25 00:00:00+00:00,2024-03-26 00:01:00+00:00,77.54,0.040586290957645176,3592.94,2024-03-26 00:02:00+00:00,2024-03-26 01:17:00+00:00,2024-03-26 01:18:00+00:00,target,0.2692660329766678,0.3114414211069338,"simulated minute opens; intrabar exits only known within minute, not actual exchange fills"
937,1547.0,2227682.0,2227737.0,1.0,0.343,3590.03,3618.71,3482.958805195904,3619.442051452812,0.6156901450000001,0.6206087650000001,0.0,9.837239999999944,8.600941089999651,7655.152502303792,7663.753443393792,0.1608564022244391,2.0,7650.736372158792,0.0,0.0,2024-03-27 00:00:00+00:00,2024-03-26 00:00:00+00:00,2024-03-27 00:01:00+00:00,78.8,0.04124580510010884,3589.64,2024-03-27 00:02:00+00:00,2024-03-27 00:57:00+00:00,2024-03-27 00:58:00+00:00,target,0.23419585487841843,0.2746962103731613,"simulated minute opens; intrabar exits only known within minute, not actual exchange fills"
938,1548.0,2229122.0,2229139.0,1.0,0.362,3501.31,3533.6800000000003,3399.6363247829677,3534.387451573065,0.6337371099999999,0.63959608,0.0,11.717940000000125,10.44460681000055,7663.753443393792,7674.198050203792,0.16538556848962455,2.0,7662.812006283792,0.0,0.0,2024-03-28 00:00:00+00:00,2024-03-27 00:00:00+00:00,2024-03-28 00:01:00+00:00,79.35,0.04153368825753346,3504.99,2024-03-28 00:02:00+00:00,2024-03-28 00:19:00+00:00,2024-03-28 00:20:00+00:00,target,0.283775568635766,0.3253295555851402,"simulated minute opens; intrabar exits only known within minute, not actual exchange fills"
939,1549.0,2230562.0,2231999.0,1.0,0.339,3565.21,3512.06,3456.330258947935,3594.4235363365974,0.6043030950000001,0.5952941700000001,0.8037258371123386,-18.01785000000003,-20.021173102112698,7674.198050203792,7654.17687710168,0.1574895750791713,3.0,7642.37833127168,0.0,0.0,2024-03-29 00:00:00+00:00,2024-03-28 00:00:00+00:00,2024-03-29 00:01:00+00:00,80.41,0.04208851761547908,3563.99,2024-03-29 00:02:00+00:00,2024-03-29 23:59:00+00:00,2024-03-29 23:59:00+00:00,scheduled_23_59_exit,-0.5424288036064215,0.26831011953479733,"simulated minute opens; intrabar exits only known within minute, not actual exchange fills"
940,1550.0,2232002.0,2232678.0,1.0,0.358,3512.1800000000003,3541.27,3409.5665945181963,3541.9864438938093,0.6286802200000001,0.6338873300000001,0.31097574148892815,10.414219999999888,8.840676708510728,7654.17687710168,7663.01755381019,0.16427115027371963,2.0,7645.27481688168,0.0,0.0,2024-03-30 00:00:00+00:00,2024-03-29 00:00:00+00:00,2024-03-30 00:01:00+00:00,79.11,0.041408066516111806,3512.46,2024-03-30 00:02:00+00:00,2024-03-30 11:18:00+00:00,2024-03-30 11:19:00+00:00,target,0.24065693523623743,0.2904731964976497,"simulated minute opens; intrabar exits only known within minute, not actual exchange fills"
941,1551.0,2233442.0,2233572.0,1.0,0.353,3509.44,3537.31,3405.121462776405,3538.021604941425,0.61941616,0.624335215,0.0,9.838109999999961,8.594358625000496,7663.01755381019,7671.611912435191,0.16166377165403076,2.0,7661.678017650191,0.0,0.0,2024-03-31 00:00:00+00:00,2024-03-30 00:00:00+00:00,2024-03-31 00:01:00+00:00,79.64,0.04168548119508462,3508.66,2024-03-31 00:02:00+00:00,2024-03-31 02:12:00+00:00,2024-03-31 02:13:00+00:00,target,0.2333873312258703,0.273983950524185,"simulated minute opens; intrabar exits only known within minute, not actual exchange fills"
942,1552.0,2234882.0,2235228.0,1.0,0.34900000000000003,3645.03,3538.83,3539.5425168820357,3679.892102330889,0.6360577350000001,0.617525835,0.0,-37.0638000000001,-38.31738356999995,7671.611912435191,7633.294528865191,0.16582114482850502,1.0,7631.088086973761,0.0,0.0,2024-04-01 00:00:00+00:00,2024-03-31 00:00:00+00:00,2024-04-01 00:01:00+00:00,81.02,0.04240780620825911,3648.79,2024-04-01 00:02:00+00:00,2024-04-01 05:48:00+00:00,2024-04-01 05:49:00+00:00,stop,-1.0408052856586003,0.33048567754624675,"simulated minute opens; intrabar exits only known within minute, not actual exchange fills"
943,1553.0,2236322.0,2236477.0,1.0,0.353,3507.15,3402.7400000000002,3403.4297814666525,3535.3371377275193,0.619011975,0.60058361,0.0,-36.85672999999995,-38.07632558499972,7633.294528865191,7595.218203280191,0.16218736815649268,1.0,7582.888366878131,0.0,0.0,2024-04-02 00:00:00+00:00,2024-04-01 00:00:00+00:00,2024-04-02 00:01:00+00:00,78.68,0.04118299422939802,3506.52,2024-04-02 00:02:00+00:00,2024-04-02 02:37:00+00:00,2024-04-02 02:38:00+00:00,stop,-1.039960641476271,0.2717612643522985,"simulated minute opens; intrabar exits only known within minute, not actual exchange fills"
944,1554.0,2237762.0,2237881.0,1.0,0.366,3284.27,3306.57,3184.426340752334,3307.2410570435386,0.60102141,0.60510231,0.0,8.161800000000067,6.955676280000262,7595.218203280191,7602.173879560191,0.15826310552616732,2.0,7565.110261870192,0.0,0.0,2024-04-03 00:00:00+00:00,2024-04-02 00:00:00+00:00,2024-04-03 00:01:00+00:00,77.7,0.040670038785259606,3280.76,2024-04-03 00:02:00+00:00,2024-04-03 02:01:00+00:00,2024-04-03 02:02:00+00:00,target,0.190343384279007,0.23007026401704733,"simulated minute opens; intrabar exits only known within minute, not actual exchange fills"
945,1555.0,2239202.0,2239744.0,1.0,0.403,3308.37,3338.79,3218.0164106301672,3339.4675768284324,0.6666365550000001,0.6727661850000001,0.13398351620547402,12.25926000000003,10.785873743794582,7602.173879560191,7612.959753303986,0.1753805070921548,2.0,7579.112533005192,0.0,0.0,2024-04-04 00:00:00+00:00,2024-04-03 00:00:00+00:00,2024-04-04 00:01:00+00:00,75.93,0.039743578442274934,3313.29,2024-04-04 00:02:00+00:00,2024-04-04 09:04:00+00:00,2024-04-04 09:05:00+00:00,target,0.2962135194175043,0.3441764410835388,"simulated minute opens; intrabar exits only known within minute, not actual exchange fills"
946,1556.0,2240642.0,2241362.0,1.0,0.40700000000000003,3325.65,3235.4500000000003,3236.103206673842,3355.5477669501806,0.6767697750000001,0.6584140750000002,0.133869626,-36.71139999999993,-38.180453476000366,7612.959753303986,7574.779299827986,0.1777941292035034,1.0,7574.779299827986,0.0,0.0,2024-04-05 00:00:00+00:00,2024-04-04 00:00:00+00:00,2024-04-05 00:01:00+00:00,74.3,0.03889039744845288,3329.65,2024-04-05 00:02:00+00:00,2024-04-05 12:02:00+00:00,2024-04-05 12:03:00+00:00,stop,-1.0476027618132222,0.3338787000588993,"simulated minute opens; intrabar exits only known within minute, not actual exchange fills"
947,1557.0,2242082.0,2242282.0,1.0,0.398,3319.13,3344.1,3227.996747704598,3344.778577828717,0.6605068700000001,0.6654759,0.0,9.93805999999992,8.612077230000068,7574.779299827986,7583.391377057986,0.1743963339011077,2.0,7569.8522329579855,0.0,0.0,2024-04-06 00:00:00+00:00,2024-04-05 00:00:00+00:00,2024-04-06 00:01:00+00:00,72.91,0.038162838196052484,3319.66,2024-04-06 00:02:00+00:00,2024-04-06 03:22:00+00:00,2024-04-06 03:23:00+00:00,target,0.23743676929098106,0.2814403873745102,"simulated minute opens; intrabar exits only known within minute, not actual exchange fills"
948,1558.0,2243522.0,2243597.0,1.0,0.382,3356.76,3377.6,3261.486707214007,3378.2847842614337,0.64114116,0.6451216,0.0,7.960879999999882,6.674617239999861,7583.391377057986,7590.0659942979855,0.16909087982446552,2.0,7578.456555897986,0.0,0.0,2024-04-07 00:00:00+00:00,2024-04-06 00:00:00+00:00,2024-04-07 00:01:00+00:00,72.29,0.037838315364046554,3353.15,2024-04-07 00:02:00+00:00,2024-04-07 01:17:00+00:00,2024-04-07 01:18:00+00:00,target,0.18339683125309603,0.22592673803962401,"simulated minute opens; intrabar exits only known within minute, not actual exchange fills"
949,1559.0,2244962.0,2245442.0,1.0,0.377,3450.06,3483.78,3353.507588020046,3484.485956081458,0.65033631,0.65669253,0.13101802084098,12.712440000000097,11.274393139158747,7590.0659942979855,7601.340387437144,0.17136512659799355,2.0,7574.062522211825,0.0,0.0,2024-04-08 00:00:00+00:00,2024-04-07 00:00:00+00:00,2024-04-08 00:01:00+00:00,79.16,0.04143423771224132,3455.99,2024-04-08 00:02:00+00:00,2024-04-08 08:02:00+00:00,2024-04-08 08:03:00+00:00,target,0.3097338686833453,0.35655200502505857,"simulated minute opens; intrabar exits only known within minute, not actual exchange fills"
950,1560.0,2246402.0,2246437.0,1.0,0.317,3703.94,3727.84,3588.5402344706777,3728.5903236146655,0.58707449,0.5908626400000001,0.0,7.576300000000029,6.398362869999801,7601.340387437144,7607.738750307144,0.1544660441651231,2.0,7596.369202947144,0.0,0.0,2024-04-09 00:00:00+00:00,2024-04-08 00:00:00+00:00,2024-04-09 00:01:00+00:00,79.57,0.041648841520503306,3697.6,2024-04-09 00:02:00+00:00,2024-04-09 00:37:00+00:00,2024-04-09 00:38:00+00:00,target,0.17490598795775464,0.21360809098352948,"simulated minute opens; intrabar exits only known within minute, not actual exchange fills"
951,1561.0,2247842.0,2247963.0,1.0,0.367,3506.98,3536.02,3407.618065087852,3536.734210929232,0.64353083,0.64885967,0.0,10.657679999999987,9.365289500000472,7607.738750307144,7617.1040398071445,0.16917795185172968,2.0,7595.725559477144,0.0,0.0,2024-04-10 00:00:00+00:00,2024-04-09 00:00:00+00:00,2024-04-10 00:01:00+00:00,76.76,0.04017802029802481,3508.45,2024-04-10 00:02:00+00:00,2024-04-10 02:03:00+00:00,2024-04-10 02:04:00+00:00,target,0.25682370238224245,0.29945281314760663,"simulated minute opens; intrabar exits only known within minute, not actual exchange fills"
952,1562.0,2249282.0,2249446.0,1.0,0.396,3540.75,3574.54,3448.911720067151,3575.2649540784355,0.7010685000000001,0.70775892,0.0,13.380839999999987,11.97201258000041,7617.1040398071445,7629.076052387145,0.18407743844279964,2.0,7610.668891307145,0.0,0.0,2024-04-11 00:00:00+00:00,2024-04-10 00:00:00+00:00,2024-04-11 00:01:00+00:00,74.05,0.038759541467805324,3547.64,2024-04-11 00:02:00+00:00,2024-04-11 02:46:00+00:00,2024-04-11 02:47:00+00:00,target,0.32919121549430674,0.37582317638867274,"simulated minute opens; intrabar exits only known within minute, not actual exchange fills"
953,1563.0,2250722.0,2250869.0,1.0,0.38,3506.4700000000003,3530.16,3410.2481828823547,3530.869406033028,0.6662293000000001,0.6707304000000001,0.0,9.002199999999847,7.665240299999823,7629.076052387145,7636.741292687145,0.174655304371107,2.0,7627.364823087145,0.0,0.0,2024-04-12 00:00:00+00:00,2024-04-11 00:00:00+00:00,2024-04-12 00:01:00+00:00,71.64,0.037498089814362916,3504.43,2024-04-12 00:02:00+00:00,2024-04-12 02:29:00+00:00,2024-04-12 02:30:00+00:00,target,0.20963733178450206,0.2535745713801677,"simulated minute opens; intrabar exits only known within minute, not actual exchange fills"
954,1564.0,2252162.0,2252271.0,1.0,0.456,3231.87,3151.36,3151.992559338145,3262.0068485995753,0.73686636,0.71851008,0.0,-36.7125599999999,-38.16793643999972,7636.741292687145,7598.573356247145,0.1929792647829028,1.0,7598.573356247145,0.0,0.0,2024-04-13 00:00:00+00:00,2024-04-12 00:00:00+00:00,2024-04-13 00:01:00+00:00,69.61,0.03643553925150478,3238.3,2024-04-13 00:02:00+00:00,2024-04-13 01:51:00+00:00,2024-04-13 01:52:00+00:00,stop,-1.0478755241336948,0.37728861052463686,"simulated minute opens; intrabar exits only known within minute, not actual exchange fills"
955,1565.0,2253602.0,2253625.0,1.0,0.34800000000000003,3016.38,2910.4500000000003,2911.0337514242515,3030.8574107364025,0.5248501200000001,0.5064183000000001,0.0,-36.86363999999995,-37.89490842000032,7598.573356247145,7560.678447827145,0.13814438458200737,1.0,7560.678447827145,0.0,0.0,2024-04-14 00:00:00+00:00,2024-04-13 00:00:00+00:00,2024-04-14 00:01:00+00:00,80.22,0.041989067070186945,3005.46,2024-04-14 00:02:00+00:00,2024-04-14 00:25:00+00:00,2024-04-14 00:26:00+00:00,stop,-1.033671502044059,0.1374269224783307,"simulated minute opens; intrabar exits only known within minute, not actual exchange fills"
956,1566.0,2255042.0,2255412.0,1.0,0.438,3141.4500000000003,3177.7400000000002,3058.960043797117,3178.3807908786675,0.68797755,0.6959250600000001,0.0,15.895019999999985,14.511117389999526,7560.678447827145,7575.189565217144,0.18198831090289713,2.0,7541.8994012299645,0.0,0.0,2024-04-15 00:00:00+00:00,2024-04-14 00:00:00+00:00,2024-04-15 00:01:00+00:00,75.99,0.039774983877630336,3153.16,2024-04-15 00:02:00+00:00,2024-04-15 06:12:00+00:00,2024-04-15 06:13:00+00:00,target,0.40162956225258567,0.44770045443879725,"simulated minute opens; intrabar exits only known within minute, not actual exchange fills"
957,1567.0,2256482.0,2256765.0,1.0,0.426,3095.05,3009.2400000000002,3009.850741796406,3124.6779128153853,0.6592456500000001,0.64096812,0.0,-36.555059999999976,-37.85527377000017,7575.189565217144,7537.334291447144,0.17405390170750207,1.0,7533.851579567144,0.0,0.0,2024-04-16 00:00:00+00:00,2024-04-15 00:00:00+00:00,2024-04-16 00:01:00+00:00,74.04,0.03875430722857943,3100.75,2024-04-16 00:02:00+00:00,2024-04-16 04:45:00+00:00,2024-04-16 04:46:00+00:00,stop,-1.0429920033769937,0.34774848326244306,"simulated minute opens; intrabar exits only known within minute, not actual exchange fills"
958,1568.0,2257922.0,2258194.0,1.0,0.397,3078.3,3107.1800000000003,2987.0614358102225,3107.8109280503186,0.6110425500000002,0.6167752300000001,0.0,11.465360000000043,10.23754222000025,7537.334291447144,7547.571833667144,0.16213757447201718,2.0,7532.297095897144,0.0,0.0,2024-04-17 00:00:00+00:00,2024-04-16 00:00:00+00:00,2024-04-17 00:01:00+00:00,78.08,0.040868939875843883,3082.85,2024-04-17 00:02:00+00:00,2024-04-17 04:34:00+00:00,2024-04-17 04:35:00+00:00,target,0.2826355305894854,0.3234479664644349,"simulated minute opens; intrabar exits only known within minute, not actual exchange fills"
959,1569.0,2259362.0,2259427.0,1.0,0.40800000000000003,2979.32,3006.5,2890.573810999467,3007.101495042999,0.6077812800000001,0.613326,0.0,11.089439999999934,9.868332719999671,7547.571833667144,7557.440166387144,0.16105346021057926,2.0,7535.6252749334635,0.0,0.0,2024-04-18 00:00:00+00:00,2024-04-17 00:00:00+00:00,2024-04-18 00:01:00+00:00,77.39,0.04050777736925664,2983.25,2024-04-18 00:02:00+00:00,2024-04-18 01:07:00+00:00,2024-04-18 01:08:00+00:00,target,0.27254229474410246,0.31304437244997463,"simulated minute opens; intrabar exits only known within minute, not actual exchange fills"
960,1570.0,2260802.0,2260896.0,1.0,0.40700000000000003,3060.27,2970.58,2971.176566104884,3086.0155255681784,0.622764945,0.6045130300000001,0.0,-36.50383000000002,-37.73110797500067,7557.440166387144,7519.709058412143,0.16480843547259325,1.0,7518.8565114421435,0.0,0.0,2024-04-19 00:00:00+00:00,2024-04-18 00:00:00+00:00,2024-04-19 00:01:00+00:00,74.44,0.03896367679761551,3062.85,2024-04-19 00:02:00+00:00,2024-04-19 01:36:00+00:00,2024-04-19 01:37:00+00:00,stop,-1.0405416083651882,0.2889721996627381,"simulated minute opens; intrabar exits only known within minute, not actual exchange fills"
961,1571.0,2262242.0,2263176.0,1.0,0.405,3051.7200000000003,3077.9300000000003,2962.5858879136745,3078.5545252123584,0.6179733000000002,0.623280825,0.029567475441,10.615050000000016,9.344228399559142,7519.709058412143,7529.0532868117025,0.16436096003174117,2.0,7505.321431816444,0.0,0.0,2024-04-20 00:00:00+00:00,2024-04-19 00:00:00+00:00,2024-04-20 00:01:00+00:00,76.06,0.03981162355221166,3054.91,2024-04-20 00:02:00+00:00,2024-04-20 15:36:00+00:00,2024-04-20 15:37:00+00:00,target,0.25884780077749703,0.301057861959393,"simulated minute opens; intrabar exits only known within minute, not actual exchange fills"
962,1572.0,2263682.0,2263829.0,1.0,0.423,3145.08,3177.98,3059.9895285137927,3178.6166697651406,0.66518442,0.6721427699999999,0.0,13.916700000000038,12.579372810000677,7529.0532868117025,7541.632659621703,0.17669802421645042,2.0,7520.247698117053,0.0,0.0,2024-04-21 00:00:00+00:00,2024-04-20 00:00:00+00:00,2024-04-21 00:01:00+00:00,75.39,0.03946092952407621,3154.31,2024-04-21 00:02:00+00:00,2024-04-21 02:29:00+00:00,2024-04-21 02:30:00+00:00,target,0.34949236360527247,0.3941295562168419,"simulated minute opens; intrabar exits only known within minute, not actual exchange fills"
963,1573.0,2265122.0,2265200.0,1.0,0.386,3147.2200000000003,3169.08,3053.379126119847,3169.7213106753165,0.6074134600000001,0.6116324399999999,0.0,8.437959999999874,7.218914099999893,7541.632659621703,7548.851573721703,0.16108274889922009,2.0,7538.746211509603,0.0,0.0,2024-04-22 00:00:00+00:00,2024-04-21 00:00:00+00:00,2024-04-22 00:01:00+00:00,74.47,0.03897937951529322,3145.73,2024-04-22 00:02:00+00:00,2024-04-22 01:20:00+00:00,2024-04-22 01:21:00+00:00,target,0.1992932208185144,0.23978155514678345,"simulated minute opens; intrabar exits only known within minute, not actual exchange fills"
964,1574.0,2266562.0,2267406.0,1.0,0.394,3198.04,3222.35,3106.0287931368434,3222.9967593490264,0.63001388,0.63480295,0.014275818469200001,9.578139999999978,8.299047351531044,7548.851573721703,7557.150621073234,0.1669164836127234,2.0,7529.573539841704,0.0,0.0,2024-04-23 00:00:00+00:00,2024-04-22 00:00:00+00:00,2024-04-23 00:01:00+00:00,74.1,0.03878571266393484,3198.66,2024-04-23 00:02:00+00:00,2024-04-23 14:06:00+00:00,2024-04-23 14:07:00+00:00,target,0.228923983026626,0.271236083080003,"simulated minute opens; intrabar exits only known within minute, not actual exchange fills"
965,1575.0,2268002.0,2268100.0,1.0,0.391,3222.2200000000003,3240.37,3129.5458011941582,3241.0269039041796,0.6299440100000001,0.633492335,0.0,7.096649999999858,5.833213654999781,7557.150621073234,7562.983834728234,0.16671468959303026,2.0,7551.355686951654,0.0,0.0,2024-04-24 00:00:00+00:00,2024-04-23 00:00:00+00:00,2024-04-24 00:01:00+00:00,70.14,0.03671295393047759,3218.04,2024-04-24 00:02:00+00:00,2024-04-24 01:40:00+00:00,2024-04-24 01:41:00+00:00,target,0.16098013462468683,0.20293570536909517,"simulated minute opens; intrabar exits only known within minute, not actual exchange fills"
966,1576.0,2269442.0,2269506.0,1.0,0.425,3137.78,3160.62,3052.561450466682,3161.2582583749117,0.6667782500000001,0.67163175,0.0,9.706999999999868,8.36859000000004,7562.983834728234,7571.352424728234,0.17632676852705712,2.0,7562.006806478234,0.0,0.0,2024-04-25 00:00:00+00:00,2024-04-24 00:00:00+00:00,2024-04-25 00:01:00+00:00,69.89,0.036582097949830035,3138.84,2024-04-25 00:02:00+00:00,2024-04-25 01:06:00+00:00,2024-04-25 01:07:00+00:00,target,0.23106236972857053,0.2755064302723451,"simulated minute opens; intrabar exits only known within minute, not actual exchange fills"
967,1577.0,2270882.0,2272319.0,1.0,0.426,3156.23,3128.77,3071.135482932053,3176.0980496857155,0.67227699,0.66642801,0.11218440740547576,-11.697960000000014,-13.148849407405578,7571.352424728234,7558.203575320828,0.17758438711803345,3.0,7547.288254120449,0.0,0.0,2024-04-26 00:00:00+00:00,2024-04-25 00:00:00+00:00,2024-04-26 00:01:00+00:00,67.12,0.03513221368425515,3154.44,2024-04-26 00:02:00+00:00,2024-04-26 23:59:00+00:00,2024-04-26 23:59:00+00:00,scheduled_23_59_exit,-0.362724235860106,0.23348213692606185,"simulated minute opens; intrabar exits only known within minute, not actual exchange fills"
968,1578.0,2272322.0,2273150.0,1.0,0.446,3131.06,3150.44,3050.098242106537,3151.0769536023627,0.6982263799999999,0.7025481200000001,0.0977315321268,8.643480000000048,7.144973967872829,7558.203575320828,7565.348549288701,0.18475987661403043,2.0,7529.0773089408285,0.0,0.0,2024-04-27 00:00:00+00:00,2024-04-26 00:00:00+00:00,2024-04-27 00:01:00+00:00,65.9,0.034493636498695086,3129.98,2024-04-27 00:02:00+00:00,2024-04-27 13:50:00+00:00,2024-04-27 13:51:00+00:00,target,0.19787269225650853,0.24723961192521124,"simulated minute opens; intrabar exits only known within minute, not actual exchange fills"
969,1579.0,2273762.0,2273915.0,1.0,0.417,3255.66,3275.96,3169.016721192693,3276.618244362994,0.6788051099999999,0.68303766,0.0,8.465100000000076,7.103257230000054,7565.348549288701,7572.451806518701,0.17945111334330302,2.0,7561.967584178701,0.0,0.0,2024-04-28 00:00:00+00:00,2024-04-27 00:00:00+00:00,2024-04-28 00:01:00+00:00,67.65,0.03540962836322797,3253.97,2024-04-28 00:02:00+00:00,2024-04-28 02:35:00+00:00,2024-04-28 02:36:00+00:00,target,0.19660140099134324,0.24189117322770048,"simulated minute opens; intrabar exits only known within minute, not actual exchange fills"
970,1580.0,2275202.0,2275218.0,1.0,0.425,3265.3,3283.67,3180.279751940994,3284.327843719084,0.6938762500000001,0.6977798749999999,0.0,7.807249999999954,6.415593875000013,7572.451806518701,7578.867400393701,0.18326329905531538,2.0,7571.3158014809505,0.0,0.0,2024-04-29 00:00:00+00:00,2024-04-28 00:00:00+00:00,2024-04-29 00:01:00+00:00,65.45,0.034258095733529496,3262.28,2024-04-29 00:02:00+00:00,2024-04-29 00:18:00+00:00,2024-04-29 00:19:00+00:00,target,0.17755199901937943,0.2238036721073536,"simulated minute opens; intrabar exits only known within minute, not actual exchange fills"
971,1581.0,2276642.0,2276687.0,1.0,0.488,3211.85,3235.4,3138.167996928997,3236.05714149987,0.7836913999999999,0.7894376,0.0,11.492400000000089,9.919270999999753,7578.867400393701,7588.786671393701,0.20680963489591844,2.0,7572.757340571381,0.0,0.0,2024-04-30 00:00:00+00:00,2024-04-29 00:00:00+00:00,2024-04-30 00:01:00+00:00,62.56,0.032745400597243776,3215.27,2024-04-30 00:02:00+00:00,2024-04-30 00:47:00+00:00,2024-04-30 00:48:00+00:00,target,0.2758662109173691,0.3285353341513131,"simulated minute opens; intrabar exits only known within minute, not actual exchange fills"
972,1582.0,2278082.0,2278508.0,1.0,0.41200000000000003,3016.66,2927.73,2928.3207963315817,3034.7900314642206,0.62143196,0.60311238,0.0,-36.63915999999993,-37.86370434000037,7588.786671393701,7550.922967053701,0.16377636818874297,1.0,7539.52588964682,0.0,0.0,2024-05-01 00:00:00+00:00,2024-04-30 00:00:00+00:00,2024-05-01 00:01:00+00:00,71.72,0.037539963728170124,3012.58,2024-05-01 00:02:00+00:00,2024-05-01 07:08:00+00:00,2024-05-01 07:09:00+00:00,stop,-1.040333070523892,0.20523200019180618,"simulated minute opens; intrabar exits only known within minute, not actual exchange fills"
973,1583.0,2279522.0,2280182.0,1.0,0.419,2971.57,2992.28,2885.148659753358,2992.8818185977325,0.622543915,0.62688266,0.11719869990933132,8.677490000000015,7.310864725090141,7550.922967053701,7558.233831778791,0.1648921377469464,2.0,7517.846713210461,0.0,0.0,2024-05-02 00:00:00+00:00,2024-05-01 00:00:00+00:00,2024-05-02 00:01:00+00:00,73.05,0.03823611754521511,2970.61,2024-05-02 00:02:00+00:00,2024-05-02 11:02:00+00:00,2024-05-02 11:03:00+00:00,target,0.20189879547372297,0.2466036575793604,"simulated minute opens; intrabar exits only known within minute, not actual exchange fills"
974,1584.0,2280962.0,2281032.0,1.0,0.465,2986.89,3003.79,2909.2016778197026,3004.3962822176454,0.694451925,0.698381175,0.0,7.858500000000043,6.465666899999633,7558.233831778791,7564.69949867879,0.18376037059879222,2.0,7552.7196407642905,0.0,0.0,2024-05-03 00:00:00+00:00,2024-05-02 00:00:00+00:00,2024-05-03 00:01:00+00:00,64.01,0.03350436528499958,2984.8,2024-05-03 00:02:00+00:00,2024-05-03 01:12:00+00:00,2024-05-03 01:13:00+00:00,target,0.1789800527256798,0.22533994461892698,"simulated minute opens; intrabar exits only known within minute, not actual exchange fills"
975,1585.0,2282402.0,2282440.0,1.0,0.459,3098.2200000000003,3121.07,3019.5727633743127,3121.7022666461635,0.71104149,0.7162855650000001,0.0,10.488149999999958,9.060822944999927,7564.69949867879,7573.76032162379,0.1879893550627323,2.0,7563.447202300341,0.0,0.0,2024-05-04 00:00:00+00:00,2024-05-03 00:00:00+00:00,2024-05-04 00:01:00+00:00,66.18,0.03464019519702035,3100.83,2024-05-04 00:02:00+00:00,2024-05-04 00:40:00+00:00,2024-05-04 00:41:00+00:00,target,0.25099871078689995,0.2985771357476214,"simulated minute opens; intrabar exits only known within minute, not actual exchange fills"
976,1586.0,2283842.0,2284362.0,1.0,0.426,3117.05,3136.6,3032.038032717299,3137.2332177476387,0.66393165,0.6680957999999999,0.12421697371473123,8.328299999999883,6.872055576284765,7573.76032162379,7580.632377200075,0.17532417763588673,2.0,7554.16818692627,0.0,0.0,2024-05-05 00:00:00+00:00,2024-05-04 00:00:00+00:00,2024-05-05 00:01:00+00:00,68.45,0.03582836750130013,3115.46,2024-05-05 00:02:00+00:00,2024-05-05 08:42:00+00:00,2024-05-05 08:43:00+00:00,target,0.18975664692217903,0.2374161943637966,"simulated minute opens; intrabar exits only known within minute, not actual exchange fills"
977,1587.0,2285282.0,2285353.0,1.0,0.41100000000000003,3138.4300000000003,3156.78,3050.1198314468024,3157.418324495266,0.6449473650000002,0.6487182900000001,0.0,7.541849999999963,6.248184344999572,7580.632377200075,7586.880561545075,0.17015661303924434,2.0,7579.729564699085,0.0,0.0,2024-05-06 00:00:00+00:00,2024-05-05 00:00:00+00:00,2024-05-06 00:01:00+00:00,69.38,0.03631515174930903,3135.24,2024-05-06 00:02:00+00:00,2024-05-06 01:13:00+00:00,2024-05-06 01:14:00+00:00,target,0.17214772940718676,0.21501855116296364,"simulated minute opens; intrabar exits only known within minute, not actual exchange fills"
978,1588.0,2286722.0,2286766.0,1.0,0.432,3065.71,3081.7200000000003,2981.633902301799,3082.3444092300592,0.66219336,0.66565152,0.0,6.916320000000094,5.588475120000112,7586.880561545075,7592.469036665075,0.17456274805653293,2.0,7578.462197641715,0.0,0.0,2024-05-07 00:00:00+00:00,2024-05-06 00:00:00+00:00,2024-05-07 00:01:00+00:00,66.64,0.03488097020141184,3061.5,2024-05-07 00:02:00+00:00,2024-05-07 00:46:00+00:00,2024-05-07 00:47:00+00:00,target,0.1538640036129681,0.19784944455640596,"simulated minute opens; intrabar exits only known within minute, not actual exchange fills"
979,1589.0,2288162.0,2288235.0,1.0,0.432,3012.7000000000003,3023.52,2928.505074682446,3024.1290896240953,0.6507432,0.65308032,0.0,4.674239999999874,3.370416480000131,7592.469036665075,7595.839453145075,0.17141807147516092,2.0,7583.780989102355,0.0,0.0,2024-05-08 00:00:00+00:00,2024-05-07 00:00:00+00:00,2024-05-08 00:01:00+00:00,64.45,0.03373467181093928,3004.55,2024-05-08 00:02:00+00:00,2024-05-08 01:15:00+00:00,2024-05-08 01:16:00+00:00,target,0.0926646109676355,0.13574558776539564,"simulated minute opens; intrabar exits only known within minute, not actual exchange fills"
980,1590.0,2289602.0,2289664.0,1.0,0.47000000000000003,2976.25,2991.17,2899.1117246309354,2991.7699732648794,0.6994187500000001,0.7029249500000001,0.0,7.012400000000035,5.6100562999999966,7595.839453145075,7601.449509445075,0.1841583815230334,2.0,7592.747937350475,0.0,0.0,2024-05-09 00:00:00+00:00,2024-05-08 00:00:00+00:00,2024-05-09 00:01:00+00:00,63.06,0.03300711255853888,2972.93,2024-05-09 00:02:00+00:00,2024-05-09 01:04:00+00:00,2024-05-09 01:05:00+00:00,target,0.15473887564754796,0.20119678837288946,"simulated minute opens; intrabar exits only known within minute, not actual exchange fills"
981,1591.0,2291042.0,2291463.0,1.0,0.515,3031.46,3052.84,2961.292114675608,3053.4603028063716,0.7806009500000001,0.7861063,0.0,11.010700000000057,9.44399274999978,7601.449509445075,7610.893502195075,0.20538213113961362,2.0,7593.408774027875,0.0,0.0,2024-05-10 00:00:00+00:00,2024-05-09 00:00:00+00:00,2024-05-10 00:01:00+00:00,61.45,0.03216440004316864,3034.75,2024-05-10 00:02:00+00:00,2024-05-10 07:03:00+00:00,2024-05-10 07:04:00+00:00,target,0.26134249187106245,0.31353806238655063,"simulated minute opens; intrabar exits only known within minute, not actual exchange fills"
982,1592.0,2292482.0,2292552.0,1.0,0.496,2908.54,2926.44,2835.290991792214,2927.0260272931005,0.72131792,0.72575712,0.0,8.878400000000045,7.4313249599999835,7610.893502195075,7618.324827155075,0.18954881441764046,2.0,7609.210008154915,0.0,0.0,2024-05-11 00:00:00+00:00,2024-05-10 00:00:00+00:00,2024-05-11 00:01:00+00:00,63.61,0.0332949957159635,2908.85,2024-05-11 00:02:00+00:00,2024-05-11 01:12:00+00:00,2024-05-11 01:13:00+00:00,target,0.20454215513060528,0.2523723903627613,"simulated minute opens; intrabar exits only known within minute, not actual exchange fills"
983,1593.0,2293922.0,2294177.0,1.0,0.499,2912.81,2928.11,2839.934248075975,2928.7056791668792,0.726746095,0.730563445,0.0,7.634700000000091,6.177390460000424,7618.324827155075,7624.502217615075,0.1907889494051385,2.0,7615.061053214215,0.0,0.0,2024-05-12 00:00:00+00:00,2024-05-11 00:00:00+00:00,2024-05-12 00:01:00+00:00,61.61,0.03224814787078307,2911.27,2024-05-12 00:02:00+00:00,2024-05-12 04:17:00+00:00,2024-05-12 04:18:00+00:00,target,0.16987186647359598,0.2181202765969539,"simulated minute opens; intrabar exits only known within minute, not actual exchange fills"
984,1594.0,2295362.0,2295833.0,1.0,0.47600000000000003,2931.9700000000003,2944.8,2855.523234523811,2945.3963994620435,0.6978088600000001,0.7008624000000001,0.0,6.107079999999966,4.708408739999868,7624.502217615075,7629.210626355075,0.183043781766588,2.0,7591.681534332275,0.0,0.0,2024-05-13 00:00:00+00:00,2024-05-12 00:00:00+00:00,2024-05-13 00:01:00+00:00,62.18,0.03254649950665949,2927.73,2024-05-13 00:02:00+00:00,2024-05-13 07:53:00+00:00,2024-05-13 07:54:00+00:00,target,0.12939219780437464,0.1756307069162417,"simulated minute opens; intrabar exits only known within minute, not actual exchange fills"
985,1595.0,2296802.0,2297658.0,1.0,0.511,2946.08,2874.4700000000003,2875.048704171846,2967.8439898768825,0.75272344,0.7344270850000001,0.12141060251655812,-36.59270999999983,-38.20127112751652,7629.210626355075,7591.009355227558,0.19732668997228103,1.0,7591.009355227558,0.0,0.0,2024-05-14 00:00:00+00:00,2024-05-13 00:00:00+00:00,2024-05-14 00:01:00+00:00,63.82,0.03340491473970744,2949.71,2024-05-14 00:02:00+00:00,2024-05-14 14:18:00+00:00,2024-05-14 14:19:00+00:00,stop,-1.0524638226359422,0.3064000117572993,"simulated minute opens; intrabar exits only known within minute, not actual exchange fills"
986,1596.0,2298242.0,2298454.0,1.0,0.47700000000000004,2885.02,2897.84,2808.8691375466274,2898.4216792755396,0.68807727,0.69113484,0.0,6.115140000000078,4.735927890000312,7591.009355227558,7595.745283117559,0.18128742511064216,2.0,7579.891729028909,0.0,0.0,2024-05-15 00:00:00+00:00,2024-05-14 00:00:00+00:00,2024-05-15 00:01:00+00:00,63.21,0.03308562614692741,2880.87,2024-05-15 00:02:00+00:00,2024-05-15 03:34:00+00:00,2024-05-15 03:35:00+00:00,target,0.130380269902786,0.17598854226694477,"simulated minute opens; intrabar exits only known within minute, not actual exchange fills"
987,1597.0,2299682.0,2300540.0,1.0,0.47500000000000003,3032.38,2955.44,2956.033144105968,3048.9828048651166,0.7201902500000001,0.701917,0.0924187980407123,-36.54650000000003,-38.06102604804073,7595.745283117559,7557.684257069518,0.18962991073455504,1.0,7557.684257069518,0.0,0.0,2024-05-16 00:00:00+00:00,2024-05-15 00:00:00+00:00,2024-05-16 00:01:00+00:00,62.31,0.032614544616596214,3030.66,2024-05-16 00:02:00+00:00,2024-05-16 14:20:00+00:00,2024-05-16 14:21:00+00:00,stop,-1.0495320986345358,0.217465469542856,"simulated minute opens; intrabar exits only known within minute, not actual exchange fills"
988,1598.0,2301122.0,2301531.0,1.0,0.506,2943.26,2959.88,2872.198264954707,2960.473852870604,0.7446447800000001,0.74884964,0.0,8.409719999999945,6.916225579999264,7557.684257069518,7564.600482649517,0.19705633489609028,2.0,7551.055161958638,0.0,0.0,2024-05-17 00:00:00+00:00,2024-05-16 00:00:00+00:00,2024-05-17 00:01:00+00:00,60.73,0.03178753481890368,2943.22,2024-05-17 00:02:00+00:00,2024-05-17 06:51:00+00:00,2024-05-17 06:52:00+00:00,target,0.19234585239561927,0.2422380041752704,"simulated minute opens; intrabar exits only known within minute, not actual exchange fills"
989,1599.0,2302562.0,2302750.0,1.0,0.492,3089.1,3108.13,3015.9011794291637,3108.7588623791235,0.7599186,0.76459998,0.0,9.362760000000097,7.838241420000486,7564.600482649517,7572.438724069518,0.20091440433450014,2.0,7560.454292047878,0.0,0.0,2024-05-18 00:00:00+00:00,2024-05-17 00:00:00+00:00,2024-05-18 00:01:00+00:00,60.84,0.031845111450388604,3090.48,2024-05-18 00:02:00+00:00,2024-05-18 03:10:00+00:00,2024-05-18 03:11:00+00:00,target,0.21764537837851924,0.2685680209846988,"simulated minute opens; intrabar exits only known within minute, not actual exchange fills"
990,1600.0,2304002.0,2305439.0,1.0,0.464,3123.73,3070.27,3045.939238990351,3140.2375525551133,0.7247053600000001,0.71230264,0.1758413289992365,-24.80544000000002,-26.41828932899898,7572.438724069518,7546.020434740519,0.19140606782237118,3.0,7538.317534956838,0.0,0.0,2024-05-19 00:00:00+00:00,2024-05-18 00:00:00+00:00,2024-05-19 00:01:00+00:00,61.31,0.032091120694006006,3121.59,2024-05-19 00:02:00+00:00,2024-05-19 23:59:00+00:00,2024-05-19 23:59:00+00:00,scheduled_23_59_exit,-0.7319117031700086,0.21220453869921313,"simulated minute opens; intrabar exits only known within minute, not actual exchange fills"
991,1601.0,2305442.0,2305589.0,1.0,0.46,3070.94,3088.31,2992.712097974448,3088.932348953821,0.7063162000000001,0.7103113000000001,0.0,7.99019999999995,6.5735724999995,7546.020434740519,7552.594007240518,0.1872023024873475,2.0,7534.223518540518,0.0,0.0,2024-05-20 00:00:00+00:00,2024-05-19 00:00:00+00:00,2024-05-20 00:01:00+00:00,63.69,0.03333686962977071,3069.98,2024-05-20 00:02:00+00:00,2024-05-20 02:29:00+00:00,2024-05-20 02:30:00+00:00,target,0.18267618880193404,0.229999124199241,"simulated minute opens; intrabar exits only known within minute, not actual exchange fills"
992,1602.0,2306882.0,2306886.0,1.0,0.296,3673.71,3692.76,3550.807535860772,3693.5020541659505,0.54370908,0.5465284800000001,0.0,5.638800000000054,4.548562440000751,7552.594007240518,7557.142569680519,0.1439794273275532,2.0,7549.6645381605185,0.0,0.0,2024-05-21 00:00:00+00:00,2024-05-20 00:00:00+00:00,2024-05-21 00:01:00+00:00,79.17,0.04143947195146722,3664.39,2024-05-21 00:02:00+00:00,2024-05-21 00:06:00+00:00,2024-05-21 00:07:00+00:00,target,0.12503219612093833,0.16103870906550263,"simulated minute opens; intrabar exits only known within minute, not actual exchange fills"
993,1603.0,2308322.0,2309082.0,1.0,0.299,3796.4900000000002,3673.9700000000003,3674.7055930695137,3822.624756994702,0.567575255,0.549258515,0.17025425174273565,-36.63347999999999,-37.92056802174193,7557.142569680519,7519.222001658777,0.15020895788763566,1.0,7518.644030173777,0.0,0.0,2024-05-22 00:00:00+00:00,2024-05-21 00:00:00+00:00,2024-05-22 00:01:00+00:00,79.34,0.041528454018307556,3792.32,2024-05-22 00:02:00+00:00,2024-05-22 12:42:00+00:00,2024-05-22 12:43:00+00:00,stop,-1.0413865404425224,0.2145985488078046,"simulated minute opens; intrabar exits only known within minute, not actual exchange fills"
994,1604.0,2309762.0,2309798.0,1.0,0.301,3746.08,3768.6800000000003,3625.9828758752724,3769.438216412666,0.56378504,0.56718634,0.0,6.802600000000109,5.671628619999865,7519.222001658777,7524.893630278777,0.14995834406156017,2.0,7517.277953754868,0.0,0.0,2024-05-23 00:00:00+00:00,2024-05-22 00:00:00+00:00,2024-05-23 00:01:00+00:00,77.77,0.04070667845984092,3740.25,2024-05-23 00:02:00+00:00,2024-05-23 00:38:00+00:00,2024-05-23 00:39:00+00:00,target,0.1568948477103452,0.19449438596387386,"simulated minute opens; intrabar exits only known within minute, not actual exchange fills"
995,1605.0,2311202.0,2311209.0,-1.0,0.32,3775.67,3759.96,3888.5394894210935,3759.198713530957,0.6041072000000001,0.6015936000000001,0.0,5.027200000000012,3.8214992000002894,7524.893630278777,7528.715129478777,0.16056232278664637,2.0,7523.066211565178,0.0,0.0,2024-05-24 00:00:00+00:00,2024-05-23 00:00:00+00:00,2024-05-24 00:01:00+00:00,67.48,0.03532064629638763,3784.8,2024-05-24 00:02:00+00:00,2024-05-24 00:09:00+00:00,2024-05-24 00:10:00+00:00,target,0.1058052540261523,0.14593214298677418,"simulated minute opens; intrabar exits only known within minute, not actual exchange fills"
996,1606.0,2312642.0,2312885.0,1.0,0.374,3728.4900000000002,3753.33,3632.3803461118528,3754.0841580969395,0.6972276300000001,0.70187271,0.0,9.290159999999885,7.891059659999883,7528.715129478777,7536.606189138777,0.18521822595465107,2.0,7521.164283758337,0.0,0.0,2024-05-25 00:00:00+00:00,2024-05-24 00:00:00+00:00,2024-05-25 00:01:00+00:00,65.31,0.03418481638436686,3729.61,2024-05-25 00:02:00+00:00,2024-05-25 04:05:00+00:00,2024-05-25 04:06:00+00:00,target,0.21953143255052018,0.26630163632392007,"simulated minute opens; intrabar exits only known within minute, not actual exchange fills"
997,1607.0,2314082.0,2314967.0,-1.0,0.353,3748.51,3851.39,3850.611388529642,3726.6204310431876,0.6616120150000001,0.679770335,-0.133701574,-36.31663999999988,-37.52432077600042,7536.606189138777,7499.081868362777,0.1755729298828081,1.0,7499.081868362777,0.0,0.0,2024-05-26 00:00:00+00:00,2024-05-25 00:00:00+00:00,2024-05-26 00:01:00+00:00,65.2,0.034127239752881934,3751.15,2024-05-26 00:02:00+00:00,2024-05-26 14:47:00+00:00,2024-05-26 14:48:00+00:00,stop,-1.0411336567586436,0.2143905119415454,"simulated minute opens; intrabar exits only known within minute, not actual exchange fills"
998,1608.0,2315522.0,2315553.0,1.0,0.332,3830.61,3853.53,3722.478735528413,3854.309905588902,0.63588126,0.6396859800000001,0.0,7.609440000000024,6.333872760000304,7499.081868362777,7505.415741122777,0.16958909668199892,2.0,7496.4838671027765,0.0,0.0,2024-05-27 00:00:00+00:00,2024-05-26 00:00:00+00:00,2024-05-27 00:01:00+00:00,69.18,0.036210466964790994,3827.53,2024-05-27 00:02:00+00:00,2024-05-27 00:33:00+00:00,2024-05-27 00:34:00+00:00,target,0.1764330611801351,0.21917717974276804,"simulated minute opens; intrabar exits only known within minute, not actual exchange fills"
999,1609.0,2316962.0,2317008.0,-1.0,0.335,3893.36,3870.76,4000.4507095025024,3869.9773281346793,0.6521378000000001,0.6483523000000001,0.0,7.57099999999997,6.270509900000434,7505.415741122777,7511.6862510227775,0.1737779284968545,2.0,7503.916928892178,0.0,0.0,2024-05-28 00:00:00+00:00,2024-05-27 00:00:00+00:00,2024-05-28 00:01:00+00:00,66.91,0.0350222946605112,3896.09,2024-05-28 00:02:00+00:00,2024-05-28 00:48:00+00:00,2024-05-28 00:49:00+00:00,target,0.17478584358024016,0.21834454150081517,"simulated minute opens; intrabar exits only known within minute, not actual exchange fills"
1000,1610.0,2318402.0,2318658.0,1.0,0.357,3845.65,3871.62,3745.2877096760844,3872.4000113294337,0.6864485250000001,0.69108417,0.0,9.271289999999928,7.893757304999781,7511.6862510227775,7519.580008327777,0.182768156725538,2.0,7508.025992497777,0.0,0.0,2024-05-29 00:00:00+00:00,2024-05-28 00:00:00+00:00,2024-05-29 00:01:00+00:00,66.61,0.03486526748373414,3847.0,2024-05-29 00:02:00+00:00,2024-05-29 04:18:00+00:00,2024-05-29 04:19:00+00:00,target,0.22031546837597826,0.2665344846465632,"simulated minute opens; intrabar exits only known within minute, not actual exchange fills"
1001,1611.0,2319842.0,2320076.0,1.0,0.342,3773.94,3794.6,3668.679808223305,3795.35948532503,0.64534374,0.6488766,0.0,7.065719999999951,5.7714996600007,7519.580008327777,7525.351507987778,0.1716435596895825,2.0,7511.793704587778,0.0,0.0,2024-05-30 00:00:00+00:00,2024-05-29 00:00:00+00:00,2024-05-30 00:01:00+00:00,67.8,0.03548814195161649,3770.0,2024-05-30 00:02:00+00:00,2024-05-30 03:56:00+00:00,2024-05-30 03:57:00+00:00,target,0.1603239526278193,0.20349084457750755,"simulated minute opens; intrabar exits only known within minute, not actual exchange fills"
1002,1612.0,2321282.0,2321886.0,1.0,0.38,3748.15,3773.89,3653.649257572923,3774.6507504113024,0.7121485000000001,0.7170390999999999,0.15305193597130037,9.781199999999917,8.19896046402846,7525.351507987778,7533.550468451806,0.1892665078153733,2.0,7516.598559487778,0.0,0.0,2024-05-31 00:00:00+00:00,2024-05-30 00:00:00+00:00,2024-05-31 00:01:00+00:00,65.12,0.03408536583907472,3750.39,2024-05-31 00:02:00+00:00,2024-05-31 10:06:00+00:00,2024-05-31 10:07:00+00:00,target,0.22831790728091822,0.2804290181291646,"simulated minute opens; intrabar exits only known within minute, not actual exchange fills"
1003,1613.0,2322722.0,2324159.0,-1.0,0.357,3764.38,3818.25,3865.0439184333677,3739.2225483629472,0.67194183,0.681557625,-0.33216382611804085,-19.23158999999996,-20.252925628881712,7533.550468451806,7513.297542822925,0.17838649460540174,3.0,7507.694429175955,0.0,0.0,2024-06-01 00:00:00+00:00,2024-05-31 00:00:00+00:00,2024-06-01 00:01:00+00:00,66.78,0.034954249550574475,3764.35,2024-06-01 00:02:00+00:00,2024-06-01 23:59:00+00:00,2024-06-01 23:59:00+00:00,scheduled_23_59_exit,-0.5635672145235081,0.24991528274061106,"simulated minute opens; intrabar exits only known within minute, not actual exchange fills"
1004,1614.0,2324162.0,2324641.0,-1.0,0.343,3817.2000000000003,3792.61,3921.918132725824,3791.844552678927,0.6546498000000002,0.650432615,-0.13017295900000003,8.434370000000051,7.259460544000831,7513.297542822925,7520.5570033669255,0.17426430838623028,2.0,7504.653347251445,0.0,0.0,2024-06-02 00:00:00+00:00,2024-06-01 00:00:00+00:00,2024-06-02 00:01:00+00:00,68.1,0.03564516912839355,3817.49,2024-06-02 00:02:00+00:00,2024-06-02 08:01:00+00:00,2024-06-02 08:02:00+00:00,target,0.20211025014565803,0.24213043778635576,"simulated minute opens; intrabar exits only known within minute, not actual exchange fills"
1005,1615.0,2325602.0,2325720.0,1.0,0.364,3782.76,3808.39,3684.1149483174263,3809.155857458481,0.68846232,0.6931269800000001,0.0,9.329319999999875,7.947730699999738,7520.5570033669255,7528.504734066925,0.18308811958789167,2.0,7512.675901046925,0.0,0.0,2024-06-03 00:00:00+00:00,2024-06-02 00:00:00+00:00,2024-06-03 00:01:00+00:00,67.43,0.03529447510025812,3783.98,2024-06-03 00:02:00+00:00,2024-06-03 02:00:00+00:00,2024-06-03 02:01:00+00:00,target,0.22134333783167787,0.26758420223062995,"simulated minute opens; intrabar exits only known within minute, not actual exchange fills"
1006,1616.0,2327042.0,2327897.0,1.0,0.381,3768.4,3792.57,3674.2104900153454,3793.3330904707245,0.7178802000000001,0.722484585,0.143895699,9.208770000000028,7.6245095160002165,7528.504734066925,7536.1292435829255,0.1907099019946285,2.0,7514.850488512885,0.0,0.0,2024-06-04 00:00:00+00:00,2024-06-03 00:00:00+00:00,2024-06-04 00:01:00+00:00,65.02,0.0340330234468157,3769.15,2024-06-04 00:02:00+00:00,2024-06-04 14:17:00+00:00,2024-06-04 14:18:00+00:00,target,0.21246353233243156,0.2647119671265571,"simulated minute opens; intrabar exits only known within minute, not actual exchange fills"
1007,1617.0,2328482.0,2328786.0,-1.0,0.371,3814.92,3789.81,3911.6416408449836,3789.045337073435,0.7076676599999999,0.703009755,0.0,9.315810000000047,7.905132585000501,7536.1292435829255,7544.034376167926,0.18780666762120213,2.0,7524.981635922925,0.0,0.0,2024-06-05 00:00:00+00:00,2024-06-04 00:00:00+00:00,2024-06-05 00:01:00+00:00,64.83,0.03393357290152355,3813.12,2024-06-05 00:02:00+00:00,2024-06-05 05:06:00+00:00,2024-06-05 05:07:00+00:00,target,0.2202985269258536,0.26751679045679844,"simulated minute opens; intrabar exits only known within minute, not actual exchange fills"
1008,1618.0,2329922.0,2331121.0,1.0,0.363,3866.77,3766.88,3767.63780060002,3894.612716671685,0.701818755,0.68368872,0.49373104894518727,-36.26006999999995,-38.139308523946056,7544.034376167926,7505.89506764398,0.18605926749673599,1.0,7505.89506764398,0.0,0.0,2024-06-06 00:00:00+00:00,2024-06-05 00:00:00+00:00,2024-06-06 00:01:00+00:00,67.91,0.03554571858310141,3868.61,2024-06-06 00:02:00+00:00,2024-06-06 20:01:00+00:00,2024-06-06 20:02:00+00:00,stop,-1.059867190142526,0.28086451062530104,"simulated minute opens; intrabar exits only known within minute, not actual exchange fills"
1009,1619.0,2331362.0,2332070.0,1.0,0.386,3815.78,3838.58,3723.224146014858,3839.3575499314675,0.7364455400000001,0.74084594,0.19499904702306042,8.800799999999894,7.128509472976475,7505.89506764398,7513.023577116956,0.19623123781056598,2.0,7496.75540210398,0.0,0.0,2024-06-07 00:00:00+00:00,2024-06-06 00:00:00+00:00,2024-06-07 00:01:00+00:00,62.85,0.032897193534794936,3815.76,2024-06-07 00:02:00+00:00,2024-06-07 11:50:00+00:00,2024-06-07 11:51:00+00:00,target,0.19952969289943867,0.2547386136726924,"simulated minute opens; intrabar exits only known within minute, not actual exchange fills"
1010,1620.0,2332802.0,2333244.0,1.0,0.401,3679.85,3701.4500000000003,3590.7031992050343,3702.192619316464,0.7378099250000001,0.7421407250000001,0.0,8.661600000000146,7.181649350000043,7513.023577116956,7520.205226466956,0.19640825492607514,2.0,7511.479757191956,0.0,0.0,2024-06-08 00:00:00+00:00,2024-06-07 00:00:00+00:00,2024-06-08 00:01:00+00:00,62.08,0.03249415711440047,3679.82,2024-06-08 00:02:00+00:00,2024-06-08 07:24:00+00:00,2024-06-08 07:25:00+00:00,target,0.20089728223888761,0.2506272700447361,"simulated minute opens; intrabar exits only known within minute, not actual exchange fills"
1011,1621.0,2334242.0,2335006.0,1.0,0.405,3682.1800000000003,3703.71,3593.9279795909865,3704.455276160003,0.74564145,0.7500012750000001,0.14932755,8.719649999999897,7.074679725000351,7520.205226466956,7527.279906191957,0.19830348442506734,2.0,7513.680094931506,0.0,0.0,2024-06-09 00:00:00+00:00,2024-06-08 00:00:00+00:00,2024-06-09 00:01:00+00:00,61.95,0.03242611200446374,3682.11,2024-06-09 00:02:00+00:00,2024-06-09 12:46:00+00:00,2024-06-09 12:47:00+00:00,target,0.19793705480103327,0.25240528269795376,"simulated minute opens; intrabar exits only known within minute, not actual exchange fills"
1012,1622.0,2335682.0,2337119.0,1.0,0.402,3706.48,3668.7400000000002,3617.319857493246,3730.19556143045,0.74500248,0.7374167400000001,0.295615115299866,-15.171479999999914,-16.94951433530059,7527.279906191957,7510.330391856656,0.1979473300540237,3.0,7502.113211041396,0.0,0.0,2024-06-10 00:00:00+00:00,2024-06-09 00:00:00+00:00,2024-06-10 00:01:00+00:00,63.03,0.03299140984086117,3707.67,2024-06-10 00:02:00+00:00,2024-06-10 23:59:00+00:00,2024-06-10 23:59:00+00:00,scheduled_23_59_exit,-0.47289034985717965,0.2659883751156381,"simulated minute opens; intrabar exits only known within minute, not actual exchange fills"
1013,1623.0,2337122.0,2337258.0,1.0,0.401,3670.11,3580.19,3580.911186052389,3691.724998395844,0.7358570550000001,0.7178280950000001,0.0,-36.05792000000003,-37.51160515000083,7510.330391856656,7472.818786706655,0.1959586373983971,1.0,7471.402522736305,0.0,0.0,2024-06-11 00:00:00+00:00,2024-06-10 00:00:00+00:00,2024-06-11 00:01:00+00:00,62.54,0.032734932118791964,3669.66,2024-06-11 00:02:00+00:00,2024-06-11 02:18:00+00:00,2024-06-11 02:19:00+00:00,stop,-1.0487263883905862,0.24232383189017523,"simulated minute opens; intrabar exits only known within minute, not actual exchange fills"
1014,1624.0,2338562.0,2338811.0,1.0,0.388,3501.35,3519.09,3409.299662589539,3519.8011255352776,0.6792619,0.68270346,0.0,6.883120000000092,5.521154640000532,7472.818786706655,7478.339941346656,0.18179536246973743,2.0,7457.145982750216,0.0,0.0,2024-06-12 00:00:00+00:00,2024-06-11 00:00:00+00:00,2024-06-12 00:01:00+00:00,64.86,0.03394927561920126,3498.16,2024-06-12 00:02:00+00:00,2024-06-12 04:11:00+00:00,2024-06-12 04:12:00+00:00,target,0.15458694014938218,0.20044603913837292,"simulated minute opens; intrabar exits only known within minute, not actual exchange fills"
1015,1625.0,2340002.0,2340572.0,1.0,0.417,3558.4700000000003,3472.33,3473.0276596572285,3581.892807402948,0.7419409950000001,0.723980805,0.146261916,-35.92038000000014,-37.53256371600037,7478.339941346656,7440.8073776306555,0.19842398201181413,1.0,7440.8073776306555,0.0,0.0,2024-06-13 00:00:00+00:00,2024-06-12 00:00:00+00:00,2024-06-13 00:01:00+00:00,62.65,0.03279250875027689,3560.45,2024-06-13 00:02:00+00:00,2024-06-13 09:32:00+00:00,2024-06-13 09:33:00+00:00,stop,-1.053413888698745,0.2741358360384545,"simulated minute opens; intrabar exits only known within minute, not actual exchange fills"
1016,1626.0,2341442.0,2341560.0,1.0,0.4,3475.69,3488.59,3386.8439770945997,3489.291434029322,0.695138,0.6977180000000001,0.0,5.160000000000037,3.7671440000003713,7440.8073776306555,7444.574521630656,0.18684477764867227,2.0,7433.256239630656,0.0,0.0,2024-06-14 00:00:00+00:00,2024-06-13 00:00:00+00:00,2024-06-14 00:01:00+00:00,60.39,0.03160957068522301,3469.18,2024-06-14 00:02:00+00:00,2024-06-14 02:00:00+00:00,2024-06-14 02:01:00+00:00,target,0.1060020436708651,0.15308995928612434,"simulated minute opens; intrabar exits only known within minute, not actual exchange fills"
1017,1627.0,2342882.0,2343657.0,-1.0,0.41000000000000003,3476.66,3563.8,3563.080659269537,3459.4909295478424,0.7127153,0.7305790000000001,-0.14470327483347,-35.72740000000014,-37.02599102516615,7444.574521630656,7407.54853060549,0.19147240663093995,1.0,7407.54853060549,0.0,0.0,2024-06-15 00:00:00+00:00,2024-06-14 00:00:00+00:00,2024-06-15 00:01:00+00:00,61.06,0.03196026471335845,3480.51,2024-06-15 00:02:00+00:00,2024-06-15 12:57:00+00:00,2024-06-15 12:58:00+00:00,stop,-1.0449734582754426,0.19866858916927366,"simulated minute opens; intrabar exits only known within minute, not actual exchange fills"
1018,1628.0,2344322.0,2345129.0,1.0,0.419,3564.28,3588.8,3480.1214064677074,3589.5240272182396,0.74671666,0.7518536,0.149221403,10.273879999999991,8.6260883369996,7407.54853060549,7416.174618942489,0.20160965720705545,2.0,7396.9026913542,0.0,0.0,2024-06-16 00:00:00+00:00,2024-06-15 00:00:00+00:00,2024-06-16 00:01:00+00:00,62.98,0.03296523864473166,3567.87,2024-06-16 00:02:00+00:00,2024-06-16 13:29:00+00:00,2024-06-16 13:30:00+00:00,target,0.24462532150206873,0.299957807737755,"simulated minute opens; intrabar exits only known within minute, not actual exchange fills"
1019,1629.0,2345762.0,2346273.0,1.0,0.392,3623.89,3532.9900000000002,3533.7005262082826,3645.0625914916213,0.71028244,0.69246604,0.13922154400000003,-35.63279999999986,-37.17477002400028,7416.174618942489,7378.999848918489,0.1915495458226637,1.0,7378.999848918489,0.0,0.0,2024-06-17 00:00:00+00:00,2024-06-16 00:00:00+00:00,2024-06-17 00:01:00+00:00,63.23,0.03309609462537921,3622.96,2024-06-17 00:02:00+00:00,2024-06-17 08:33:00+00:00,2024-06-17 08:34:00+00:00,stop,-1.0514929626821916,0.23475679146900486,"simulated minute opens; intrabar exits only known within minute, not actual exchange fills"
1020,1630.0,2347202.0,2347301.0,1.0,0.387,3515.46,3423.82,3424.508479337127,3530.394370734492,0.6802415100000001,0.6625091700000001,0.0,-35.46467999999995,-36.807430679999925,7378.999848918489,7342.192418238489,0.18437227915100185,1.0,7341.392946954999,0.0,0.0,2024-06-18 00:00:00+00:00,2024-06-17 00:00:00+00:00,2024-06-18 00:01:00+00:00,61.69,0.032290021784590284,3509.56,2024-06-18 00:02:00+00:00,2024-06-18 01:41:00+00:00,2024-06-18 01:42:00+00:00,stop,-1.0457179748818006,0.16420144078567622,"simulated minute opens; intrabar exits only known within minute, not actual exchange fills"
1021,1631.0,2348642.0,2348702.0,1.0,0.41000000000000003,3478.9900000000002,3503.02,3393.689637177051,3503.7249072562695,0.7131929500000002,0.7181191,0.0,9.852299999999897,8.420987949999471,7342.192418238489,7350.613406188489,0.19427247595102026,2.0,7335.632050665289,0.0,0.0,2024-06-19 00:00:00+00:00,2024-06-18 00:00:00+00:00,2024-06-19 00:01:00+00:00,64.26,0.033635221265647136,3482.34,2024-06-19 00:02:00+00:00,2024-06-19 01:02:00+00:00,2024-06-19 01:03:00+00:00,target,0.24078438028018384,0.2899742326724842,"simulated minute opens; intrabar exits only known within minute, not actual exchange fills"
1022,1632.0,2350082.0,2350204.0,-1.0,0.367,3553.12,3536.07,3648.7519743924972,3535.3611587040696,0.65199752,0.648868845,0.0,6.257349999999899,4.9564836350000405,7350.613406188489,7355.569889823489,0.17739948599421176,2.0,7335.486928668489,0.0,0.0,2024-06-20 00:00:00+00:00,2024-06-19 00:00:00+00:00,2024-06-20 00:01:00+00:00,65.95,0.03451980769482459,3558.85,2024-06-20 00:02:00+00:00,2024-06-20 02:04:00+00:00,2024-06-20 02:05:00+00:00,target,0.14122269341183502,0.18569982904508103,"simulated minute opens; intrabar exits only known within minute, not actual exchange fills"
1023,1633.0,2351522.0,2351643.0,1.0,0.381,3514.07,3531.86,3421.76381237292,3532.576069298812,0.669430335,0.67281933,0.0,6.777989999999987,5.435740335000446,7355.569889823489,7361.005630158489,0.1820199780648306,2.0,7345.806638922039,0.0,0.0,2024-06-21 00:00:00+00:00,2024-06-20 00:00:00+00:00,2024-06-21 00:01:00+00:00,64.14,0.03357241039493631,3511.26,2024-06-21 00:02:00+00:00,2024-06-21 02:03:00+00:00,2024-06-21 02:04:00+00:00,target,0.15456206530422856,0.2004856854621364,"simulated minute opens; intrabar exits only known within minute, not actual exchange fills"
1024,1634.0,2352962.0,2353001.0,-1.0,0.41100000000000003,3515.73,3495.6800000000003,3600.841954632426,3494.974702616794,0.722482515,0.7183622400000002,0.0,8.240549999999889,6.799705245000041,7361.005630158489,7367.805335403489,0.19629994902868844,2.0,7358.684357643489,0.0,0.0,2024-06-22 00:00:00+00:00,2024-06-21 00:00:00+00:00,2024-06-22 00:01:00+00:00,62.71,0.032823914185632304,3517.18,2024-06-22 00:02:00+00:00,2024-06-22 00:41:00+00:00,2024-06-22 00:42:00+00:00,target,0.1943827406085326,0.24385877956677526,"simulated minute opens; intrabar exits only known within minute, not actual exchange fills"
1025,1635.0,2354402.0,2354585.0,1.0,0.4,3494.76,3514.05,3406.960114904425,3514.753817286964,0.6989520000000001,0.70281,0.0,7.715999999999986,6.314237999999932,7367.805335403489,7374.119573403489,0.18973139712077444,2.0,7366.5578647434895,0.0,0.0,2024-06-23 00:00:00+00:00,2024-06-22 00:00:00+00:00,2024-06-23 00:01:00+00:00,62.83,0.03288672505634313,3494.26,2024-06-23 00:02:00+00:00,2024-06-23 03:05:00+00:00,2024-06-23 03:06:00+00:00,target,0.17979061114734182,0.22772031267694054,"simulated minute opens; intrabar exits only known within minute, not actual exchange fills"
1026,1636.0,2355842.0,2356410.0,1.0,0.364,3426.81,3329.1,3329.7678777925607,3440.4565313361977,0.62367942,0.6058962,0.122583552,-35.566440000000014,-36.91859917200054,7374.119573403489,7337.2009742314885,0.16915359556941487,1.0,7337.0701730373285,0.0,0.0,2024-06-24 00:00:00+00:00,2024-06-23 00:00:00+00:00,2024-06-24 00:01:00+00:00,66.06,0.034577384326309524,3419.38,2024-06-24 00:02:00+00:00,2024-06-24 09:30:00+00:00,2024-06-24 09:31:00+00:00,stop,-1.0451618399605271,0.14062482379586327,"simulated minute opens; intrabar exits only known within minute, not actual exchange fills"
1027,1637.0,2357282.0,2357468.0,1.0,0.40800000000000003,3351.88,3371.03,3265.9553306830303,3371.709535453578,0.6837835200000001,0.6876901200000001,0.0,7.8132000000000374,6.441726359999848,7337.2009742314885,7343.642700591488,0.1863881124154762,2.0,7330.0340212578085,0.0,0.0,2024-06-25 00:00:00+00:00,2024-06-24 00:00:00+00:00,2024-06-25 00:01:00+00:00,64.01,0.03350436528499958,3352.0,2024-06-25 00:02:00+00:00,2024-06-25 03:08:00+00:00,2024-06-25 03:09:00+00:00,target,0.18374868504593064,0.2307781410298868,"simulated minute opens; intrabar exits only known within minute, not actual exchange fills"
1028,1638.0,2358722.0,2359279.0,-1.0,0.451,3393.65,3372.55,3470.7787439088443,3371.8693332963385,0.765268075,0.7605100250000001,-0.153367246208429,9.516099999999959,8.14368914620809,7343.642700591488,7351.7863897376965,0.2084164783611714,2.0,7328.738582516488,0.0,0.0,2024-06-26 00:00:00+00:00,2024-06-25 00:00:00+00:00,2024-06-26 00:01:00+00:00,61.76,0.032326661459171596,3393.06,2024-06-26 00:02:00+00:00,2024-06-26 09:19:00+00:00,2024-06-26 09:20:00+00:00,target,0.2341145401540462,0.2823936395152945,"simulated minute opens; intrabar exits only known within minute, not actual exchange fills"
1029,1639.0,2360162.0,2360363.0,1.0,0.447,3368.03,3388.57,3289.834470818988,3389.250623388387,0.7527547050000001,0.7573453950000001,0.0,9.181379999999985,7.671279899999718,7351.7863897376965,7359.457669637696,0.20478144088918707,2.0,7347.971955941516,0.0,0.0,2024-06-27 00:00:00+00:00,2024-06-26 00:00:00+00:00,2024-06-27 00:01:00+00:00,59.83,0.031316453288572486,3370.76,2024-06-27 00:02:00+00:00,2024-06-27 03:23:00+00:00,2024-06-27 03:24:00+00:00,target,0.21947162682756852,0.2713789856100821,"simulated minute opens; intrabar exits only known within minute, not actual exchange fills"
1030,1640.0,2361602.0,2362067.0,-1.0,0.423,3446.23,3429.63,3528.889510569655,3428.937541032349,0.7288776450000001,0.7253667450000001,0.0,7.021799999999962,5.567555610000454,7359.457669637696,7365.025225247697,0.19807917314534468,2.0,7341.184158789177,0.0,0.0,2024-06-28 00:00:00+00:00,2024-06-27 00:00:00+00:00,2024-06-28 00:01:00+00:00,61.35,0.03211205765090962,3450.34,2024-06-28 00:02:00+00:00,2024-06-28 07:47:00+00:00,2024-06-28 07:48:00+00:00,target,0.15923237276985472,0.20920108101872853,"simulated minute opens; intrabar exits only known within minute, not actual exchange fills"
1031,1641.0,2363042.0,2363144.0,1.0,0.446,3380.57,3396.92,3302.1924734395684,3397.6046075179356,0.7538671100000001,0.7575131600000001,0.0,7.29209999999996,5.780719729999873,7365.025225247697,7370.8059449776965,0.20471541833032794,2.0,7363.654600954256,0.0,0.0,2024-06-29 00:00:00+00:00,2024-06-28 00:00:00+00:00,2024-06-29 00:01:00+00:00,58.09,0.03040569566326552,3379.51,2024-06-29 00:02:00+00:00,2024-06-29 01:44:00+00:00,2024-06-29 01:45:00+00:00,target,0.16536953344663335,0.2173404579793825,"simulated minute opens; intrabar exits only known within minute, not actual exchange fills"
1032,1642.0,2364482.0,2364907.0,1.0,0.446,3380.48,3394.7200000000003,3302.001513561832,3395.40009770889,0.75384704,0.7570225600000001,0.0,6.351040000000106,4.840170399999806,7370.8059449776965,7375.646115377696,0.20454941986734967,2.0,7358.284016272516,0.0,0.0,2024-06-30 00:00:00+00:00,2024-06-29 00:00:00+00:00,2024-06-30 00:01:00+00:00,57.12,0.029897974458353006,3377.62,2024-06-30 00:02:00+00:00,2024-06-30 07:07:00+00:00,2024-06-30 07:08:00+00:00,target,0.13828503189278485,0.1901170420844595,"simulated minute opens; intrabar exits only known within minute, not actual exchange fills"
1033,1643.0,2365922.0,2366013.0,-1.0,0.462,3435.4500000000003,3511.69,3510.9868582075105,3417.009172715569,0.7935889500000001,0.8112003900000001,0.0,-35.222879999999904,-36.827669340000284,7375.646115377696,7338.818446037696,0.215191710010442,1.0,7338.818446037696,0.0,0.0,2024-07-01 00:00:00+00:00,2024-06-30 00:00:00+00:00,2024-07-01 00:01:00+00:00,58.31,0.030520848926235366,3436.73,2024-07-01 00:02:00+00:00,2024-07-01 01:33:00+00:00,2024-07-01 01:34:00+00:00,stop,-1.0552936922663152,0.2441301865345215,"simulated minute opens; intrabar exits only known within minute, not actual exchange fills"
1034,1644.0,2367362.0,2368212.0,-1.0,0.466,3442.33,3420.92,3516.830457533275,3420.2310950922974,0.8020628900000001,0.7970743600000001,-0.160234182609218,9.977059999999932,8.538156932609127,7338.818446037696,7347.356602970305,0.21858093258405706,2.0,7328.1465031476955,0.0,0.0,2024-07-02 00:00:00+00:00,2024-07-01 00:00:00+00:00,2024-07-02 00:01:00+00:00,59.98,0.03139496687696102,3440.46,2024-07-02 00:02:00+00:00,2024-07-02 14:12:00+00:00,2024-07-02 14:13:00+00:00,target,0.24593439804164055,0.29662777437081095,"simulated minute opens; intrabar exits only known within minute, not actual exchange fills"
1035,1645.0,2368802.0,2368994.0,1.0,0.464,3421.12,3345.4700000000003,3346.1440280746415,3438.1417255508186,0.79369984,0.7761490400000002,0.0,-35.101599999999834,-36.67144887999984,7347.356602970305,7310.685154090305,0.2160504472259131,1.0,7310.407023131425,0.0,0.0,2024-07-03 00:00:00+00:00,2024-07-02 00:00:00+00:00,2024-07-03 00:01:00+00:00,56.37,0.029505406516410346,3420.43,2024-07-03 00:02:00+00:00,2024-07-03 03:14:00+00:00,2024-07-03 03:15:00+00:00,stop,-1.0541149780449726,0.22702907496503696,"simulated minute opens; intrabar exits only known within minute, not actual exchange fills"
1036,1646.0,2370242.0,2370282.0,1.0,0.433,3300.92,3311.55,3220.470504474835,3312.214288250954,0.71464918,0.716950575,0.0,4.602790000000047,3.171190244999707,7310.685154090305,7313.856344335305,0.19550812678621676,2.0,7309.240348818215,0.0,0.0,2024-07-04 00:00:00+00:00,2024-07-03 00:00:00+00:00,2024-07-04 00:01:00+00:00,57.93,0.030321947835651085,3294.75,2024-07-04 00:02:00+00:00,2024-07-04 00:42:00+00:00,2024-07-04 00:43:00+00:00,target,0.09103556153075426,0.1403897958243976,"simulated minute opens; intrabar exits only known within minute, not actual exchange fills"
1037,1647.0,2371682.0,2371703.0,1.0,0.442,3066.98,3075.26,2987.8855810209757,3075.878890636819,0.67780258,0.6796324600000001,0.0,3.6597600000000883,2.302324960000078,7313.856344335305,7316.158669295305,0.18534752341012786,2.0,7301.553983320985,0.0,0.0,2024-07-05 00:00:00+00:00,2024-07-04 00:00:00+00:00,2024-07-05 00:01:00+00:00,59.25,0.031012867413470164,3059.31,2024-07-05 00:02:00+00:00,2024-07-05 00:23:00+00:00,2024-07-05 00:24:00+00:00,target,0.06585647972686366,0.11250971625670578,"simulated minute opens; intrabar exits only known within minute, not actual exchange fills"
1038,1648.0,2373122.0,2373154.0,1.0,0.465,2981.33,2996.87,2906.2838208779067,2997.4776748461495,0.693159225,0.696772275,0.0,7.226099999999984,5.836168499999985,7316.158669295305,7321.994837795305,0.1894872039637613,2.0,7309.997110070305,0.0,0.0,2024-07-06 00:00:00+00:00,2024-07-05 00:00:00+00:00,2024-07-06 00:01:00+00:00,62.53,0.03272969787956606,2980.43,2024-07-06 00:02:00+00:00,2024-07-06 00:34:00+00:00,2024-07-06 00:35:00+00:00,target,0.16724235859604267,0.21516984655379726,"simulated minute opens; intrabar exits only known within minute, not actual exchange fills"
1039,1649.0,2374562.0,2374618.0,-1.0,0.46900000000000003,3061.86,3047.12,3136.0246519426105,3046.5019497744324,0.7180061700000001,0.7145496400000001,0.0,6.913060000000112,5.48050418999992,7321.994837795305,7327.475341985305,0.19612310194312998,2.0,7319.879211625305,0.0,0.0,2024-07-07 00:00:00+00:00,2024-07-06 00:00:00+00:00,2024-07-07 00:01:00+00:00,62.13,0.032520328310529985,3065.5,2024-07-07 00:02:00+00:00,2024-07-07 00:58:00+00:00,2024-07-07 00:59:00+00:00,target,0.15756171833776336,0.20708045980519085,"simulated minute opens; intrabar exits only known within minute, not actual exchange fills"
1040,1650.0,2376002.0,2376022.0,1.0,0.464,2932.41,2946.36,2857.0679330374464,2946.9576791580766,0.68031912,0.6835555200000001,0.0,6.472800000000127,5.108925360000285,7327.475341985305,7332.584267345305,0.18568991043937774,2.0,7321.1249428653055,0.0,0.0,2024-07-08 00:00:00+00:00,2024-07-07 00:00:00+00:00,2024-07-08 00:01:00+00:00,62.72,0.03282914842485821,2930.24,2024-07-08 00:02:00+00:00,2024-07-08 00:22:00+00:00,2024-07-08 00:23:00+00:00,target,0.14614166353404026,0.19308839994139385,"simulated minute opens; intrabar exits only known within minute, not actual exchange fills"
1041,1651.0,2377442.0,2377962.0,-1.0,0.452,3012.7400000000002,3090.67,3090.0473977673064,2997.624442724084,0.6808792400000001,0.6984914200000001,-0.0149149548856,-35.224359999999926,-36.58881570511494,7332.584267345305,7295.99545164019,0.18571330793488613,1.0,7295.102903060191,0.0,0.0,2024-07-09 00:00:00+00:00,2024-07-08 00:00:00+00:00,2024-07-09 00:01:00+00:00,65.23,0.03414294247055964,3017.51,2024-07-09 00:02:00+00:00,2024-07-09 08:42:00+00:00,2024-07-09 08:43:00+00:00,stop,-1.0471016959574206,0.19552536642629942,"simulated minute opens; intrabar exits only known within minute, not actual exchange fills"
1042,1652.0,2378882.0,2378901.0,-1.0,0.487,3064.88,3046.14,3135.9868522410347,3045.5256654792183,0.74629828,0.7417350899999999,0.0,9.126380000000115,7.638346630000342,7295.99545164019,7303.633798270191,0.20457750692051951,2.0,7294.791373360191,0.0,0.0,2024-07-10 00:00:00+00:00,2024-07-09 00:00:00+00:00,2024-07-10 00:01:00+00:00,63.07,0.03301234679776478,3065.06,2024-07-10 00:02:00+00:00,2024-07-10 00:21:00+00:00,2024-07-10 00:22:00+00:00,target,0.22057635102217943,0.2721866305539074,"simulated minute opens; intrabar exits only known within minute, not actual exchange fills"
1043,1653.0,2380322.0,2380518.0,-1.0,0.47800000000000004,3096.89,3080.52,3169.4669608463805,3079.8957233605784,0.7401567099999999,0.73624428,0.0,7.824859999999949,6.348459010000624,7303.633798270191,7309.982257280191,0.20268176922432787,2.0,7287.956141560191,0.0,0.0,2024-07-11 00:00:00+00:00,2024-07-10 00:00:00+00:00,2024-07-11 00:01:00+00:00,61.55,0.03221674243542765,3099.12,2024-07-11 00:02:00+00:00,2024-07-11 03:18:00+00:00,2024-07-11 03:19:00+00:00,target,0.1829960202951049,0.23415525314420776,"simulated minute opens; intrabar exits only known within minute, not actual exchange fills"
1044,1654.0,2381762.0,2381802.0,1.0,0.451,3100.59,3114.9300000000003,3023.3228092870363,3115.560190112861,0.6991830450000002,0.7024167150000001,0.0,6.467340000000066,5.065740240000196,7309.982257280191,7315.0479975201915,0.1912954150616895,2.0,7304.794834985191,0.0,0.0,2024-07-12 00:00:00+00:00,2024-07-11 00:00:00+00:00,2024-07-12 00:01:00+00:00,60.72,0.03178230057967778,3098.25,2024-07-12 00:02:00+00:00,2024-07-12 00:42:00+00:00,2024-07-12 00:43:00+00:00,target,0.145368815617052,0.19374575385396184,"simulated minute opens; intrabar exits only known within minute, not actual exchange fills"
1045,1655.0,2383202.0,2383465.0,-1.0,0.497,3130.87,3115.56,3200.638856715985,3114.9352478711917,0.7780211949999999,0.77421666,0.0,7.6090699999999725,6.056832145000044,7315.0479975201915,7321.104829665192,0.21271800137572572,2.0,7310.274096325191,0.0,0.0,2024-07-13 00:00:00+00:00,2024-07-12 00:00:00+00:00,2024-07-13 00:01:00+00:00,57.98,0.030348119031780592,3133.24,2024-07-13 00:02:00+00:00,2024-07-13 04:25:00+00:00,2024-07-13 04:26:00+00:00,target,0.17467370935444723,0.2283934821187528,"simulated minute opens; intrabar exits only known within minute, not actual exchange fills"
1046,1656.0,2384642.0,2385950.0,-1.0,0.51,3175.41,3243.88,3243.2223639963877,3155.4381916203565,0.80972955,0.8271894000000001,-0.15542377550225353,-34.919700000000134,-36.40119517449875,7321.104829665192,7284.703634490693,0.22120419495127774,1.0,7283.608123890693,0.0,0.0,2024-07-14 00:00:00+00:00,2024-07-13 00:00:00+00:00,2024-07-14 00:01:00+00:00,58.5,0.0306202994715275,3174.01,2024-07-14 00:02:00+00:00,2024-07-14 21:50:00+00:00,2024-07-14 21:51:00+00:00,stop,-1.0525350878907436,0.29451573728807295,"simulated minute opens; intrabar exits only known within minute, not actual exchange fills"
1047,1657.0,2386082.0,2386232.0,-1.0,0.47700000000000004,3243.35,3316.37,3315.6986626089447,3224.0585147475244,0.773538975,0.790954245,0.0,-34.83053999999999,-36.39503321999928,7284.703634490693,7248.3086012706935,0.21237349213152493,1.0,7248.3086012706935,0.0,0.0,2024-07-15 00:00:00+00:00,2024-07-14 00:00:00+00:00,2024-07-15 00:01:00+00:00,60.17,0.03149441742225316,3243.56,2024-07-15 00:02:00+00:00,2024-07-15 02:32:00+00:00,2024-07-15 02:33:00+00:00,stop,-1.0546132747803578,0.2666460520044275,"simulated minute opens; intrabar exits only known within minute, not actual exchange fills"
1048,1658.0,2387522.0,2387933.0,1.0,0.373,3485.69,3392.15,3392.8337120857555,3502.45796829877,0.650081185,0.632635975,0.0,-34.890419999999985,-36.1731371599999,7248.3086012706935,7212.135464110694,0.17937458813109447,1.0,7212.135464110694,0.0,0.0,2024-07-16 00:00:00+00:00,2024-07-15 00:00:00+00:00,2024-07-16 00:01:00+00:00,64.61,0.03381841963855371,3481.62,2024-07-16 00:02:00+00:00,2024-07-16 06:53:00+00:00,2024-07-16 06:54:00+00:00,stop,-1.0443979850838156,0.1805797827526308,"simulated minute opens; intrabar exits only known within minute, not actual exchange fills"
1049,1659.0,2388962.0,2389001.0,1.0,0.39,3443.08,3462.71,3354.900682179483,3463.405300424281,0.6714006,0.6752284500000001,0.0,7.655700000000043,6.309070950000205,7212.135464110694,7218.444535060694,0.18618635308253695,2.0,7211.141113964293,0.0,0.0,2024-07-17 00:00:00+00:00,2024-07-16 00:00:00+00:00,2024-07-17 00:01:00+00:00,64.69,0.03386029355236093,3442.83,2024-07-17 00:02:00+00:00,2024-07-17 00:41:00+00:00,2024-07-17 00:42:00+00:00,target,0.1834569080351461,0.23049963332276863,"simulated minute opens; intrabar exits only known within minute, not actual exchange fills"
1050,1660.0,2390402.0,2390436.0,1.0,0.371,3389.34,3406.34,3296.2966901851596,3407.0249629832856,0.62872257,0.63187607,0.0,6.307,5.0464013600003454,7218.444535060694,7223.490936420694,0.17419890585741368,2.0,7215.178002490694,0.0,0.0,2024-07-18 00:00:00+00:00,2024-07-17 00:00:00+00:00,2024-07-18 00:01:00+00:00,67.05,0.03509557400967383,3386.0,2024-07-18 00:02:00+00:00,2024-07-18 00:36:00+00:00,2024-07-18 00:37:00+00:00,target,0.14619170391798947,0.19007237617061515,"simulated minute opens; intrabar exits only known within minute, not actual exchange fills"
1051,1661.0,2391842.0,2392216.0,1.0,0.395,3424.57,3444.9300000000003,3337.3445256408045,3445.6228072599497,0.6763525750000001,0.680373675,0.0,8.04220000000005,6.685473749999801,7223.490936420694,7230.176410170694,0.1872647397091188,2.0,7206.442372483494,0.0,0.0,2024-07-19 00:00:00+00:00,2024-07-18 00:00:00+00:00,2024-07-19 00:01:00+00:00,64.84,0.03393880714074946,3424.99,2024-07-19 00:02:00+00:00,2024-07-19 06:16:00+00:00,2024-07-19 06:17:00+00:00,target,0.1940402173142801,0.2413607654714927,"simulated minute opens; intrabar exits only known within minute, not actual exchange fills"
1052,1662.0,2393282.0,2394332.0,1.0,0.362,3505.7000000000003,3523.12,3410.21600939666,3523.826951219012,0.6345317,0.63768472,0.13947085084699998,6.306039999999862,4.89435272915307,7230.176410170694,7235.070762899847,0.1755231584964936,2.0,7219.703522002094,0.0,0.0,2024-07-20 00:00:00+00:00,2024-07-19 00:00:00+00:00,2024-07-20 00:01:00+00:00,66.46,0.0347867538953456,3502.18,2024-07-20 00:02:00+00:00,2024-07-20 17:32:00+00:00,2024-07-20 17:33:00+00:00,target,0.14159767853300437,0.189842832337355,"simulated minute opens; intrabar exits only known within minute, not actual exchange fills"
1053,1663.0,2394722.0,2395808.0,1.0,0.354,3519.71,3421.02,3421.7052116532445,3538.1485104379385,0.62298867,0.60552054,0.10203154382907886,-34.93626000000002,-36.26680075382956,7235.070762899847,7198.8039621460175,0.1722135665056864,1.0,7198.173067958638,0.0,0.0,2024-07-21 00:00:00+00:00,2024-07-20 00:00:00+00:00,2024-07-21 00:01:00+00:00,67.93,0.03555618706155322,3516.03,2024-07-21 00:02:00+00:00,2024-07-21 18:08:00+00:00,2024-07-21 18:09:00+00:00,stop,-1.0453426962936256,0.1881388730997539,"simulated minute opens; intrabar exits only known within minute, not actual exchange fills"
1054,1664.0,2396162.0,2396207.0,1.0,0.361,3532.44,3556.79,3437.0661440559143,3557.5041820830165,0.63760542,0.642000595,0.0,8.790349999999966,7.510743984999863,7198.8039621460175,7206.314706131017,0.17714204285955443,2.0,7196.507662914318,0.0,0.0,2024-07-22 00:00:00+00:00,2024-07-21 00:00:00+00:00,2024-07-22 00:01:00+00:00,70.97,0.03714739578622747,3534.29,2024-07-22 00:02:00+00:00,2024-07-22 00:47:00+00:00,2024-07-22 00:48:00+00:00,target,0.21814557872334592,0.262799294784838,"simulated minute opens; intrabar exits only known within minute, not actual exchange fills"
1055,1665.0,2397602.0,2397640.0,1.0,0.387,3434.94,3459.08,3346.141205299232,3459.779095516826,0.6646608900000001,0.66933198,0.0,9.342179999999951,8.008187129999897,7206.314706131017,7214.322893261017,0.18446624026411645,2.0,7205.478313991018,0.0,0.0,2024-07-23 00:00:00+00:00,2024-07-22 00:00:00+00:00,2024-07-23 00:01:00+00:00,68.61,0.035912115328914564,3438.08,2024-07-23 00:02:00+00:00,2024-07-23 00:40:00+00:00,2024-07-23 00:41:00+00:00,target,0.23303232965864473,0.279723340846328,"simulated minute opens; intrabar exits only known within minute, not actual exchange fills"
1056,1666.0,2399042.0,2400153.0,1.0,0.404,3477.55,3391.81,3392.4906295289347,3502.0340175360047,0.7024651000000002,0.68514562,0.2093580397992,-34.6389600000001,-36.23592875979921,7214.322893261017,7178.086964501218,0.19474179639399863,1.0,7178.086964501218,0.0,0.0,2024-07-24 00:00:00+00:00,2024-07-23 00:00:00+00:00,2024-07-24 00:01:00+00:00,65.34,0.034200519102044566,3481.01,2024-07-24 00:02:00+00:00,2024-07-24 18:33:00+00:00,2024-07-24 18:34:00+00:00,stop,-1.0544739806216972,0.28784621142162414,"simulated minute opens; intrabar exits only known within minute, not actual exchange fills"
1057,1667.0,2400482.0,2400548.0,1.0,0.419,3333.75,3251.55,3252.2014199037153,3353.584428537122,0.698420625,0.681199725,0.0,-34.44179999999992,-35.82142035000015,7178.086964501218,7142.265544151218,0.19459798368395248,1.0,7142.265544151218,0.0,0.0,2024-07-25 00:00:00+00:00,2024-07-24 00:00:00+00:00,2024-07-25 00:01:00+00:00,62.76,0.03285008538176181,3334.24,2024-07-25 00:02:00+00:00,2024-07-25 01:08:00+00:00,2024-07-25 01:09:00+00:00,stop,-1.0483646667919773,0.24322224266447853,"simulated minute opens; intrabar exits only known within minute, not actual exchange fills"
1058,1668.0,2401922.0,2401965.0,1.0,0.418,3173.58,3192.06,3091.920234815464,3192.7032274574094,0.6632782199999999,0.66714054,0.0,7.724640000000007,6.394221239999752,7142.265544151218,7148.659765391218,0.1857332847399259,2.0,7140.724788932357,0.0,0.0,2024-07-26 00:00:00+00:00,2024-07-25 00:00:00+00:00,2024-07-26 00:01:00+00:00,64.93,0.03398591529378258,3173.67,2024-07-26 00:02:00+00:00,2024-07-26 00:45:00+00:00,2024-07-26 00:46:00+00:00,target,0.18732823888766542,0.23418175908532854,"simulated minute opens; intrabar exits only known within minute, not actual exchange fills"
1059,1669.0,2403362.0,2404085.0,1.0,0.432,3270.2400000000002,3291.09,3191.462417055818,3291.7534342169447,0.7063718400000001,0.71087544,0.1048592866464,9.00719999999996,7.485093433353541,7148.659765391218,7156.144858824571,0.1976235723008544,2.0,7135.567953551217,0.0,0.0,2024-07-27 00:00:00+00:00,2024-07-26 00:00:00+00:00,2024-07-27 00:01:00+00:00,62.88,0.032912896252472644,3272.82,2024-07-27 00:02:00+00:00,2024-07-27 12:05:00+00:00,2024-07-27 12:06:00+00:00,target,0.21994334583832864,0.27309081356542536,"simulated minute opens; intrabar exits only known within minute, not actual exchange fills"
1060,1670.0,2404802.0,2405540.0,1.0,0.47900000000000004,3240.2400000000002,3265.87,3169.5149122016674,3266.524110762039,0.7760374800000001,0.782175865,0.15455797200000002,12.276769999999836,10.563998683000136,7156.144858824571,7166.708857507571,0.21688702375638264,2.0,7135.193341344571,0.0,0.0,2024-07-28 00:00:00+00:00,2024-07-27 00:00:00+00:00,2024-07-28 00:01:00+00:00,61.44,0.03215916580394273,3248.17,2024-07-28 00:02:00+00:00,2024-07-28 12:20:00+00:00,2024-07-28 12:21:00+00:00,target,0.3118310303535621,0.37163772545586576,"simulated minute opens; intrabar exits only known within minute, not actual exchange fills"
1061,1671.0,2406242.0,2406424.0,-1.0,0.46900000000000003,3266.12,3339.09,3338.4139671533944,3248.6893576705024,0.7659051400000001,0.783016605,0.0,-34.22293000000012,-35.77185174499937,7166.708857507571,7130.937005762572,0.2137397109965384,1.0,7130.937005762572,0.0,0.0,2024-07-29 00:00:00+00:00,2024-07-28 00:00:00+00:00,2024-07-29 00:01:00+00:00,59.35,0.031065209805729188,3268.03,2024-07-29 00:02:00+00:00,2024-07-29 03:04:00+00:00,2024-07-29 03:05:00+00:00,stop,-1.0550341612622,0.2411078408868175,"simulated minute opens; intrabar exits only known within minute, not actual exchange fills"
1062,1672.0,2407682.0,2407700.0,-1.0,0.47600000000000003,3315.78,3298.4,3386.5984699328274,3297.734476580819,0.78915564,0.7850192000000001,0.0,8.272880000000052,6.698705159999918,7130.937005762572,7137.635710922572,0.22133294386481792,2.0,7128.448530122572,0.0,0.0,2024-07-30 00:00:00+00:00,2024-07-29 00:00:00+00:00,2024-07-30 00:01:00+00:00,57.89,0.03030101087874747,3316.87,2024-07-30 00:02:00+00:00,2024-07-30 00:20:00+00:00,2024-07-30 00:21:00+00:00,target,0.19871807472469094,0.2548137997940072,"simulated minute opens; intrabar exits only known within minute, not actual exchange fills"
1063,1673.0,2409122.0,2409266.0,1.0,0.47900000000000004,3276.37,3294.03,3205.768878661441,3294.69449800807,0.784690615,0.788920185,0.0,8.459140000000149,6.885529200000747,7137.635710922572,7144.521240122573,0.21987410027082346,2.0,7129.354296543872,0.0,0.0,2024-07-31 00:00:00+00:00,2024-07-30 00:00:00+00:00,2024-07-31 00:01:00+00:00,56.23,0.029432127167247718,3278.17,2024-07-31 00:02:00+00:00,2024-07-31 02:26:00+00:00,2024-07-31 02:27:00+00:00,target,0.20360583128798976,0.259549673725393,"simulated minute opens; intrabar exits only known within minute, not actual exchange fills"
1064,1674.0,2410562.0,2410827.0,1.0,0.462,3235.09,3161.0,3161.6422155724013,3247.3660218509285,0.7473057900000001,0.730191,0.0,-34.22958000000007,-35.70707678999952,7144.521240122573,7108.814163332573,0.20919688384527196,1.0,7108.814163332573,0.0,0.0,2024-08-01 00:00:00+00:00,2024-07-31 00:00:00+00:00,2024-08-01 00:01:00+00:00,54.87,0.028720270632525025,3231.48,2024-08-01 00:02:00+00:00,2024-08-01 04:27:00+00:00,2024-08-01 04:28:00+00:00,stop,-1.052285587677401,0.16713944398185973,"simulated minute opens; intrabar exits only known within minute, not actual exchange fills"
1065,1675.0,2412002.0,2412378.0,1.0,0.488,3201.16,3131.6,3132.2342824349125,3217.4358776498448,0.78108304,0.7641104,0.0,-33.945279999999975,-35.49047344000064,7108.814163332573,7073.3236898925725,0.21975058625919475,1.0,7073.3236898925725,0.0,0.0,2024-08-02 00:00:00+00:00,2024-08-01 00:00:00+00:00,2024-08-02 00:01:00+00:00,54.92,0.02874644182865454,3201.67,2024-08-02 00:02:00+00:00,2024-08-02 06:18:00+00:00,2024-08-02 06:19:00+00:00,stop,-1.0551414271650488,0.23613649918806318,"simulated minute opens; intrabar exits only known within minute, not actual exchange fills"
1066,1676.0,2413442.0,2413510.0,1.0,0.489,2988.7000000000003,2919.42,2920.0134932183787,3003.23208083156,0.7307371500000001,0.71379819,0.0,-33.877920000000096,-35.32245534000049,7073.3236898925725,7038.001234552572,0.20661776048625827,1.0,7038.001234552572,0.0,0.0,2024-08-03 00:00:00+00:00,2024-08-02 00:00:00+00:00,2024-08-03 00:01:00+00:00,56.76,0.02970954184622053,2988.11,2024-08-03 00:02:00+00:00,2024-08-03 01:10:00+00:00,2024-08-03 01:11:00+00:00,stop,-1.0516484733989797,0.21157111509196652,"simulated minute opens; intrabar exits only known within minute, not actual exchange fills"
1067,1677.0,2414882.0,2414932.0,1.0,0.46,2904.77,2916.69,2831.8223886414303,2917.2834307163466,0.6680971000000001,0.6708387,0.0,5.483200000000034,4.14426420000018,7038.001234552572,7042.145498752572,0.18985421506322686,2.0,7035.423496240172,0.0,0.0,2024-08-04 00:00:00+00:00,2024-08-03 00:00:00+00:00,2024-08-04 00:01:00+00:00,59.69,0.031243173939409858,2901.94,2024-08-04 00:02:00+00:00,2024-08-04 00:52:00+00:00,2024-08-04 00:53:00+00:00,target,0.12350328999418299,0.1715399652339213,"simulated minute opens; intrabar exits only known within minute, not actual exchange fills"
1068,1678.0,2416322.0,2416358.0,1.0,0.438,2689.55,2611.83,2612.355681054943,2703.894149318458,0.5890114500000001,0.57199077,0.0,-34.04136000000011,-35.202362219999486,7042.145498752572,7006.943136532573,0.16728181776543416,1.0,7003.172403756852,0.0,0.0,2024-08-05 00:00:00+00:00,2024-08-04 00:00:00+00:00,2024-08-05 00:01:00+00:00,68.27,0.03573415119523389,2687.6,2024-08-05 00:02:00+00:00,2024-08-05 00:38:00+00:00,2024-08-05 00:39:00+00:00,stop,-1.0411477307961283,0.18581871716061354,"simulated minute opens; intrabar exits only known within minute, not actual exchange fills"
1069,1679.0,2417762.0,2417776.0,-1.0,0.523,2420.7200000000003,2485.19,2484.685155779734,2398.8727592489604,0.6330182800000002,0.649877185,0.0,-33.71780999999989,-35.000705465000465,7006.943136532573,6971.942431067572,0.1806831503168878,1.0,6971.867275732223,0.0,0.0,2024-08-06 00:00:00+00:00,2024-08-05 00:00:00+00:00,2024-08-06 00:01:00+00:00,76.22,0.03989537137982609,2418.6,2024-08-06 00:02:00+00:00,2024-08-06 00:16:00+00:00,2024-08-06 00:17:00+00:00,stop,-1.0462407881949414,0.341549090043204,"simulated minute opens; intrabar exits only known within minute, not actual exchange fills"
1070,1680.0,2419202.0,2419300.0,1.0,0.426,2463.08,2475.41,2384.2373811632833,2475.908926159963,0.52463604,0.5272623299999999,0.0,5.252579999999969,4.200681629999963,6971.942431067572,6976.143112697572,0.15049924613897467,2.0,6954.963735436792,0.0,0.0,2024-08-07 00:00:00+00:00,2024-08-06 00:00:00+00:00,2024-08-07 00:01:00+00:00,73.04,0.03823088330598921,2459.87,2024-08-07 00:02:00+00:00,2024-08-07 01:40:00+00:00,2024-08-07 01:41:00+00:00,target,0.12506884151605335,0.16271562702060588,"simulated minute opens; intrabar exits only known within minute, not actual exchange fills"
1071,1681.0,2420642.0,2420674.0,-1.0,0.533,2343.53,2322.81,2406.0759440160086,2322.340302565201,0.6245507450000002,0.619028865,0.0,11.043760000000136,9.800180389999696,6976.143112697572,6985.943293087572,0.17905330636443767,2.0,6968.824081952572,0.0,0.0,2024-08-08 00:00:00+00:00,2024-08-07 00:00:00+00:00,2024-08-08 00:01:00+00:00,76.02,0.039790686595308045,2341.41,2024-08-08 00:02:00+00:00,2024-08-08 00:34:00+00:00,2024-08-08 00:35:00+00:00,target,0.29397317906487075,0.33878611584111296,"simulated minute opens; intrabar exits only known within minute, not actual exchange fills"
1072,1682.0,2422082.0,2422136.0,-1.0,0.437,2675.76,2661.82,2752.267504749899,2661.281183558177,0.5846535600000001,0.58160767,0.0,6.091780000000024,4.925518770000053,6985.943293087572,6990.868811857572,0.16737999020933972,2.0,6977.588779527571,0.0,0.0,2024-08-09 00:00:00+00:00,2024-08-08 00:00:00+00:00,2024-08-09 00:01:00+00:00,70.72,0.03701653980557991,2681.59,2024-08-09 00:02:00+00:00,2024-08-09 00:56:00+00:00,2024-08-09 00:57:00+00:00,target,0.147321625987482,0.18924700902420125,"simulated minute opens; intrabar exits only known within minute, not actual exchange fills"
1073,1683.0,2423522.0,2423541.0,1.0,0.451,2594.43,2614.4900000000002,2520.0441819223574,2615.016670997421,0.585043965,0.5895674950000002,0.0,9.047060000000181,7.872448539999823,6990.868811857572,6998.741260397572,0.1673737501718461,2.0,6987.533163307052,0.0,0.0,2024-08-10 00:00:00+00:00,2024-08-09 00:00:00+00:00,2024-08-10 00:01:00+00:00,71.35,0.03734629687681174,2597.9,2024-08-10 00:02:00+00:00,2024-08-10 00:21:00+00:00,2024-08-10 00:22:00+00:00,target,0.23466220377894978,0.27675532150406956,"simulated minute opens; intrabar exits only known within minute, not actual exchange fills"
1074,1684.0,2424962.0,2425416.0,-1.0,0.454,2604.69,2678.98,2678.4364593000055,2589.1896874046934,0.5912646300000001,0.60812846,0.0,-33.727659999999986,-34.9270530900003,6998.741260397572,6963.814207307571,0.16896313436979737,1.0,6963.814207307571,0.0,0.0,2024-08-11 00:00:00+00:00,2024-08-10 00:00:00+00:00,2024-08-11 00:01:00+00:00,71.68,0.03751902677126653,2608.76,2024-08-11 00:02:00+00:00,2024-08-11 07:36:00+00:00,2024-08-11 07:37:00+00:00,stop,-1.0431936086183733,0.21018382092420748,"simulated minute opens; intrabar exits only known within minute, not actual exchange fills"
1075,1685.0,2426402.0,2426412.0,1.0,0.429,2554.2200000000003,2571.7200000000003,2476.1871322603547,2572.2426789494957,0.5478801900000001,0.5516339400000001,0.0,7.5075,6.40798586999972,6963.814207307571,6970.222193177571,0.15735060519709865,2.0,6962.506535616531,0.0,0.0,2024-08-12 00:00:00+00:00,2024-08-11 00:00:00+00:00,2024-08-12 00:01:00+00:00,74.26,0.038869460491549275,2554.65,2024-08-12 00:02:00+00:00,2024-08-12 00:12:00+00:00,2024-08-12 00:13:00+00:00,target,0.1914197239275676,0.23096266318992165,"simulated minute opens; intrabar exits only known within minute, not actual exchange fills"
1076,1686.0,2427842.0,2427975.0,-1.0,0.432,2719.73,2700.89,2796.9671784093816,2700.341340532928,0.58746168,0.58339224,0.0,8.138880000000063,6.968026079999618,6970.222193177571,6977.190219257571,0.16856325773230169,2.0,6962.083371497571,0.0,0.0,2024-08-13 00:00:00+00:00,2024-08-12 00:00:00+00:00,2024-08-13 00:01:00+00:00,73.43,0.0384350186357994,2721.15,2024-08-13 00:02:00+00:00,2024-08-13 02:15:00+00:00,2024-08-13 02:16:00+00:00,target,0.20883323720743172,0.2510275474371428,"simulated minute opens; intrabar exits only known within minute, not actual exchange fills"
1077,1687.0,2429282.0,2429491.0,1.0,0.41300000000000003,2701.78,2718.6,2620.541306194561,2719.1455067237816,0.5579175700000001,0.5613909,0.0,6.946659999999881,5.82735152999976,6977.190219257571,6983.017570787571,0.1599261457599667,2.0,6969.54935168757,0.0,0.0,2024-08-14 00:00:00+00:00,2024-08-13 00:00:00+00:00,2024-08-14 00:01:00+00:00,72.03,0.037702225144173096,2701.01,2024-08-14 00:02:00+00:00,2024-08-14 03:31:00+00:00,2024-08-14 03:32:00+00:00,target,0.17368336859023598,0.21375905877278836,"simulated minute opens; intrabar exits only known within minute, not actual exchange fills"
1078,1688.0,2430722.0,2431802.0,1.0,0.425,2662.43,2583.06,2583.577281663185,2677.0144374215233,0.5657663749999999,0.5489002500000001,0.093875214565,-33.73224999999995,-34.940791839564554,6983.017570787571,6948.076778948006,0.16204065628212094,1.0,6939.884377334756,0.0,0.0,2024-08-15 00:00:00+00:00,2024-08-14 00:00:00+00:00,2024-08-15 00:01:00+00:00,69.1,0.036168593050983765,2659.82,2024-08-15 00:02:00+00:00,2024-08-15 18:02:00+00:00,2024-08-15 18:03:00+00:00,stop,-1.0426226209048166,0.1849579536272541,"simulated minute opens; intrabar exits only known within minute, not actual exchange fills"
1079,1689.0,2432162.0,2432311.0,1.0,0.463,2569.08,2584.17,2497.164264628576,2584.6927083579053,0.59474202,0.598235355,0.0,6.986670000000068,5.7936926250004035,6948.076778948006,6953.870471573006,0.1711961565542886,2.0,6939.288087413556,0.0,0.0,2024-08-16 00:00:00+00:00,2024-08-15 00:00:00+00:00,2024-08-16 00:01:00+00:00,66.73,0.03492807835444496,2568.73,2024-08-16 00:02:00+00:00,2024-08-16 02:31:00+00:00,2024-08-16 02:32:00+00:00,target,0.17400051512193954,0.21709724968075816,"simulated minute opens; intrabar exits only known within minute, not actual exchange fills"
1080,1690.0,2433602.0,2435039.0,-1.0,0.503,2588.44,2613.16,2654.2676104792545,2573.864367407,0.65099266,0.65720974,0.0779773943286875,-12.434159999999899,-13.820339794328902,6953.870471573006,6940.0501317786775,0.187231747459553,3.0,6934.028755205938,0.0,0.0,2024-08-17 00:00:00+00:00,2024-08-16 00:00:00+00:00,2024-08-17 00:01:00+00:00,64.67,0.03384982507390912,2591.52,2024-08-17 00:02:00+00:00,2024-08-17 23:59:00+00:00,2024-08-17 23:59:00+00:00,scheduled_23_59_exit,-0.41739058186643335,0.22142126209478089,"simulated minute opens; intrabar exits only known within minute, not actual exchange fills"
1081,1691.0,2435042.0,2435308.0,-1.0,0.519,2612.4700000000003,2595.94,2676.0181475467907,2595.41484537977,0.6779359650000001,0.67364643,0.0,8.579070000000105,7.227487605000533,6940.0501317786775,6947.277619383678,0.1953691838321781,2.0,6926.539135447308,0.0,0.0,2024-08-18 00:00:00+00:00,2024-08-17 00:00:00+00:00,2024-08-18 00:01:00+00:00,64.66,0.03384459083468322,2613.18,2024-08-18 00:02:00+00:00,2024-08-18 04:28:00+00:00,2024-08-18 04:29:00+00:00,target,0.21913770168906138,0.26838161738188104,"simulated minute opens; intrabar exits only known within minute, not actual exchange fills"
1082,1692.0,2436482.0,2436575.0,1.0,0.44,2614.39,2626.28,2538.633936639104,2626.814574769289,0.5751658,0.5777816,0.0,5.231600000000144,4.078652600000169,6947.277619383678,6951.356271983678,0.1655801974561153,2.0,6941.955233585279,0.0,0.0,2024-08-19 00:00:00+00:00,2024-08-18 00:00:00+00:00,2024-08-19 00:01:00+00:00,66.78,0.034954249550574475,2610.67,2024-08-19 00:02:00+00:00,2024-08-19 01:35:00+00:00,2024-08-19 01:36:00+00:00,target,0.12236202079086958,0.16400766114389073,"simulated minute opens; intrabar exits only known within minute, not actual exchange fills"
1083,1693.0,2437922.0,2437936.0,-1.0,0.535,2636.84,2617.9900000000002,2698.5096090396346,2617.462831307849,0.7053547000000001,0.7003123250000001,0.0,10.084749999999952,8.67908297500071,6951.356271983678,6960.035354958679,0.20294016660973588,2.0,6950.239981937929,0.0,0.0,2024-08-20 00:00:00+00:00,2024-08-19 00:00:00+00:00,2024-08-20 00:01:00+00:00,64.4,0.03370850061480977,2635.15,2024-08-20 00:02:00+00:00,2024-08-20 00:16:00+00:00,2024-08-20 00:17:00+00:00,target,0.2630563944320651,0.31420936493529344,"simulated minute opens; intrabar exits only known within minute, not actual exchange fills"
1084,1694.0,2439362.0,2439482.0,1.0,0.461,2574.82,2586.46,2502.4063464211927,2586.982002524351,0.5934960100000001,0.59617903,0.0,5.366039999999941,4.176364959999773,6960.035354958679,6964.211719918679,0.170543964141551,2.0,6951.431568347958,0.0,0.0,2024-08-21 00:00:00+00:00,2024-08-20 00:00:00+00:00,2024-08-21 00:01:00+00:00,64.91,0.033975446815330775,2571.51,2024-08-21 00:02:00+00:00,2024-08-21 02:02:00+00:00,2024-08-21 02:03:00+00:00,target,0.12510568866878458,0.1679517870357853,"simulated minute opens; intrabar exits only known within minute, not actual exchange fills"
1085,1695.0,2440802.0,2440950.0,-1.0,0.528,2629.4700000000003,2612.42,2692.1529749216656,2611.894856818347,0.6941800800000001,0.6896788800000001,0.0,9.002400000000096,7.618541040000309,6964.211719918679,6971.830260958679,0.19935639751288492,2.0,6958.4856998386795,0.0,0.0,2024-08-22 00:00:00+00:00,2024-08-21 00:00:00+00:00,2024-08-22 00:01:00+00:00,63.55,0.03326359028060808,2629.38,2024-08-22 00:02:00+00:00,2024-08-22 02:30:00+00:00,2024-08-22 02:31:00+00:00,target,0.23019097319539325,0.2803814465349957,"simulated minute opens; intrabar exits only known within minute, not actual exchange fills"
1086,1696.0,2442242.0,2442267.0,1.0,0.494,2621.77,2636.64,2554.406311926,2637.1754965361033,0.64757719,0.65125008,0.0,7.345779999999946,6.046952729999248,6971.830260958679,6977.877213688678,0.18576963745842925,2.0,6970.668923768679,0.0,0.0,2024-08-23 00:00:00+00:00,2024-08-22 00:00:00+00:00,2024-08-23 00:01:00+00:00,62.24,0.03257790494201491,2622.0,2024-08-23 00:02:00+00:00,2024-08-23 00:27:00+00:00,2024-08-23 00:28:00+00:00,target,0.18171206699003442,0.22869140595717022,"simulated minute opens; intrabar exits only known within minute, not actual exchange fills"
1087,1697.0,2443682.0,2443775.0,-1.0,0.514,2762.5,2744.08,2827.0080025563216,2743.52897259673,0.7099624999999999,0.70522856,0.0,9.467880000000038,8.052688939999825,6977.877213688678,6985.929902628678,0.20348953650466894,2.0,6974.150071188678,0.0,0.0,2024-08-24 00:00:00+00:00,2024-08-23 00:00:00+00:00,2024-08-24 00:01:00+00:00,62.66,0.03279774298950279,2761.58,2024-08-24 00:02:00+00:00,2024-08-24 01:35:00+00:00,2024-08-24 01:36:00+00:00,target,0.24286459631611046,0.294087968182033,"simulated minute opens; intrabar exits only known within minute, not actual exchange fills"
1088,1698.0,2445122.0,2445226.0,-1.0,0.508,2765.9500000000003,2748.87,2831.2941482126475,2748.3183067906934,0.7025513000000001,0.69821298,0.0,8.676640000000194,7.275875719999931,6985.929902628678,6993.205778348678,0.20113322343404644,2.0,6977.4955913286785,0.0,0.0,2024-08-25 00:00:00+00:00,2024-08-24 00:00:00+00:00,2024-08-25 00:01:00+00:00,62.54,0.032734932118791964,2766.4,2024-08-25 00:02:00+00:00,2024-08-25 01:46:00+00:00,2024-08-25 01:47:00+00:00,target,0.21918703344927445,0.26982818954083854,"simulated minute opens; intrabar exits only known within minute, not actual exchange fills"
1089,1699.0,2446562.0,2446594.0,1.0,0.449,2748.23,2759.71,2673.6157576204287,2760.262535737983,0.616977635,0.619554895,0.0,5.154520000000009,3.9179874700002983,6993.205778348678,6997.123765818678,0.17645058777197553,2.0,6990.399895100858,0.0,0.0,2024-08-26 00:00:00+00:00,2024-08-25 00:00:00+00:00,2024-08-26 00:01:00+00:00,62.35,0.03263548157349983,2744.47,2024-08-26 00:02:00+00:00,2024-08-26 00:34:00+00:00,2024-08-26 00:35:00+00:00,target,0.11694858410020882,0.16126325690974672,"simulated minute opens; intrabar exits only known within minute, not actual exchange fills"
1090,1700.0,2448002.0,2448333.0,1.0,0.47000000000000003,2682.37,2693.75,2611.2398494330555,2694.2904869657254,0.63035695,0.63303125,0.0,5.348600000000052,4.085211800000252,6997.123765818678,7001.208977618679,0.1801760183460888,2.0,6988.8067048553785,0.0,0.0,2024-08-27 00:00:00+00:00,2024-08-26 00:00:00+00:00,2024-08-27 00:01:00+00:00,61.04,0.031949796234906645,2679.25,2024-08-27 00:02:00+00:00,2024-08-27 05:33:00+00:00,2024-08-27 05:34:00+00:00,target,0.12219768875394248,0.1675869778246364,"simulated minute opens; intrabar exits only known within minute, not actual exchange fills"
1091,1701.0,2449442.0,2449635.0,1.0,0.531,2451.84,2469.84,2388.9179564868327,2470.3351916819065,0.65096352,0.6557425200000001,0.0,9.558,8.251293960000112,7001.208977618679,7009.460271578679,0.1859574602275084,2.0,6982.658004098678,0.0,0.0,2024-08-28 00:00:00+00:00,2024-08-27 00:00:00+00:00,2024-08-28 00:01:00+00:00,64.29,0.033650923983324844,2455.98,2024-08-28 00:02:00+00:00,2024-08-28 03:15:00+00:00,2024-08-28 03:16:00+00:00,target,0.24695892142708942,0.2939381915979248,"simulated minute opens; intrabar exits only known within minute, not actual exchange fills"
1092,1702.0,2450882.0,2451037.0,-1.0,0.5710000000000001,2527.4900000000002,2510.8,2585.700345697601,2510.2880378569507,0.7215983950000001,0.7168334000000001,0.0,9.529990000000032,8.091558205000183,7009.460271578679,7017.551829783679,0.20589271271737472,2.0,7003.388403183679,0.0,0.0,2024-08-29 00:00:00+00:00,2024-08-28 00:00:00+00:00,2024-08-29 00:01:00+00:00,62.68,0.032808211467954596,2527.31,2024-08-29 00:02:00+00:00,2024-08-29 02:37:00+00:00,2024-08-29 02:38:00+00:00,target,0.24344220653862972,0.29551382897488226,"simulated minute opens; intrabar exits only known within minute, not actual exchange fills"
1093,1703.0,2452322.0,2453070.0,1.0,0.501,2525.65,2540.29,2458.643786574936,2540.8076174999965,0.632675325,0.6363426449999999,0.043905580452498885,7.334639999999936,6.0217164495479665,7017.551829783679,7023.573546233227,0.18031226283639795,2.0,7005.9524959807995,0.0,0.0,2024-08-30 00:00:00+00:00,2024-08-29 00:00:00+00:00,2024-08-30 00:01:00+00:00,62.86,0.03290242777402084,2526.28,2024-08-30 00:02:00+00:00,2024-08-30 12:30:00+00:00,2024-08-30 12:31:00+00:00,target,0.1793773069167078,0.22621211862609938,"simulated minute opens; intrabar exits only known within minute, not actual exchange fills"
1094,1704.0,2453762.0,2455199.0,1.0,0.491,2525.15,2512.1,2456.6243334777814,2539.407778033563,0.619924325,0.61672055,0.18610896983934605,-6.407550000000089,-7.830303844840273,7023.573546233227,7015.7432423883865,0.17652675548118044,3.0,7006.3159367497365,0.0,0.0,2024-08-31 00:00:00+00:00,2024-08-30 00:00:00+00:00,2024-08-31 00:01:00+00:00,63.34,0.033153671256864144,2524.99,2024-08-31 00:02:00+00:00,2024-08-31 23:59:00+00:00,2024-08-31 23:59:00+00:00,scheduled_23_59_exit,-0.23272543677632967,0.20806478444014623,"simulated minute opens; intrabar exits only known within minute, not actual exchange fills"
1095,1705.0,2455202.0,2456050.0,1.0,0.518,2510.26,2445.14,2445.6319047940874,2525.9026029229112,0.6501573400000001,0.63329126,0.0678796971552,-33.73216000000018,-35.08348829715578,7015.7432423883865,6980.659754091231,0.18534239852787585,1.0,6980.659754091231,0.0,0.0,2024-09-01 00:00:00+00:00,2024-08-31 00:00:00+00:00,2024-09-01 00:01:00+00:00,61.91,0.03240517504756013,2511.91,2024-09-01 00:02:00+00:00,2024-09-01 14:10:00+00:00,2024-09-01 14:11:00+00:00,stop,-1.0479767610450113,0.24204029026496623,"simulated minute opens; intrabar exits only known within minute, not actual exchange fills"
1096,1706.0,2456642.0,2456669.0,1.0,0.481,2425.9,2438.18,2356.3319005943677,2438.66968355331,0.58342895,0.5863822899999999,0.0,5.906679999999877,4.736868760000107,6980.659754091231,6985.396622851231,0.16715581923558542,2.0,6979.174789029781,0.0,0.0,2024-09-02 00:00:00+00:00,2024-09-01 00:00:00+00:00,2024-09-02 00:01:00+00:00,65.62,0.03434707780036982,2424.55,2024-09-02 00:02:00+00:00,2024-09-02 00:29:00+00:00,2024-09-02 00:30:00+00:00,target,0.14155856037663872,0.18355659652067283,"simulated minute opens; intrabar exits only known within minute, not actual exchange fills"
1097,1707.0,2458082.0,2458285.0,-1.0,0.545,2534.65,2519.54,2595.5446101140715,2519.033024677107,0.6906921250000001,0.6865746500000001,0.0,8.23495000000007,6.857683225000073,6985.396622851231,6992.254306076231,0.19775315913789304,2.0,6975.157530726231,0.0,0.0,2024-09-03 00:00:00+00:00,2024-09-02 00:00:00+00:00,2024-09-03 00:01:00+00:00,64.49,0.03375560876784288,2536.74,2024-09-03 00:02:00+00:00,2024-09-03 03:25:00+00:00,2024-09-03 03:26:00+00:00,target,0.20663413356993487,0.25645907402377033,"simulated minute opens; intrabar exits only known within minute, not actual exchange fills"
1098,1708.0,2459522.0,2459533.0,1.0,0.457,2428.3,2437.9,2354.8177056262316,2438.3877479577927,0.5548665500000001,0.5570601500000001,0.0,4.387199999999958,3.2752732999997534,6992.254306076231,6995.529579376231,0.15870891581212201,2.0,6991.47242824029,0.0,0.0,2024-09-04 00:00:00+00:00,2024-09-03 00:00:00+00:00,2024-09-04 00:01:00+00:00,66.49,0.03480245661302331,2424.05,2024-09-04 00:02:00+00:00,2024-09-04 00:13:00+00:00,2024-09-04 00:14:00+00:00,target,0.09753233838269852,0.13728134163151046,"simulated minute opens; intrabar exits only known within minute, not actual exchange fills"
1099,1709.0,2460962.0,2461146.0,-1.0,0.56,2449.87,2432.21,2509.234049950423,2431.714386168167,0.6859636,0.6810188,0.0,9.88959999999992,8.522617599999649,6995.529579376231,7004.05219697623,0.19611484512117958,2.0,6986.37081577623,0.0,0.0,2024-09-05 00:00:00+00:00,2024-09-04 00:00:00+00:00,2024-09-05 00:01:00+00:00,67.35,0.03525260118645089,2449.67,2024-09-05 00:02:00+00:00,2024-09-05 03:06:00+00:00,2024-09-05 03:07:00+00:00,target,0.25636660592916466,0.3058351619708427,"simulated minute opens; intrabar exits only known within minute, not actual exchange fills"
1100,1710.0,2462402.0,2462493.0,1.0,0.486,2367.44,2381.05,2298.2593730225394,2381.5316835182934,0.57528792,0.57859515,0.0,6.6144600000000615,5.46057693000057,7004.05219697623,7009.512773906231,0.16427288198918955,2.0,6998.12604905623,0.0,0.0,2024-09-06 00:00:00+00:00,2024-09-05 00:00:00+00:00,2024-09-06 00:01:00+00:00,67.42,0.03528924086103221,2367.37,2024-09-06 00:02:00+00:00,2024-09-06 01:33:00+00:00,2024-09-06 01:34:00+00:00,target,0.1624118700696632,0.20369407063749984,"simulated minute opens; intrabar exits only known within minute, not actual exchange fills"
1101,1711.0,2463842.0,2463884.0,1.0,0.444,2228.73,2237.6,2152.4430521516365,2238.055191842997,0.49477806,0.4967472,0.0,3.9382799999999514,2.9467547399999603,7009.512773906231,7012.459528646231,0.14117331003143951,2.0,7007.5813733023915,0.0,0.0,2024-09-07 00:00:00+00:00,2024-09-06 00:00:00+00:00,2024-09-07 00:01:00+00:00,73.05,0.03823611754521511,2223.7,2024-09-07 00:02:00+00:00,2024-09-07 00:44:00+00:00,2024-09-07 00:45:00+00:00,target,0.08699830294943804,0.12223836588052646,"simulated minute opens; intrabar exits only known within minute, not actual exchange fills"
1102,1712.0,2465282.0,2466234.0,-1.0,0.557,2270.32,2254.65,2330.411745205888,2254.1895865424763,0.6322841200000001,0.6279200250000001,-0.0394647024772886,8.72819000000004,7.507450557476659,7012.459528646231,7019.9669792037075,0.18033162756008486,2.0,6990.536204341838,0.0,0.0,2024-09-08 00:00:00+00:00,2024-09-07 00:00:00+00:00,2024-09-08 00:01:00+00:00,71.75,0.03755566644584784,2272.21,2024-09-08 00:02:00+00:00,2024-09-08 15:54:00+00:00,2024-09-08 15:55:00+00:00,target,0.2242964853563772,0.26842977188060435,"simulated minute opens; intrabar exits only known within minute, not actual exchange fills"
1103,1713.0,2466722.0,2467591.0,-1.0,0.5700000000000001,2296.18,2278.31,2354.876220747757,2277.8465060665512,0.6544113,0.64931835,-0.04067799032256465,10.18589999999994,8.922848340322162,7019.9669792037075,7028.88982754403,0.18644284280500462,2.0,6995.5765556877295,0.0,0.0,2024-09-09 00:00:00+00:00,2024-09-08 00:00:00+00:00,2024-09-09 00:01:00+00:00,71.6,0.037477152857459305,2295.89,2024-09-09 00:02:00+00:00,2024-09-09 14:31:00+00:00,2024-09-09 14:32:00+00:00,target,0.2666972369920455,0.3123453895308774,"simulated minute opens; intrabar exits only known within minute, not actual exchange fills"
1104,1714.0,2468162.0,2468189.0,-1.0,0.558,2355.91,2341.03,2415.995826093304,2340.561096006274,0.6572988900000001,0.6531473700000001,0.0,8.303039999999807,6.992593740000302,7028.88982754403,7035.88242128403,0.18702779702827335,2.0,7027.20022865403,0.0,0.0,2024-09-10 00:00:00+00:00,2024-09-09 00:00:00+00:00,2024-09-10 00:01:00+00:00,68.25,0.035723682716782085,2358.19,2024-09-10 00:02:00+00:00,2024-09-10 00:29:00+00:00,2024-09-10 00:30:00+00:00,target,0.20856050111620303,0.2554496624526937,"simulated minute opens; intrabar exits only known within minute, not actual exchange fills"
1105,1715.0,2469602.0,2469682.0,-1.0,0.594,2387.82,2370.94,2444.083604869547,2370.4597164967004,0.70918254,0.70416918,0.0,10.026720000000065,8.613368280000032,7035.88242128403,7044.49578956403,0.20159021926082046,2.0,7034.83465874403,0.0,0.0,2024-09-11 00:00:00+00:00,2024-09-10 00:00:00+00:00,2024-09-11 00:01:00+00:00,65.74,0.03440988867108065,2387.63,2024-09-11 00:02:00+00:00,2024-09-11 01:22:00+00:00,2024-09-11 01:23:00+00:00,target,0.257726465156673,0.3085526343992977,"simulated minute opens; intrabar exits only known within minute, not actual exchange fills"
1106,1716.0,2471042.0,2471064.0,1.0,0.509,2341.8,2351.69,2275.3882633173457,2352.1687322209987,0.5959881,0.5985051050000001,0.0,5.0340099999999355,3.839516795000236,7044.49578956403,7048.33530635903,0.1692067446141194,2.0,7042.27294106452,0.0,0.0,2024-09-12 00:00:00+00:00,2024-09-11 00:00:00+00:00,2024-09-12 00:01:00+00:00,62.55,0.032740166358017866,2339.22,2024-09-12 00:02:00+00:00,2024-09-12 00:24:00+00:00,2024-09-12 00:25:00+00:00,target,0.11358316130243021,0.15612800897746446,"simulated minute opens; intrabar exits only known within minute, not actual exchange fills"
1107,1717.0,2472482.0,2472813.0,-1.0,0.634,2360.69,2344.93,2413.318864400761,2344.460178073296,0.7483387300000001,0.74334281,0.0,9.991840000000138,8.50015846000042,7048.33530635903,7056.835464819031,0.21234481547007178,2.0,7045.62156762903,0.0,0.0,2024-09-13 00:00:00+00:00,2024-09-12 00:00:00+00:00,2024-09-13 00:01:00+00:00,62.68,0.032808211467954596,2360.79,2024-09-13 00:02:00+00:00,2024-09-13 05:33:00+00:00,2024-09-13 05:34:00+00:00,target,0.25474974907128767,0.30838252186321946,"simulated minute opens; intrabar exits only known within minute, not actual exchange fills"
1108,1718.0,2473922.0,2474034.0,-1.0,0.616,2437.43,2422.09,2491.713305252232,2421.59964971127,0.7507284399999999,0.74600372,0.0,9.449439999999809,7.952707839999675,7056.835464819031,7064.78817265903,0.21276631536689855,2.0,7055.019056379031,0.0,0.0,2024-09-14 00:00:00+00:00,2024-09-13 00:00:00+00:00,2024-09-14 00:01:00+00:00,61.67,0.032279553306138485,2438.15,2024-09-14 00:02:00+00:00,2024-09-14 01:54:00+00:00,2024-09-14 01:55:00+00:00,target,0.23783076472611342,0.2916246572527696,"simulated minute opens; intrabar exits only known within minute, not actual exchange fills"
1109,1719.0,2475362.0,2476624.0,1.0,0.52,2416.69,2351.17,2351.640558660812,2429.661776310281,0.6283394000000001,0.6113042000000001,0.04374157990800001,-34.07039999999999,-35.3537851799083,7064.78817265903,7029.434387479122,0.17787919032921465,1.0,7024.174891679122,0.0,0.0,2024-09-15 00:00:00+00:00,2024-09-14 00:00:00+00:00,2024-09-15 00:01:00+00:00,61.46,0.03216963428239454,2416.65,2024-09-15 00:02:00+00:00,2024-09-15 21:04:00+00:00,2024-09-15 21:05:00+00:00,stop,-1.045174978035396,0.19941410784209404,"simulated minute opens; intrabar exits only known within minute, not actual exchange fills"
1110,1720.0,2476802.0,2476830.0,-1.0,0.604,2311.16,2298.81,2366.4971461498476,2298.3419980690815,0.6979703199999999,0.69424062,0.0,7.4593999999999445,6.067189059999691,7029.434387479122,7035.501576539122,0.1985850586338012,2.0,7022.575617159121,0.0,0.0,2024-09-16 00:00:00+00:00,2024-09-15 00:00:00+00:00,2024-09-16 00:01:00+00:00,64.18,0.03359334735183992,2314.85,2024-09-16 00:02:00+00:00,2024-09-16 00:30:00+00:00,2024-09-16 00:31:00+00:00,target,0.18152390751771952,0.23163467621204148,"simulated minute opens; intrabar exits only known within minute, not actual exchange fills"
1111,1721.0,2478242.0,2478294.0,-1.0,0.66,2293.4,2279.19,2343.894660321031,2278.7294065489664,0.7568220000000001,0.7521327,0.0,9.378600000000024,7.86964529999932,7035.501576539122,7043.371221839121,0.21514372266612247,2.0,7031.662554539122,0.0,0.0,2024-09-17 00:00:00+00:00,2024-09-16 00:00:00+00:00,2024-09-17 00:01:00+00:00,62.24,0.03257790494201491,2294.61,2024-09-17 00:02:00+00:00,2024-09-17 00:54:00+00:00,2024-09-17 00:55:00+00:00,target,0.2361379386293792,0.2905375213490329,"simulated minute opens; intrabar exits only known within minute, not actual exchange fills"
1112,1722.0,2479682.0,2479698.0,-1.0,0.62,2336.38,2325.06,2390.2426307686087,2324.5896021184885,0.7242778000000001,0.7207686,0.0,7.018400000000102,5.573353599999791,7043.371221839121,7048.944575439121,0.2056622538236402,2.0,7040.923344039121,0.0,0.0,2024-09-18 00:00:00+00:00,2024-09-17 00:00:00+00:00,2024-09-18 00:01:00+00:00,61.32,0.0320963549332319,2340.59,2024-09-18 00:02:00+00:00,2024-09-18 00:18:00+00:00,2024-09-18 00:19:00+00:00,target,0.1668927022636009,0.21889754943761644,"simulated minute opens; intrabar exits only known within minute, not actual exchange fills"
1113,1723.0,2481122.0,2481547.0,-1.0,0.73,2378.19,2424.04,2423.5507532503584,2357.907788508782,0.86803935,0.8847746,0.0,-33.47049999999993,-35.223313949999465,7048.944575439121,7013.721261489121,0.24628916874294607,1.0,7013.721261489121,0.0,0.0,2024-09-19 00:00:00+00:00,2024-09-18 00:00:00+00:00,2024-09-19 00:01:00+00:00,60.36,0.031593867967545305,2373.93,2024-09-19 00:02:00+00:00,2024-09-19 07:07:00+00:00,2024-09-19 07:08:00+00:00,stop,-1.0637194389980302,0.44713127622187454,"simulated minute opens; intrabar exits only known within minute, not actual exchange fills"
1114,1724.0,2482562.0,2482597.0,-1.0,0.63,2465.25,2448.03,2517.874860654811,2447.533993684215,0.77655375,0.77112945,0.0,10.848599999999873,9.300916799999868,7013.721261489121,7023.022178289121,0.22143844075010352,2.0,7012.195570921322,0.0,0.0,2024-09-20 00:00:00+00:00,2024-09-19 00:00:00+00:00,2024-09-20 00:01:00+00:00,61.98,0.03244181472214145,2464.56,2024-09-20 00:02:00+00:00,2024-09-20 00:37:00+00:00,2024-09-20 00:38:00+00:00,target,0.28053965020143184,0.3366470921793352,"simulated minute opens; intrabar exits only known within minute, not actual exchange fills"
1115,1725.0,2484002.0,2484113.0,-1.0,0.591,2558.7000000000003,2543.4,2614.939397264581,2542.881474664007,0.75609585,0.7515747,0.0,9.042300000000107,7.534629450000466,7023.022178289121,7030.556807739122,0.2153192260555249,2.0,7005.924932439121,0.0,0.0,2024-09-21 00:00:00+00:00,2024-09-20 00:00:00+00:00,2024-09-21 00:01:00+00:00,61.06,0.03196026471335845,2560.29,2024-09-21 00:02:00+00:00,2024-09-21 01:53:00+00:00,2024-09-21 01:54:00+00:00,target,0.2266907296325162,0.2812712458772343,"simulated minute opens; intrabar exits only known within minute, not actual exchange fills"
1116,1726.0,2485442.0,2485570.0,-1.0,0.634,2615.23,2594.29,2667.408848094204,2593.768716613314,0.8290279100000001,0.82238993,0.0,13.275960000000035,11.624542159999692,7030.556807739122,7042.181349899121,0.23583563369758132,2.0,7019.475999829122,0.0,0.0,2024-09-22 00:00:00+00:00,2024-09-21 00:00:00+00:00,2024-09-22 00:01:00+00:00,61.62,0.03225338211000897,2611.4,2024-09-22 00:02:00+00:00,2024-09-22 02:10:00+00:00,2024-09-22 02:11:00+00:00,target,0.35139219568237545,0.41130236044957313,"simulated minute opens; intrabar exits only known within minute, not actual exchange fills"
1117,1727.0,2486882.0,2486894.0,-1.0,0.587,2577.71,2562.92,2634.5512669818513,2562.398939366461,0.756557885,0.7522170199999999,0.0,8.681729999999979,7.172955095000361,7042.181349899121,7049.354304994122,0.21486464134038172,2.0,7040.192092014122,0.0,0.0,2024-09-23 00:00:00+00:00,2024-09-22 00:00:00+00:00,2024-09-23 00:01:00+00:00,61.8,0.03234759841607521,2579.94,2024-09-23 00:02:00+00:00,2024-09-23 00:14:00+00:00,2024-09-23 00:15:00+00:00,target,0.21497911022817653,0.2693652243611606,"simulated minute opens; intrabar exits only known within minute, not actual exchange fills"
1118,1728.0,2488322.0,2488361.0,-1.0,0.601,2645.43,2628.82,2700.762738324098,2628.2937734915818,0.794951715,0.7899604100000001,0.0,9.982609999999802,8.397697874999722,7049.354304994122,7057.7520028691215,0.22553887366302913,2.0,7045.530313279121,0.0,0.0,2024-09-24 00:00:00+00:00,2024-09-23 00:00:00+00:00,2024-09-24 00:01:00+00:00,60.29,0.031557228292963986,2645.84,2024-09-24 00:02:00+00:00,2024-09-24 00:41:00+00:00,2024-09-24 00:42:00+00:00,target,0.2525245527910949,0.30969417071041744,"simulated minute opens; intrabar exits only known within minute, not actual exchange fills"
1119,1729.0,2489762.0,2489813.0,-1.0,0.606,2652.01,2634.85,2706.9824969714314,2634.318951007471,0.8035590300000001,0.7983595499999999,0.0,10.398960000000187,8.797041420000824,7057.7520028691215,7066.549044289122,0.2277096247284792,2.0,7054.661289656202,0.0,0.0,2024-09-25 00:00:00+00:00,2024-09-24 00:00:00+00:00,2024-09-25 00:01:00+00:00,60.48,0.031656678838256125,2652.0,2024-09-25 00:02:00+00:00,2024-09-25 00:53:00+00:00,2024-09-25 00:54:00+00:00,target,0.2640696857475025,0.32181636212965464,"simulated minute opens; intrabar exits only known within minute, not actual exchange fills"
1120,1730.0,2491202.0,2491248.0,-1.0,0.669,2579.6,2563.08,2629.2708313538437,2562.566028961134,0.8628762000000001,0.85735026,0.0,11.051879999999988,9.331653539999934,7066.549044289122,7075.880697829122,0.24421431015110243,2.0,7060.568318089123,0.0,0.0,2024-09-26 00:00:00+00:00,2024-09-25 00:00:00+00:00,2024-09-26 00:01:00+00:00,57.07,0.0298718032622235,2578.9,2024-09-26 00:02:00+00:00,2024-09-26 00:48:00+00:00,2024-09-26 00:49:00+00:00,target,0.28082195565910273,0.3429371036196184,"simulated minute opens; intrabar exits only known within minute, not actual exchange fills"
1121,1731.0,2492642.0,2493503.0,-1.0,0.587,2627.77,2685.29,2684.7463711395994,2613.870548178129,0.771250495,0.788132615,-0.1199577095068,-33.76423999999999,-35.203665400493264,7075.880697829122,7040.677032428629,0.21799420536771327,1.0,7040.549042719699,0.0,0.0,2024-09-27 00:00:00+00:00,2024-09-26 00:00:00+00:00,2024-09-27 00:01:00+00:00,59.21,0.030991930456566553,2631.11,2024-09-27 00:02:00+00:00,2024-09-27 14:23:00+00:00,2024-09-27 14:24:00+00:00,stop,-1.052579719348229,0.24395115982054347,"simulated minute opens; intrabar exits only known within minute, not actual exchange fills"
1122,1732.0,2494082.0,2494478.0,-1.0,0.607,2693.43,2676.61,2748.0540784903587,2676.0716534359053,0.8174560049999999,0.812351135,0.0,10.209739999999822,8.579932859999644,7040.677032428629,7049.256965288629,0.23220948815998296,2.0,7033.868486423628,0.0,0.0,2024-09-28 00:00:00+00:00,2024-09-27 00:00:00+00:00,2024-09-28 00:01:00+00:00,58.85,0.03080349784443408,2693.53,2024-09-28 00:02:00+00:00,2024-09-28 06:38:00+00:00,2024-09-28 06:39:00+00:00,target,0.25876830128116896,0.3177782956495687,"simulated minute opens; intrabar exits only known within minute, not actual exchange fills"
1123,1733.0,2495522.0,2495900.0,-1.0,0.61,2674.1,2657.0,2728.5963797105574,2656.467195729721,0.8156005000000001,0.810385,0.0,10.430999999999944,8.805014499999743,7049.256965288629,7058.061979788628,0.23140041681445658,2.0,7043.0123647886285,0.0,0.0,2024-09-29 00:00:00+00:00,2024-09-28 00:00:00+00:00,2024-09-29 00:01:00+00:00,59.48,0.031133254915665914,2673.9,2024-09-29 00:02:00+00:00,2024-09-29 06:20:00+00:00,2024-09-29 06:21:00+00:00,target,0.26486988817723667,0.32355918620522567,"simulated minute opens; intrabar exits only known within minute, not actual exchange fills"
1124,1734.0,2496962.0,2496988.0,-1.0,0.589,2655.75,2638.88,2712.3423695676433,2638.3477699949344,0.7821183749999999,0.77715016,0.0,9.936429999999936,8.377161464999517,7058.061979788628,7066.439141253628,0.2216241164329992,2.0,7053.292331413628,0.0,0.0,2024-09-30 00:00:00+00:00,2024-09-29 00:00:00+00:00,2024-09-30 00:01:00+00:00,61.6,0.032242913631557166,2656.3,2024-09-30 00:02:00+00:00,2024-09-30 00:28:00+00:00,2024-09-30 00:29:00+00:00,target,0.25131806829539427,0.30750134935179124,"simulated minute opens; intrabar exits only known within minute, not actual exchange fills"
1125,1735.0,2498402.0,2498817.0,-1.0,0.606,2601.96,2657.59,2657.056421447843,2583.794726981776,0.78839388,0.80524977,0.0,-33.71178000000007,-35.305423649999284,7066.439141253628,7031.133717603629,0.22313752775351411,1.0,7031.133717603629,0.0,0.0,2024-10-01 00:00:00+00:00,2024-09-30 00:00:00+00:00,2024-10-01 00:01:00+00:00,62.34,0.03263024733427393,2601.49,2024-10-01 00:02:00+00:00,2024-10-01 06:57:00+00:00,2024-10-01 06:58:00+00:00,stop,-1.057414864142316,0.3296996890337094,"simulated minute opens; intrabar exits only known within minute, not actual exchange fills"
1126,1736.0,2499842.0,2500623.0,-1.0,0.618,2447.11,2430.15,2500.963162729898,2429.661447229187,0.75615699,0.75091635,-0.10516313575497574,10.481280000000023,9.079369795755156,7031.133717603629,7040.213087399384,0.21508821204945472,2.0,6998.933720613629,0.0,0.0,2024-10-02 00:00:00+00:00,2024-10-01 00:00:00+00:00,2024-10-02 00:01:00+00:00,64.37,0.03369279789713206,2446.85,2024-10-02 00:02:00+00:00,2024-10-02 13:03:00+00:00,2024-10-02 13:04:00+00:00,target,0.27280731792895796,0.32400237769370477,"simulated minute opens; intrabar exits only known within minute, not actual exchange fills"
1127,1737.0,2501282.0,2501771.0,-1.0,0.6910000000000001,2365.9500000000003,2347.39,2413.9845141762444,2346.9135633129517,0.8174357250000002,0.811023245,-0.0673592367278806,12.824960000000278,11.263860266727534,7040.213087399384,7051.476947666111,0.2322190294106443,2.0,7014.284711674384,0.0,0.0,2024-10-03 00:00:00+00:00,2024-10-02 00:00:00+00:00,2024-10-03 00:01:00+00:00,62.65,0.03279250875027689,2363.0,2024-10-03 00:02:00+00:00,2024-10-03 08:11:00+00:00,2024-10-03 08:12:00+00:00,target,0.33935621261566856,0.396307467942773,"simulated minute opens; intrabar exits only known within minute, not actual exchange fills"
1128,1738.0,2502722.0,2503675.0,-1.0,0.639,2348.4700000000003,2401.25,2400.761467113785,2332.268033796506,0.7503361650000001,0.767199375,-0.0568766005155,-33.72641999999984,-35.18707893948431,7051.476947666111,7016.289868726627,0.21281673912253102,1.0,7014.149618101627,0.0,0.0,2024-10-04 00:00:00+00:00,2024-10-03 00:00:00+00:00,2024-10-04 00:01:00+00:00,64.57,0.033797482681650094,2348.74,2024-10-04 00:02:00+00:00,2024-10-04 15:55:00+00:00,2024-10-04 15:56:00+00:00,stop,-1.0530561538018832,0.3098395799115578,"simulated minute opens; intrabar exits only known within minute, not actual exchange fills"
1129,1739.0,2504162.0,2504340.0,-1.0,0.644,2414.79,2397.39,2466.2514577262323,2396.90243678392,0.77756238,0.77195958,0.0,11.205600000000059,9.656078040000466,7016.289868726627,7025.9459467666275,0.22164488484599004,2.0,7007.3335063466275,0.0,0.0,2024-10-05 00:00:00+00:00,2024-10-04 00:00:00+00:00,2024-10-05 00:01:00+00:00,63.33,0.033148437017638234,2413.38,2024-10-05 00:02:00+00:00,2024-10-05 03:00:00+00:00,2024-10-05 03:01:00+00:00,target,0.29136193692308926,0.34759145983075546,"simulated minute opens; intrabar exits only known within minute, not actual exchange fills"
1130,1740.0,2505602.0,2507039.0,-1.0,0.634,2413.64,2439.57,2466.080088054597,2397.2531662398765,0.76512388,0.77334369,-0.13148763452020001,-16.439620000000186,-17.84659993547939,7025.9459467666275,7008.099346831148,0.21779953497994486,3.0,6998.0180226634775,0.0,0.0,2024-10-06 00:00:00+00:00,2024-10-05 00:00:00+00:00,2024-10-06 00:01:00+00:00,63.09,0.03302281527621659,2413.42,2024-10-06 00:02:00+00:00,2024-10-06 23:59:00+00:00,2024-10-06 23:59:00+00:00,scheduled_23_59_exit,-0.5367880241808939,0.312486770484872,"simulated minute opens; intrabar exits only known within minute, not actual exchange fills"
1131,1741.0,2507042.0,2507104.0,-1.0,0.586,2435.5,2492.78,2492.2789034107022,2422.150722795825,0.7136015,0.7303845400000001,0.0,-33.56608000000011,-35.0100660399994,7008.099346831148,6973.089280791149,0.2036505091277478,1.0,6973.089280791149,0.0,0.0,2024-10-07 00:00:00+00:00,2024-10-06 00:00:00+00:00,2024-10-07 00:01:00+00:00,64.46,0.03373990605016518,2438.77,2024-10-07 00:02:00+00:00,2024-10-07 01:04:00+00:00,2024-10-07 01:05:00+00:00,stop,-1.052224266605646,0.23510981019860264,"simulated minute opens; intrabar exits only known within minute, not actual exchange fills"
1132,1742.0,2508482.0,2509413.0,-1.0,0.714,2427.68,2406.2400000000002,2473.4946272064094,2405.758123727604,0.86668176,0.8590276800000001,-0.173326356,15.308159999999713,13.755776916000286,6973.089280791149,6986.845057707149,0.2485789942163679,2.0,6955.038585387149,0.0,0.0,2024-10-08 00:00:00+00:00,2024-10-07 00:00:00+00:00,2024-10-08 00:01:00+00:00,62.56,0.032745400597243776,2421.75,2024-10-08 00:02:00+00:00,2024-10-08 15:33:00+00:00,2024-10-08 15:34:00+00:00,target,0.42051622319661863,0.4784907705050343,"simulated minute opens; intrabar exits only known within minute, not actual exchange fills"
1133,1743.0,2509922.0,2510708.0,-1.0,0.651,2440.88,2424.53,2491.509187263912,2424.043300547696,0.7945064400000001,0.7891845150000002,-0.05769871172766027,10.643849999999942,9.117857756727062,6986.845057707149,6995.962915463876,0.2274292426518274,2.0,6965.400831267149,0.0,0.0,2024-10-09 00:00:00+00:00,2024-10-08 00:00:00+00:00,2024-10-09 00:01:00+00:00,61.91,0.03240517504756013,2439.84,2024-10-09 00:02:00+00:00,2024-10-09 13:08:00+00:00,2024-10-09 13:09:00+00:00,target,0.2766373835033557,0.3325492736934586,"simulated minute opens; intrabar exits only known within minute, not actual exchange fills"
1134,1744.0,2511362.0,2512324.0,-1.0,0.671,2370.59,2420.25,2419.76489058736,2354.16411075934,0.7953329450000002,0.811993875,-0.32199006566668703,-33.3218599999999,-34.60719675433393,6995.962915463876,6961.355718709542,0.22736911404775922,1.0,6961.355718709542,0.0,0.0,2024-10-10 00:00:00+00:00,2024-10-09 00:00:00+00:00,2024-10-10 00:01:00+00:00,62.04,0.03247322015749686,2369.6,2024-10-10 00:02:00+00:00,2024-10-10 16:04:00+00:00,2024-10-10 16:05:00+00:00,stop,-1.0488188873278623,0.3340300109357515,"simulated minute opens; intrabar exits only known within minute, not actual exchange fills"
1135,1745.0,2512802.0,2513614.0,-1.0,0.624,2382.21,2435.51,2435.017335619996,2369.847676232257,0.74324952,0.75987912,-0.14228154706135254,-33.259200000000114,-34.620047092938876,6961.355718709542,6926.735671616603,0.2135358542309283,1.0,6926.047870736604,0.0,0.0,2024-10-11 00:00:00+00:00,2024-10-10 00:00:00+00:00,2024-10-11 00:01:00+00:00,61.34,0.032106823411683715,2385.24,2024-10-11 00:02:00+00:00,2024-10-11 13:34:00+00:00,2024-10-11 13:35:00+00:00,stop,-1.0506276078661705,0.23410239548351347,"simulated minute opens; intrabar exits only known within minute, not actual exchange fills"
1136,1746.0,2514242.0,2515679.0,-1.0,0.605,2436.09,2475.7000000000003,2490.271479819154,2422.4141435223205,0.736917225,0.74889925,-0.2578684890099876,-23.964050000000075,-25.191997985990383,6926.735671616603,6901.543673630613,0.2127747498781093,3.0,6894.179522880612,0.0,0.0,2024-10-12 00:00:00+00:00,2024-10-11 00:00:00+00:00,2024-10-12 00:01:00+00:00,62.63,0.03278204027182509,2438.46,2024-10-12 00:02:00+00:00,2024-10-12 23:59:00+00:00,2024-10-12 23:59:00+00:00,scheduled_23_59_exit,-0.768522126592523,0.2524083233482489,"simulated minute opens; intrabar exits only known within minute, not actual exchange fills"
1137,1747.0,2515682.0,2515882.0,-1.0,0.633,2476.65,2459.2000000000003,2528.094524363027,2458.705165901155,0.783859725,0.7783368,0.0,11.045849999999884,9.4836534749993,6901.543673630613,6911.027327105612,0.2271548981121333,2.0,6896.107263905613,0.0,0.0,2024-10-13 00:00:00+00:00,2024-10-12 00:00:00+00:00,2024-10-13 00:01:00+00:00,63.11,0.03303328375466839,2475.09,2024-10-13 00:02:00+00:00,2024-10-13 03:22:00+00:00,2024-10-13 03:23:00+00:00,target,0.2912277873204798,0.3488191274199438,"simulated minute opens; intrabar exits only known within minute, not actual exchange fills"
1138,1748.0,2517122.0,2517138.0,-1.0,0.611,2467.18,2451.91,2520.7245619464925,2451.4105272035517,0.7537234899999999,0.7490585049999999,0.0,9.329969999999989,7.827188004999698,6911.027327105612,6918.854515110612,0.21812198225402324,2.0,6909.674823615612,0.0,0.0,2024-10-14 00:00:00+00:00,2024-10-13 00:00:00+00:00,2024-10-14 00:01:00+00:00,63.43,0.033200779409897255,2467.79,2024-10-14 00:02:00+00:00,2024-10-14 00:18:00+00:00,2024-10-14 00:19:00+00:00,target,0.23924847891744933,0.2945111926063867,"simulated minute opens; intrabar exits only known within minute, not actual exchange fills"
1139,1749.0,2518562.0,2518776.0,-1.0,0.543,2626.93,2611.51,2687.3823953607302,2610.9812233989055,0.713211495,0.7090249650000001,0.0,8.373059999999793,6.950823539999874,6918.854515110612,6925.805338650612,0.2061646168285121,2.0,6912.836193615612,0.0,0.0,2024-10-15 00:00:00+00:00,2024-10-14 00:00:00+00:00,2024-10-15 00:01:00+00:00,65.05,0.0340487261644934,2628.88,2024-10-15 00:02:00+00:00,2024-10-15 03:36:00+00:00,2024-10-15 03:37:00+00:00,target,0.2117497565417415,0.2638237328053765,"simulated minute opens; intrabar exits only known within minute, not actual exchange fills"
1140,1750.0,2520002.0,2520070.0,-1.0,0.557,2605.18,2589.46,2664.099304617364,2588.933041726485,0.7255426300000001,0.7211646100000001,0.0,8.756039999999889,7.309332759999961,6925.805338650612,6933.114671410612,0.209518631992438,2.0,6924.299996020612,0.0,0.0,2024-10-16 00:00:00+00:00,2024-10-15 00:00:00+00:00,2024-10-16 00:01:00+00:00,64.32,0.03366662670100254,2606.53,2024-10-16 00:02:00+00:00,2024-10-16 01:10:00+00:00,2024-10-16 01:11:00+00:00,target,0.2227229273193517,0.27574932153436604,"simulated minute opens; intrabar exits only known within minute, not actual exchange fills"
1141,1751.0,2521442.0,2522256.0,-1.0,0.619,2613.81,2593.7400000000002,2666.571808712459,2593.2168277589476,0.808974195,0.8027625300000001,-0.16266551689710101,12.42332999999982,10.974258791897228,6933.114671410612,6944.088930202509,0.2333653006882709,2.0,6911.241127215611,0.0,0.0,2024-10-17 00:00:00+00:00,2024-10-16 00:00:00+00:00,2024-10-17 00:01:00+00:00,62.66,0.03279774298950279,2610.39,2024-10-17 00:02:00+00:00,2024-10-17 13:36:00+00:00,2024-10-17 13:37:00+00:00,target,0.33601980334864173,0.39030451653545084,"simulated minute opens; intrabar exits only known within minute, not actual exchange fills"
1142,1752.0,2522882.0,2523825.0,-1.0,0.5750000000000001,2602.1,2659.79,2659.2548713157466,2588.303000596677,0.7481037500000001,0.7646896250000002,-0.15201504324087503,-33.17175000000004,-34.53252833175975,6944.088930202509,6909.556401870749,0.21546491052158323,1.0,6909.556401870749,0.0,0.0,2024-10-18 00:00:00+00:00,2024-10-17 00:00:00+00:00,2024-10-18 00:01:00+00:00,60.92,0.03188698536419582,2605.01,2024-10-18 00:02:00+00:00,2024-10-18 15:45:00+00:00,2024-10-18 15:46:00+00:00,stop,-1.0507690705833135,0.24139673637094924,"simulated minute opens; intrabar exits only known within minute, not actual exchange fills"
1143,1753.0,2524322.0,2525759.0,-1.0,0.559,2638.4700000000003,2647.37,2696.9947107072962,2624.1650940180366,0.7374523650000001,0.739939915,-0.29543277525005407,-4.975099999999797,-6.157059504748759,6909.556401870749,6903.399342366,0.2134586714713947,3.0,6895.296739505749,0.0,0.0,2024-10-19 00:00:00+00:00,2024-10-18 00:00:00+00:00,2024-10-19 00:01:00+00:00,61.5,0.032190571239298145,2641.11,2024-10-19 00:02:00+00:00,2024-10-19 23:59:00+00:00,2024-10-19 23:59:00+00:00,scheduled_23_59_exit,-0.18820114761060686,0.24442506095430108,"simulated minute opens; intrabar exits only known within minute, not actual exchange fills"
1144,1754.0,2525762.0,2526619.0,-1.0,0.584,2648.04,2704.4500000000003,2703.9049297442243,2630.578230176293,0.77322768,0.7896994,-0.154490776,-32.94344000000018,-34.35187630400014,6903.399342366,6869.047466062,0.2240136030534174,1.0,6869.047466062,0.0,0.0,2024-10-20 00:00:00+00:00,2024-10-19 00:00:00+00:00,2024-10-20 00:01:00+00:00,61.86,0.032379003851430624,2647.45,2024-10-20 00:02:00+00:00,2024-10-20 14:19:00+00:00,2024-10-20 14:20:00+00:00,stop,-1.0529272348379097,0.3125712303524802,"simulated minute opens; intrabar exits only known within minute, not actual exchange fills"
1145,1755.0,2527202.0,2527369.0,-1.0,0.505,2743.4700000000003,2729.43,2808.023450207623,2728.8837969278875,0.6927261750000001,0.689181075,0.0,7.090200000000212,5.70829275000051,6869.047466062,6874.755758812001,0.2016949739894977,2.0,6855.2054763691,0.0,0.0,2024-10-21 00:00:00+00:00,2024-10-20 00:00:00+00:00,2024-10-21 00:01:00+00:00,64.13,0.03356717615571041,2746.98,2024-10-21 00:02:00+00:00,2024-10-21 02:49:00+00:00,2024-10-21 02:50:00+00:00,target,0.17510373130553875,0.2259554373189865,"simulated minute opens; intrabar exits only known within minute, not actual exchange fills"
1146,1756.0,2528642.0,2528669.0,-1.0,0.582,2668.63,2649.89,2724.3408136469498,2649.358870660495,0.77657133,0.77111799,0.0,10.906680000000136,9.358990680000716,6874.755758812001,6884.1147494920015,0.22591968565707887,2.0,6872.262287482002,0.0,0.0,2024-10-22 00:00:00+00:00,2024-10-21 00:00:00+00:00,2024-10-22 00:01:00+00:00,62.83,0.03288672505634313,2666.63,2024-10-22 00:02:00+00:00,2024-10-22 00:29:00+00:00,2024-10-22 00:30:00+00:00,target,0.28864665488298263,0.34591362211347243,"simulated minute opens; intrabar exits only known within minute, not actual exchange fills"
1147,1757.0,2530082.0,2530287.0,-1.0,0.592,2623.29,2605.43,2678.2137302736214,2604.9022544487048,0.77649384,0.7712072799999999,0.0,10.573120000000074,9.02541888000087,6884.1147494920015,6893.140168372002,0.22559003394221447,2.0,6882.077295652002,0.0,0.0,2024-10-23 00:00:00+00:00,2024-10-22 00:00:00+00:00,2024-10-23 00:01:00+00:00,62.55,0.032740166358017866,2621.78,2024-10-23 00:02:00+00:00,2024-10-23 03:27:00+00:00,2024-10-23 03:28:00+00:00,target,0.2775783786725714,0.3347869028503769,"simulated minute opens; intrabar exits only known within minute, not actual exchange fills"
1148,1758.0,2531522.0,2532499.0,-1.0,0.5760000000000001,2521.78,2507.71,2578.5333334211637,2507.1998855879788,0.7262726400000001,0.72222048,-0.291996940724928,8.104320000000095,6.947823820724807,6893.140168372002,6900.087992192727,0.21072330527453315,2.0,6869.657724098082,0.0,0.0,2024-10-24 00:00:00+00:00,2024-10-23 00:00:00+00:00,2024-10-24 00:01:00+00:00,63.24,0.03310132886460512,2523.84,2024-10-24 00:02:00+00:00,2024-10-24 16:19:00+00:00,2024-10-24 16:20:00+00:00,target,0.21253719219785536,0.2569032254691223,"simulated minute opens; intrabar exits only known within minute, not actual exchange fills"
1149,1759.0,2532962.0,2533025.0,-1.0,0.624,2536.86,2519.52,2588.9917494989018,2519.0114110141685,0.79150032,0.78609024,0.0,10.82016000000009,9.242569440000807,6900.087992192727,6909.330561632728,0.22941745696447996,2.0,6898.703691872728,0.0,0.0,2024-10-25 00:00:00+00:00,2024-10-24 00:00:00+00:00,2024-10-25 00:01:00+00:00,61.9,0.03239994080833423,2535.39,2024-10-25 00:02:00+00:00,2024-10-25 01:05:00+00:00,2024-10-25 01:06:00+00:00,target,0.2841226343327182,0.34237464035630855,"simulated minute opens; intrabar exits only known within minute, not actual exchange fills"
1150,1760.0,2534402.0,2535617.0,-1.0,0.592,2438.77,2494.6,2494.093404067535,2423.251908568307,0.72187592,0.7384015999999999,-0.291357536,-33.05135999999995,-34.22027998399972,6909.330561632728,6875.110281648728,0.20895683411314891,1.0,6873.563563248728,0.0,0.0,2024-10-26 00:00:00+00:00,2024-10-25 00:00:00+00:00,2024-10-26 00:01:00+00:00,65.52,0.0342947354081108,2440.1,2024-10-26 00:02:00+00:00,2024-10-26 20:17:00+00:00,2024-10-26 20:18:00+00:00,stop,-1.04484761872996,0.2804977693120522,"simulated minute opens; intrabar exits only known within minute, not actual exchange fills"
1151,1761.0,2535842.0,2536411.0,-1.0,0.583,2479.9700000000003,2465.9700000000003,2535.860583408303,2465.4734814077924,0.722911255,0.7188302550000001,-0.14459136964994698,8.161999999999999,6.864849859649439,6875.110281648728,6881.975131508378,0.21029808261537813,2.0,6870.819410393728,0.0,0.0,2024-10-27 00:00:00+00:00,2024-10-26 00:00:00+00:00,2024-10-27 00:01:00+00:00,63.93,0.033462491371192365,2482.04,2024-10-27 00:02:00+00:00,2024-10-27 09:31:00+00:00,2024-10-27 09:32:00+00:00,target,0.21068025994444986,0.25937318432167944,"simulated minute opens; intrabar exits only known within minute, not actual exchange fills"
1152,1762.0,2537282.0,2537402.0,-1.0,0.579,2505.73,2490.9,2562.0881580320975,2490.397353094284,0.725408835,0.72111555,0.0,8.586569999999957,7.140045614999508,6881.975131508378,6889.115177123377,0.21081414016705588,2.0,6877.978372673378,0.0,0.0,2024-10-28 00:00:00+00:00,2024-10-27 00:00:00+00:00,2024-10-28 00:01:00+00:00,64.45,0.03373467181093928,2507.22,2024-10-28 00:02:00+00:00,2024-10-28 02:02:00+00:00,2024-10-28 02:03:00+00:00,target,0.21880922710383716,0.2720572751327981,"simulated minute opens; intrabar exits only known within minute, not actual exchange fills"
1153,1763.0,2538722.0,2538862.0,-1.0,0.6,2567.18,2621.9,2621.3733523926503,2549.7243741496945,0.7701539999999999,0.7865700000000001,0.0,-32.83200000000015,-34.388724000000366,6889.115177123377,6854.726453123377,0.22358575236408976,1.0,6854.726453123377,0.0,0.0,2024-10-29 00:00:00+00:00,2024-10-28 00:00:00+00:00,2024-10-29 00:01:00+00:00,62.78,0.032860553860213616,2566.49,2024-10-29 00:02:00+00:00,2024-10-29 02:22:00+00:00,2024-10-29 02:23:00+00:00,stop,-1.0575935510454495,0.32209902284385294,"simulated minute opens; intrabar exits only known within minute, not actual exchange fills"
1154,1764.0,2540162.0,2540208.0,-1.0,0.578,2640.75,2622.76,2696.8024636515875,2622.2258280483206,0.76317675,0.7579776400000001,0.0,10.398219999999872,8.8770656100005,6854.726453123377,6863.603518733377,0.22267168652725922,2.0,6853.340313770717,0.0,0.0,2024-10-30 00:00:00+00:00,2024-10-29 00:00:00+00:00,2024-10-30 00:01:00+00:00,63.5,0.033237419084478574,2639.28,2024-10-30 00:02:00+00:00,2024-10-30 00:48:00+00:00,2024-10-30 00:49:00+00:00,target,0.27399768002107977,0.33047917513175606,"simulated minute opens; intrabar exits only known within minute, not actual exchange fills"
1155,1765.0,2541602.0,2541701.0,-1.0,0.554,2658.68,2643.17,2717.2855006264717,2642.634260098612,0.7364543600000001,0.7321580900000001,0.0,8.59253999999987,7.1239275500001895,6863.603518733377,6870.7274462833775,0.2145969993721044,2.0,6858.756384373378,0.0,0.0,2024-10-31 00:00:00+00:00,2024-10-30 00:00:00+00:00,2024-10-31 00:01:00+00:00,63.27,0.033117031582282824,2659.36,2024-10-31 00:02:00+00:00,2024-10-31 01:41:00+00:00,2024-10-31 01:42:00+00:00,target,0.21941754378925898,0.27379238688970875,"simulated minute opens; intrabar exits only known within minute, not actual exchange fills"
1156,1766.0,2543042.0,2543133.0,-1.0,0.617,2519.4500000000003,2503.13,2572.0546820271184,2502.619829015327,0.7772503250000001,0.772215605,0.0,10.069440000000101,8.51997406999999,6870.7274462833775,6879.2474203533775,0.22624979118344815,2.0,6861.714419196218,0.0,0.0,2024-11-01 00:00:00+00:00,2024-10-31 00:00:00+00:00,2024-11-01 00:01:00+00:00,62.5,0.03271399516188836,2518.37,2024-11-01 00:02:00+00:00,2024-11-01 01:33:00+00:00,2024-11-01 01:34:00+00:00,target,0.2624996382048559,0.31993674966036645,"simulated minute opens; intrabar exits only known within minute, not actual exchange fills"
1157,1767.0,2544482.0,2545019.0,-1.0,0.608,2512.68,2496.09,2566.174468997746,2495.582648141217,0.76385472,0.75881136,-0.152454438545344,10.086719999999811,8.71650835854507,6879.2474203533775,6887.963928711923,0.22207508273071003,2.0,6871.850285633377,0.0,0.0,2024-11-02 00:00:00+00:00,2024-11-01 00:00:00+00:00,2024-11-02 00:01:00+00:00,63.8,0.033394446261255636,2511.57,2024-11-02 00:02:00+00:00,2024-11-02 08:59:00+00:00,2024-11-02 09:00:00+00:00,target,0.2679970976517518,0.3196097125387557,"simulated minute opens; intrabar exits only known within minute, not actual exchange fills"
1158,1768.0,2545922.0,2546034.0,-1.0,0.597,2493.42,2478.2200000000003,2548.049436741486,2477.7167022413414,0.74428587,0.7397486700000001,0.0,9.07439999999989,7.590365460000612,6887.963928711923,6895.554294171923,0.21611201153290144,2.0,6885.559982841923,0.0,0.0,2024-11-03 00:00:00+00:00,2024-11-02 00:00:00+00:00,2024-11-03 00:01:00+00:00,64.1,0.0335514734380327,2493.61,2024-11-03 00:02:00+00:00,2024-11-03 01:54:00+00:00,2024-11-03 01:55:00+00:00,target,0.23273496412138267,0.28745121120265077,"simulated minute opens; intrabar exits only known within minute, not actual exchange fills"
1159,1769.0,2547362.0,2547442.0,1.0,0.517,2456.2000000000003,2470.7000000000003,2392.4568582739635,2471.2031165853714,0.6349277000000001,0.6386759500000001,0.0,7.4965,6.2228963500001555,6895.554294171923,6901.777190521923,0.18415566694519012,2.0,6883.728736972863,0.0,0.0,2024-11-04 00:00:00+00:00,2024-11-03 00:00:00+00:00,2024-11-04 00:01:00+00:00,67.18,0.035163619119610565,2457.29,2024-11-04 00:02:00+00:00,2024-11-04 01:22:00+00:00,2024-11-04 01:23:00+00:00,target,0.18882894181357548,0.2353683263660485,"simulated minute opens; intrabar exits only known within minute, not actual exchange fills"
1160,1770.0,2548802.0,2548894.0,-1.0,0.617,2399.44,2381.64,2452.41786269755,2381.1543173666514,0.7402272400000001,0.73473594,0.0,10.982600000000112,9.507636819999789,6901.777190521923,6911.284827341923,0.2145033719768699,2.0,6894.447403281923,0.0,0.0,2024-11-05 00:00:00+00:00,2024-11-04 00:00:00+00:00,2024-11-05 00:01:00+00:00,67.8,0.03548814195161649,2397.37,2024-11-05 00:02:00+00:00,2024-11-05 01:34:00+00:00,2024-11-05 01:35:00+00:00,target,0.2908660186608909,0.34515704677898074,"simulated minute opens; intrabar exits only known within minute, not actual exchange fills"
1161,1771.0,2550242.0,2550285.0,-1.0,0.593,2421.84,2477.6,2477.0986335776133,2405.2336792336587,0.7180755600000001,0.7346083999999999,0.0,-33.06567999999986,-34.51836395999999,6911.284827341923,6876.766463381923,0.2077979935537316,1.0,6876.766463381923,0.0,0.0,2024-11-06 00:00:00+00:00,2024-11-05 00:00:00+00:00,2024-11-06 00:01:00+00:00,67.68,0.03542533108090567,2421.42,2024-11-06 00:02:00+00:00,2024-11-06 00:45:00+00:00,2024-11-06 00:46:00+00:00,stop,-1.053404983643721,0.30051993129756205,"simulated minute opens; intrabar exits only known within minute, not actual exchange fills"
1162,1772.0,2551682.0,2551707.0,-1.0,0.519,2718.41,2706.29,2781.314291687714,2705.7442113239786,0.705427395,0.702282255,0.0,6.290279999999943,4.882570350000606,6876.766463381923,6881.649033731924,0.20516252769563384,2.0,6875.029185348043,0.0,0.0,2024-11-07 00:00:00+00:00,2024-11-06 00:00:00+00:00,2024-11-07 00:01:00+00:00,62.38,0.03265118429117753,2722.49,2024-11-07 00:02:00+00:00,2024-11-07 00:27:00+00:00,2024-11-07 00:28:00+00:00,target,0.14955497864446285,0.20135015173368578,"simulated minute opens; intrabar exits only known within minute, not actual exchange fills"
1163,1773.0,2553122.0,2554239.0,-1.0,0.6,2905.62,2959.98,2959.3797634726784,2877.9030990250153,0.871686,0.8879940000000001,-0.3510148638402,-32.61600000000008,-34.024665136159456,6881.649033731924,6847.624368595764,0.253336372060603,1.0,6846.012612595764,0.0,0.0,2024-11-08 00:00:00+00:00,2024-11-07 00:00:00+00:00,2024-11-08 00:01:00+00:00,62.57,0.03275063483646967,2895.76,2024-11-08 00:02:00+00:00,2024-11-08 18:39:00+00:00,2024-11-08 18:40:00+00:00,stop,-1.0548367694316985,0.5155696227917876,"simulated minute opens; intrabar exits only known within minute, not actual exchange fills"
1164,1774.0,2554562.0,2554599.0,1.0,0.483,2959.85,2977.04,2892.577024835466,2977.6401487652633,0.714803775,0.71895516,0.0,8.302770000000026,6.86901106499954,6847.624368595764,6854.493379660764,0.20877423658873512,2.0,6844.431774820764,0.0,0.0,2024-11-09 00:00:00+00:00,2024-11-08 00:00:00+00:00,2024-11-09 00:01:00+00:00,60.1,0.03145777774767185,2962.12,2024-11-09 00:02:00+00:00,2024-11-09 00:39:00+00:00,2024-11-09 00:40:00+00:00,target,0.21140071425734455,0.2644471828658229,"simulated minute opens; intrabar exits only known within minute, not actual exchange fills"
1165,1775.0,2556002.0,2556139.0,1.0,0.435,3125.7200000000003,3143.65,3050.7884309364463,3144.282194879614,0.6798441000000001,0.683743875,0.0,7.799549999999929,6.435962024999753,6854.493379660764,6860.929341685764,0.19836450700128802,2.0,6844.6275639007135,0.0,0.0,2024-11-10 00:00:00+00:00,2024-11-09 00:00:00+00:00,2024-11-10 00:01:00+00:00,62.57,0.03275063483646967,3127.03,2024-11-10 00:02:00+00:00,2024-11-10 02:19:00+00:00,2024-11-10 02:20:00+00:00,target,0.19745102344581408,0.2477219563341865,"simulated minute opens; intrabar exits only known within minute, not actual exchange fills"
1166,1776.0,2557442.0,2557474.0,1.0,0.418,3182.81,3202.94,3104.54592465619,3203.5843977833256,0.66520729,0.6694144599999999,0.0,8.414340000000045,7.079718250000042,6860.929341685764,6868.009059935764,0.19391171570834317,2.0,6857.760314395764,0.0,0.0,2024-11-11 00:00:00+00:00,2024-11-10 00:00:00+00:00,2024-11-11 00:01:00+00:00,65.21,0.03413247399210783,3185.19,2024-11-11 00:02:00+00:00,2024-11-11 00:34:00+00:00,2024-11-11 00:35:00+00:00,target,0.2164099547026679,0.2654397652060004,"simulated minute opens; intrabar exits only known within minute, not actual exchange fills"
1167,1777.0,2558882.0,2558899.0,1.0,0.392,3369.25,3284.98,3285.6453553258893,3395.6164120247217,0.6603730000000001,0.64385608,0.0,-33.03383999999999,-34.338069079999514,6868.009059935764,6833.670990855764,0.19230405616447352,1.0,6826.628186618484,0.0,0.0,2024-11-12 00:00:00+00:00,2024-11-11 00:00:00+00:00,2024-11-12 00:01:00+00:00,68.19,0.035692277281426675,3375.02,2024-11-12 00:02:00+00:00,2024-11-12 00:19:00+00:00,2024-11-12 00:20:00+00:00,stop,-1.0477541689394252,0.31537018221293234,"simulated minute opens; intrabar exits only known within minute, not actual exchange fills"
1168,1778.0,2560322.0,2560342.0,-1.0,0.419,3243.91,3226.07,3321.474268758347,3225.4208736359433,0.679599145,0.675861665,0.0,7.47495999999987,6.11949919000017,6833.670990855764,6839.790490045764,0.19889723866114759,2.0,6827.185553126034,0.0,0.0,2024-11-13 00:00:00+00:00,2024-11-12 00:00:00+00:00,2024-11-13 00:01:00+00:00,64.19,0.033598581591065824,3245.98,2024-11-13 00:02:00+00:00,2024-11-13 00:22:00+00:00,2024-11-13 00:23:00+00:00,target,0.18829559323897657,0.23837169691703994,"simulated minute opens; intrabar exits only known within minute, not actual exchange fills"
1169,1779.0,2561762.0,2561842.0,-1.0,0.432,3185.2200000000003,3169.88,3260.478640137937,3169.2432162140417,0.68800752,0.68469408,0.0,6.626880000000063,5.254178400000455,6839.790490045764,6845.044668445765,0.20117795157652457,2.0,6829.430357258245,0.0,0.0,2024-11-14 00:00:00+00:00,2024-11-13 00:00:00+00:00,2024-11-14 00:01:00+00:00,62.24,0.03257790494201491,3188.9,2024-11-14 00:02:00+00:00,2024-11-14 01:22:00+00:00,2024-11-14 01:23:00+00:00,target,0.16160868675954396,0.21229168845830515,"simulated minute opens; intrabar exits only known within minute, not actual exchange fills"
1170,1780.0,2563202.0,2563286.0,-1.0,0.535,3070.65,3042.23,3130.803148815863,3041.6206136242236,0.8213988750000001,0.8137965250000001,0.0,15.20470000000004,13.569504600000073,6845.044668445765,6858.614173045765,0.2399981051362538,2.0,6831.626094327515,0.0,0.0,2024-11-15 00:00:00+00:00,2024-11-14 00:00:00+00:00,2024-11-15 00:01:00+00:00,63.4,0.03318507669221955,3061.03,2024-11-15 00:02:00+00:00,2024-11-15 01:26:00+00:00,2024-11-15 01:27:00+00:00,target,0.421649747341431,0.4825913014901257,"simulated minute opens; intrabar exits only known within minute, not actual exchange fills"
1171,1781.0,2564642.0,2564716.0,1.0,0.47500000000000003,3083.21,3108.61,3014.7293246588474,3109.2389047888673,0.732262375,0.738294875,0.0,12.065000000000044,10.59444275000078,6858.614173045765,6869.208615795766,0.2135307094187565,2.0,6853.321910670765,0.0,0.0,2024-11-16 00:00:00+00:00,2024-11-15 00:00:00+00:00,2024-11-16 00:01:00+00:00,63.24,0.03310132886460512,3091.75,2024-11-16 00:02:00+00:00,2024-11-16 01:16:00+00:00,2024-11-16 01:17:00+00:00,target,0.32569903682883616,0.38009123974315634,"simulated minute opens; intrabar exits only known within minute, not actual exchange fills"
1172,1782.0,2566082.0,2566107.0,1.0,0.392,3139.92,3152.39,3056.1080030896005,3153.028454840879,0.6154243200000001,0.61786844,0.0,4.8882399999999215,3.6549472400001832,6869.208615795766,6872.863563035766,0.17918347059218148,2.0,6865.809991475766,0.0,0.0,2024-11-17 00:00:00+00:00,2024-11-16 00:00:00+00:00,2024-11-17 00:01:00+00:00,64.85,0.03394404137997536,3134.72,2024-11-17 00:02:00+00:00,2024-11-17 00:27:00+00:00,2024-11-17 00:28:00+00:00,target,0.11124714054920155,0.15640308457144547,"simulated minute opens; intrabar exits only known within minute, not actual exchange fills"
1173,1783.0,2567522.0,2567939.0,-1.0,0.428,3074.57,3151.64,3151.0002209546524,3058.6509702604862,0.65795798,0.67445096,0.0,-32.98595999999988,-34.318368940000255,6872.863563035766,6838.5451940957655,0.19146545656418584,1.0,6838.5451940957655,0.0,0.0,2024-11-18 00:00:00+00:00,2024-11-17 00:00:00+00:00,2024-11-18 00:01:00+00:00,65.08,0.03406442888217111,3078.09,2024-11-18 00:02:00+00:00,2024-11-18 06:59:00+00:00,2024-11-18 07:00:00+00:00,stop,-1.0491020959834076,0.20828187516243135,"simulated minute opens; intrabar exits only known within minute, not actual exchange fills"
1174,1784.0,2568962.0,2569252.0,1.0,0.383,3213.59,3127.6800000000003,3128.315225745932,3229.9621953613505,0.615402485,0.59895072,0.0,-32.90352999999995,-34.117883205,6838.5451940957655,6804.4273108907655,0.17998052730025788,1.0,6804.003651610766,0.0,0.0,2024-11-19 00:00:00+00:00,2024-11-18 00:00:00+00:00,2024-11-19 00:01:00+00:00,66.79,0.03495948378980038,3210.48,2024-11-19 00:02:00+00:00,2024-11-19 04:52:00+00:00,2024-11-19 04:53:00+00:00,stop,-1.0446305578551585,0.1919934178022087,"simulated minute opens; intrabar exits only known within minute, not actual exchange fills"
1175,1785.0,2570402.0,2570532.0,-1.0,0.423,3105.7000000000003,3090.41,3182.2552441556454,3089.7859029861042,0.65685555,0.653621715,0.0,6.467670000000177,5.157192735000535,6804.4273108907655,6809.584503625766,0.19306710763113766,2.0,6795.458505340765,0.0,0.0,2024-11-20 00:00:00+00:00,2024-11-19 00:00:00+00:00,2024-11-20 00:01:00+00:00,64.56,0.033792248442424205,3109.34,2024-11-20 00:02:00+00:00,2024-11-20 02:12:00+00:00,2024-11-20 02:13:00+00:00,target,0.15925682341517605,0.20787729422612689,"simulated minute opens; intrabar exits only known within minute, not actual exchange fills"
1176,1786.0,2571842.0,2571977.0,-1.0,0.421,3066.53,3052.1,3143.6155382320862,3051.4891056164556,0.6455045650000001,0.64246705,0.0,6.0750300000001225,4.787058384999909,6809.584503625766,6814.371562010766,0.18958706354442062,2.0,6795.269129060766,0.0,0.0,2024-11-21 00:00:00+00:00,2024-11-20 00:00:00+00:00,2024-11-21 00:01:00+00:00,65.1,0.034074897360622906,3071.05,2024-11-21 00:02:00+00:00,2024-11-21 02:17:00+00:00,2024-11-21 02:18:00+00:00,target,0.1475073698748186,0.1951195351099458,"simulated minute opens; intrabar exits only known within minute, not actual exchange fills"
1177,1787.0,2573282.0,2573487.0,1.0,0.323,3365.9900000000002,3379.92,3264.6688529630987,3380.5997598028375,0.543607385,0.54585708,0.0,4.499389999999948,3.409925535000184,6814.371562010766,6817.781487545766,0.15954732730763918,2.0,6794.851704625767,0.0,0.0,2024-11-22 00:00:00+00:00,2024-11-21 00:00:00+00:00,2024-11-22 00:01:00+00:00,72.13,0.03775456753643212,3358.42,2024-11-22 00:02:00+00:00,2024-11-22 03:27:00+00:00,2024-11-22 03:28:00+00:00,target,0.104193895437797,0.14419260174301388,"simulated minute opens; intrabar exits only known within minute, not actual exchange fills"
1178,1788.0,2574722.0,2574748.0,1.0,0.375,3326.11,3350.84,3239.1929614404175,3351.5109651906805,0.623645625,0.6282825000000001,0.0,9.273750000000007,8.021821875000569,6817.781487545766,6825.803309420767,0.18294679175014072,2.0,6814.499091920767,0.0,0.0,2024-11-23 00:00:00+00:00,2024-11-22 00:00:00+00:00,2024-11-23 00:01:00+00:00,70.49,0.036896152303384167,3330.05,2024-11-23 00:02:00+00:00,2024-11-23 00:28:00+00:00,2024-11-23 00:29:00+00:00,target,0.24611428730786075,0.2922437949064238,"simulated minute opens; intrabar exits only known within minute, not actual exchange fills"
1179,1789.0,2576162.0,2576182.0,1.0,0.311,3399.2400000000002,3420.12,3293.7465114825986,3420.8124309312543,0.52858182,0.5318286600000001,0.0,6.493679999999893,5.433269520000067,6825.803309420767,6831.236578940767,0.15487754218480554,2.0,6824.8814893047465,0.0,0.0,2024-11-24 00:00:00+00:00,2024-11-23 00:00:00+00:00,2024-11-24 00:01:00+00:00,78.41,0.04104166977029866,3396.33,2024-11-24 00:02:00+00:00,2024-11-24 00:22:00+00:00,2024-11-24 00:23:00+00:00,target,0.16560567145448424,0.20449063951179897,"simulated minute opens; intrabar exits only known within minute, not actual exchange fills"
1180,1790.0,2577602.0,2577853.0,1.0,0.34900000000000003,3357.87,3385.9,3264.0108208379875,3386.5870764841543,0.585948315,0.59083955,0.0,9.782470000000071,8.60568213500028,6831.236578940767,6839.842261075767,0.1715497064781368,2.0,6811.169450625767,0.0,0.0,2024-11-25 00:00:00+00:00,2024-11-24 00:00:00+00:00,2024-11-25 00:01:00+00:00,76.32,0.03994771377208511,3362.98,2024-11-25 00:02:00+00:00,2024-11-25 04:13:00+00:00,2024-11-25 04:14:00+00:00,target,0.262713942527005,0.3059591692634049,"simulated minute opens; intrabar exits only known within minute, not actual exchange fills"
1181,1791.0,2579042.0,2579067.0,1.0,0.34400000000000003,3413.15,3439.86,3318.029170903966,3440.551217004573,0.5870618000000001,0.59165592,0.0,9.188240000000013,8.009522280000056,6839.842261075767,6847.851783355767,0.1716594557570008,2.0,6834.2740063064875,0.0,0.0,2024-11-26 00:00:00+00:00,2024-11-25 00:00:00+00:00,2024-11-26 00:01:00+00:00,74.93,0.03922015451968472,3416.92,2024-11-26 00:02:00+00:00,2024-11-26 00:27:00+00:00,2024-11-26 00:28:00+00:00,target,0.24477809141563678,0.2880674744425195,"simulated minute opens; intrabar exits only known within minute, not actual exchange fills"
1182,1792.0,2580482.0,2580596.0,1.0,0.358,3324.62,3349.1,3232.9211241335015,3349.7725022702025,0.59510698,0.5994889,0.0,8.763840000000005,7.569244119999894,6847.851783355767,6855.421027475767,0.173808370515978,2.0,6840.232716375767,0.0,0.0,2024-11-27 00:00:00+00:00,2024-11-26 00:00:00+00:00,2024-11-27 00:01:00+00:00,73.52,0.03848212678883251,3327.17,2024-11-27 00:02:00+00:00,2024-11-27 01:56:00+00:00,2024-11-27 01:57:00+00:00,target,0.230571419771616,0.27429455413195436,"simulated minute opens; intrabar exits only known within minute, not actual exchange fills"
1183,1793.0,2581922.0,2582837.0,1.0,0.324,3651.53,3549.63,3550.3473073365776,3681.62370960686,0.59154786,0.5750400600000001,0.1918111999970293,-33.01560000000003,-34.37399911999637,6855.421027475767,6821.047028355771,0.17257812689523863,1.0,6820.28718841577,0.0,0.0,2024-11-28 00:00:00+00:00,2024-11-27 00:00:00+00:00,2024-11-28 00:01:00+00:00,74.98,0.039246325715814226,3655.88,2024-11-28 00:02:00+00:00,2024-11-28 15:17:00+00:00,2024-11-28 15:18:00+00:00,stop,-1.048525069691927,0.2974195370246209,"simulated minute opens; intrabar exits only known within minute, not actual exchange fills"
1184,1794.0,2583362.0,2584150.0,1.0,0.319,3585.08,3604.76,3482.7057619549255,3605.4907727182645,0.57182026,0.5749592200000001,0.17373720474074889,6.277920000000093,4.957403315259398,6821.047028355771,6826.00443167103,0.16766348556838453,2.0,6805.271668095771,0.0,0.0,2024-11-29 00:00:00+00:00,2024-11-28 00:00:00+00:00,2024-11-29 00:01:00+00:00,71.3,0.037320125680682235,3581.58,2024-11-29 00:02:00+00:00,2024-11-29 13:10:00+00:00,2024-11-29 13:11:00+00:00,target,0.15180039002872703,0.19937411118291157,"simulated minute opens; intrabar exits only known within minute, not actual exchange fills"
1185,1795.0,2584802.0,2584903.0,1.0,0.352,3593.46,3616.39,3500.939785788609,3617.119674986991,0.63244896,0.6364846399999999,0.0,8.071359999999942,6.802426399999604,6826.00443167103,6832.80685807103,0.18530575722031115,2.0,6817.45902271103,0.0,0.0,2024-11-30 00:00:00+00:00,2024-11-29 00:00:00+00:00,2024-11-30 00:01:00+00:00,67.32,0.03523689846877318,3594.5,2024-11-30 00:02:00+00:00,2024-11-30 01:43:00+00:00,2024-11-30 01:44:00+00:00,target,0.20887408405523922,0.2557243861642281,"simulated minute opens; intrabar exits only known within minute, not actual exchange fills"
1186,1796.0,2586242.0,2586347.0,1.0,0.313,3709.17,3729.73,3604.704713065395,3730.47740284131,0.580485105,0.5837027450000001,0.0,6.435279999999983,5.271092150000186,6832.80685807103,6838.07795022103,0.16991117034555744,2.0,6822.25106296603,0.0,0.0,2024-12-01 00:00:00+00:00,2024-11-30 00:00:00+00:00,2024-12-01 00:01:00+00:00,70.91,0.037115990350872055,3705.73,2024-12-01 00:02:00+00:00,2024-12-01 01:47:00+00:00,2024-12-01 01:48:00+00:00,target,0.16120713869807038,0.20396634582211184,"simulated minute opens; intrabar exits only known within minute, not actual exchange fills"
1187,1797.0,2587682.0,2587766.0,1.0,0.301,3713.4900000000002,3736.41,3604.4517018861443,3737.1655535491423,0.5588802450000001,0.562329705,0.0,6.898919999999885,5.777710049999769,6838.07795022103,6843.85566027103,0.1634612091492567,2.0,6832.140199976029,0.0,0.0,2024-12-02 00:00:00+00:00,2024-12-01 00:00:00+00:00,2024-12-02 00:01:00+00:00,74.84,0.0391730463666516,3711.24,2024-12-02 00:02:00+00:00,2024-12-02 01:26:00+00:00,2024-12-02 01:27:00+00:00,target,0.1760395231036721,0.2171306225306306,"simulated minute opens; intrabar exits only known within minute, not actual exchange fills"
1188,1798.0,2589122.0,2589525.0,1.0,0.357,3638.64,3669.61,3547.1824440488344,3670.3449724191237,0.64949724,0.6550253850000001,0.0,11.056290000000091,9.751767375000782,6843.85566027103,6853.60742764603,0.18980448222202237,2.0,6833.52432303103,0.0,0.0,2024-12-03 00:00:00+00:00,2024-12-02 00:00:00+00:00,2024-12-03 00:01:00+00:00,70.64,0.0369746658917727,3646.26,2024-12-03 00:02:00+00:00,2024-12-03 06:45:00+00:00,2024-12-03 06:46:00+00:00,target,0.29867269812663416,0.3466632372731779,"simulated minute opens; intrabar exits only known within minute, not actual exchange fills"
1189,1799.0,2590562.0,2590592.0,1.0,0.315,3622.69,3639.63,3518.2325532161026,3640.3606722363734,0.570573675,0.573241725,0.0,5.336100000000017,4.192284600000676,6853.60742764603,6857.799712246031,0.16650316815591865,2.0,6851.200403971031,0.0,0.0,2024-12-04 00:00:00+00:00,2024-12-03 00:00:00+00:00,2024-12-04 00:01:00+00:00,70.41,0.036854278389576944,3616.82,2024-12-04 00:02:00+00:00,2024-12-04 00:32:00+00:00,2024-12-04 00:33:00+00:00,target,0.1274092025964946,0.16916622778393742,"simulated minute opens; intrabar exits only known within minute, not actual exchange fills"
1190,1800.0,2592002.0,2592162.0,1.0,0.316,3835.01,3866.42,3731.229137522331,3867.202981669072,0.60593158,0.61089436,0.0,9.925559999999955,8.708734060000097,6857.799712246031,6866.508446306031,0.17671311657527206,2.0,6836.500619725711,0.0,0.0,2024-12-05 00:00:00+00:00,2024-12-04 00:00:00+00:00,2024-12-05 00:01:00+00:00,73.75,0.03860251429102827,3840.75,2024-12-05 00:02:00+00:00,2024-12-05 02:42:00+00:00,2024-12-05 02:43:00+00:00,target,0.2655526687873716,0.3102015236768602,"simulated minute opens; intrabar exits only known within minute, not actual exchange fills"
1191,1801.0,2593442.0,2593457.0,1.0,0.317,3785.37,3811.9900000000002,3681.795273243547,3812.755654089175,0.599981145,0.604200415,0.0,8.43854000000011,7.234358439999596,6866.508446306031,6873.742804746031,0.1747558164944139,2.0,6864.301275161031,0.0,0.0,2024-12-06 00:00:00+00:00,2024-12-05 00:00:00+00:00,2024-12-06 00:01:00+00:00,71.62,0.03748762133591111,3787.31,2024-12-06 00:02:00+00:00,2024-12-06 00:17:00+00:00,2024-12-06 00:18:00+00:00,target,0.22033676278636094,0.2644047920451696,"simulated minute opens; intrabar exits only known within minute, not actual exchange fills"
1192,1802.0,2594882.0,2594914.0,1.0,0.301,4001.27,4026.81,3891.8581638985947,4027.6229154318867,0.602191135,0.606034905,0.0,7.687539999999989,6.479313959999672,6873.742804746031,6880.22211870603,0.17521491627071423,2.0,6871.253343611031,0.0,0.0,2024-12-07 00:00:00+00:00,2024-12-06 00:00:00+00:00,2024-12-07 00:01:00+00:00,70.67,0.0369903686094504,4001.75,2024-12-07 00:02:00+00:00,2024-12-07 00:34:00+00:00,2024-12-07 00:35:00+00:00,target,0.19674251677897253,0.24085982258320057,"simulated minute opens; intrabar exits only known within minute, not actual exchange fills"
1193,1803.0,2596322.0,2596637.0,-1.0,0.3,3997.57,3971.87,4107.176510444652,3971.0738314921623,0.5996355,0.5957804999999999,0.0,7.710000000000082,6.514584000000468,6880.22211870603,6886.736702706031,0.1743070178998157,2.0,6875.3049968430305,0.0,0.0,2024-12-08 00:00:00+00:00,2024-12-07 00:00:00+00:00,2024-12-08 00:01:00+00:00,73.16,0.03829369417670003,3999.79,2024-12-08 00:02:00+00:00,2024-12-08 05:17:00+00:00,2024-12-08 05:18:00+00:00,target,0.1981203480697173,0.24173900254964897,"simulated minute opens; intrabar exits only known within minute, not actual exchange fills"
1194,1804.0,2597762.0,2598188.0,1.0,0.303,4003.12,3893.64,3894.4258183794323,4033.764649649831,0.60647268,0.58988646,0.0,-33.17244,-34.36879913999928,6886.736702706031,6852.367903566032,0.176127738341353,1.0,6852.367903566032,0.0,0.0,2024-12-09 00:00:00+00:00,2024-12-08 00:00:00+00:00,2024-12-09 00:01:00+00:00,72.72,0.03806338765076034,4007.3,2024-12-09 00:02:00+00:00,2024-12-09 07:08:00+00:00,2024-12-09 07:09:00+00:00,stop,-1.0435552143532048,0.28193459109712227,"simulated minute opens; intrabar exits only known within minute, not actual exchange fills"
1195,1805.0,2599202.0,2599204.0,-1.0,0.299,3703.81,3685.6,3813.8412763760803,3684.8618856483013,0.5537195949999999,0.5509972000000001,0.0,5.444790000000011,4.340073204999499,6852.367903566032,6856.707976771031,0.1616140880911661,2.0,6851.486561206341,0.0,0.0,2024-12-10 00:00:00+00:00,2024-12-09 00:00:00+00:00,2024-12-10 00:01:00+00:00,75.07,0.039293433868847344,3712.55,2024-12-10 00:02:00+00:00,2024-12-10 00:04:00+00:00,2024-12-10 00:05:00+00:00,target,0.13191971844792488,0.1722066213876785,"simulated minute opens; intrabar exits only known within minute, not actual exchange fills"
1196,1806.0,2600642.0,2600677.0,-1.0,0.333,3625.23,3603.03,3723.7500187632395,3602.3070827139554,0.6036007950000001,0.5999044950000001,0.0,7.392599999999939,6.189094710000063,6856.707976771031,6862.897071481031,0.1760613976983889,2.0,6851.801609815931,0.0,0.0,2024-12-11 00:00:00+00:00,2024-12-10 00:00:00+00:00,2024-12-11 00:01:00+00:00,72.28,0.03783308112482065,3628.4,2024-12-11 00:02:00+00:00,2024-12-11 00:37:00+00:00,2024-12-11 00:38:00+00:00,target,0.18865069488735303,0.23267268494063426,"simulated minute opens; intrabar exits only known within minute, not actual exchange fills"
1197,1807.0,2602082.0,2602256.0,1.0,0.297,3831.42,3854.9300000000003,3720.6261272923584,3855.7029359348526,0.56896587,0.5724571050000001,0.0,6.982470000000064,5.84104702500008,6862.897071481031,6868.738118506031,0.16580923888960952,2.0,6851.730515611661,0.0,0.0,2024-12-12 00:00:00+00:00,2024-12-11 00:00:00+00:00,2024-12-12 00:01:00+00:00,72.67,0.03803721645463083,3830.44,2024-12-12 00:02:00+00:00,2024-12-12 02:56:00+00:00,2024-12-12 02:57:00+00:00,target,0.17750823686699974,0.219172191939976,"simulated minute opens; intrabar exits only known within minute, not actual exchange fills"
1198,1808.0,2603522.0,2603675.0,1.0,0.299,3879.75,3905.19,3769.7773300227827,3905.9805089968017,0.580022625,0.5838259050000001,0.0,7.606560000000016,6.442711469999267,6868.738118506031,6875.1808299760305,0.16888768067522608,2.0,6859.836925881031,0.0,0.0,2024-12-13 00:00:00+00:00,2024-12-12 00:00:00+00:00,2024-12-13 00:01:00+00:00,72.29,0.037838315364046554,3880.52,2024-12-13 00:02:00+00:00,2024-12-13 02:35:00+00:00,2024-12-13 02:36:00+00:00,target,0.19593531742442458,0.23851843373663517,"simulated minute opens; intrabar exits only known within minute, not actual exchange fills"
1199,1809.0,2604962.0,2605711.0,-1.0,0.323,3908.58,3877.87,4009.912896760401,3877.0850528001406,0.63123567,0.626276005,-0.126626013,9.919330000000013,8.788444337999863,6875.1808299760305,6883.96927431403,0.1836273650426154,2.0,6862.94743430603,0.0,0.0,2024-12-14 00:00:00+00:00,2024-12-13 00:00:00+00:00,2024-12-14 00:01:00+00:00,73.1,0.03826228874134462,3905.6,2024-12-14 00:02:00+00:00,2024-12-14 12:31:00+00:00,2024-12-14 12:32:00+00:00,target,0.2685091107612768,0.3108067390427836,"simulated minute opens; intrabar exits only known within minute, not actual exchange fills"
1200,1810.0,2606402.0,2606516.0,1.0,0.309,3864.7000000000003,3893.1800000000003,3757.980089700624,3893.9661150571023,0.59709615,0.60149631,0.0,8.800320000000006,7.601727539999956,6883.96927431403,6891.57100185403,0.17347437973842472,2.0,6880.440479800301,0.0,0.0,2024-12-15 00:00:00+00:00,2024-12-14 00:00:00+00:00,2024-12-15 00:01:00+00:00,72.51,0.0379534686270164,3868.6,2024-12-15 00:02:00+00:00,2024-12-15 01:56:00+00:00,2024-12-15 01:57:00+00:00,target,0.23051987141844157,0.27423294280329896,"simulated minute opens; intrabar exits only known within minute, not actual exchange fills"
1201,1811.0,2607842.0,2608068.0,-1.0,0.292,3952.4,3930.36,4065.2085518207855,3929.5656694798377,0.5770504,0.5738325599999999,0.0,6.435679999999989,5.28479703999983,6891.57100185403,6896.85579889403,0.16746556042004265,2.0,6869.85315145403,0.0,0.0,2024-12-16 00:00:00+00:00,2024-12-15 00:00:00+00:00,2024-12-16 00:01:00+00:00,73.58,0.03851353222418793,3958.5,2024-12-16 00:02:00+00:00,2024-12-16 03:48:00+00:00,2024-12-16 03:49:00+00:00,target,0.16043659552293518,0.20241666213780016,"simulated minute opens; intrabar exits only known within minute, not actual exchange fills"
1202,1812.0,2609282.0,2609416.0,1.0,0.28800000000000003,3987.78,4009.82,3873.021492427178,4010.6249116399363,0.5742403200000001,0.5774140800000002,0.0,6.3475199999999905,5.195865599999706,6896.85579889403,6902.05166449403,0.16652235068974022,2.0,6883.18311348347,0.0,0.0,2024-12-17 00:00:00+00:00,2024-12-16 00:00:00+00:00,2024-12-17 00:01:00+00:00,71.31,0.037325359919908145,3984.76,2024-12-17 00:02:00+00:00,2024-12-17 02:16:00+00:00,2024-12-17 02:17:00+00:00,target,0.15721013092254285,0.19906943827619425,"simulated minute opens; intrabar exits only known within minute, not actual exchange fills"
1203,1813.0,2610722.0,2611917.0,1.0,0.28800000000000003,3895.7000000000003,3779.76,3780.5169968220375,3916.1309630468986,0.5609808000000002,0.5442854400000001,0.222129719345664,-33.39072000000002,-34.718115959345596,6902.05166449403,6867.333548534684,0.1625547959560584,1.0,6867.333548534684,0.0,0.0,2024-12-18 00:00:00+00:00,2024-12-17 00:00:00+00:00,2024-12-18 00:01:00+00:00,71.74,0.03755043220662193,3890.81,2024-12-18 00:02:00+00:00,2024-12-18 19:57:00+00:00,2024-12-18 19:58:00+00:00,stop,-1.0465868263694624,0.17737828050317125,"simulated minute opens; intrabar exits only known within minute, not actual exchange fills"
1204,1814.0,2612162.0,2612278.0,-1.0,0.382,3637.6800000000003,3599.15,3722.921753811816,3598.4256582312905,0.6947968800000001,0.6874376500000001,0.0,14.718460000000077,13.3362254700005,6867.333548534684,6880.669774004685,0.20234837148641258,2.0,6856.840451654685,0.0,0.0,2024-12-19 00:00:00+00:00,2024-12-18 00:00:00+00:00,2024-12-19 00:01:00+00:00,73.62,0.03853446918109154,3625.4,2024-12-19 00:02:00+00:00,2024-12-19 01:58:00+00:00,2024-12-19 01:59:00+00:00,target,0.4095596751455164,0.4605060315320328,"simulated minute opens; intrabar exits only known within minute, not actual exchange fills"
1205,1815.0,2613602.0,2613618.0,-1.0,0.379,3423.51,3391.38,3509.986516068302,3390.6965435005145,0.6487551450000001,0.6426665100000001,0.0,12.177270000000041,10.88584834500034,6880.669774004685,6891.555622349685,0.18857325414773157,2.0,6877.683537678605,0.0,0.0,2024-12-20 00:00:00+00:00,2024-12-19 00:00:00+00:00,2024-12-20 00:01:00+00:00,74.45,0.038968911036841414,3416.7,2024-12-20 00:02:00+00:00,2024-12-20 00:18:00+00:00,2024-12-20 00:19:00+00:00,target,0.33214283259648114,0.3794493348178899,"simulated minute opens; intrabar exits only known within minute, not actual exchange fills"
1206,1816.0,2615042.0,2615058.0,-1.0,0.36,3470.6800000000003,3445.82,3561.929544613203,3445.1230056636523,0.6247224,0.6202476,0.0,8.949600000000045,7.704630000000179,6891.555622349685,6899.260252349685,0.18130083662794266,2.0,6888.904099949686,0.0,0.0,2024-12-21 00:00:00+00:00,2024-12-20 00:00:00+00:00,2024-12-21 00:01:00+00:00,71.53,0.03744051318287799,3470.88,2024-12-21 00:02:00+00:00,2024-12-21 00:18:00+00:00,2024-12-21 00:19:00+00:00,target,0.2345408965131863,0.2800780480021187,"simulated minute opens; intrabar exits only known within minute, not actual exchange fills"
1207,1817.0,2616482.0,2616772.0,-1.0,0.354,3333.9,3312.78,3427.2292134126637,3312.1125836714127,0.5901002999999999,0.58636206,0.0,7.476479999999961,6.300017640000078,6899.260252349685,6905.560269989685,0.17106190473073665,2.0,6884.6623720496855,0.0,0.0,2024-12-22 00:00:00+00:00,2024-12-21 00:00:00+00:00,2024-12-22 00:01:00+00:00,73.14,0.038283225698248234,3337.6,2024-12-22 00:02:00+00:00,2024-12-22 04:52:00+00:00,2024-12-22 04:53:00+00:00,target,0.19068691730327417,0.23344690833568174,"simulated minute opens; intrabar exits only known within minute, not actual exchange fills"
1208,1818.0,2617922.0,2617953.0,-1.0,0.353,3281.75,3254.4500000000003,3375.405089733733,3253.7982300574035,0.579228875,0.5744104250000001,0.0,9.636899999999903,8.483260699999846,6905.560269989685,6914.043530689685,0.16775724267217645,2.0,6902.146451114685,0.0,0.0,2024-12-23 00:00:00+00:00,2024-12-22 00:00:00+00:00,2024-12-23 00:01:00+00:00,78.52,0.041099246401783585,3280.8,2024-12-23 00:02:00+00:00,2024-12-23 00:33:00+00:00,2024-12-23 00:34:00+00:00,target,0.25660004243574713,0.29845436080478954,"simulated minute opens; intrabar exits only known within minute, not actual exchange fills"
1209,1819.0,2619362.0,2619376.0,-1.0,0.324,3413.06,3394.71,3515.2895147128893,3394.0230541315864,0.55291572,0.5499430200000001,0.0,5.945399999999971,4.842541259999962,6914.043530689685,6918.886071949685,0.15993990131700714,2.0,6910.966654969685,0.0,0.0,2024-12-24 00:00:00+00:00,2024-12-23 00:00:00+00:00,2024-12-24 00:01:00+00:00,74.64,0.03906836158213355,3420.74,2024-12-24 00:02:00+00:00,2024-12-24 00:16:00+00:00,2024-12-24 00:17:00+00:00,target,0.14620156460661982,0.18621770749747427,"simulated minute opens; intrabar exits only known within minute, not actual exchange fills"
1210,1820.0,2620802.0,2620897.0,-1.0,0.333,3487.33,3466.28,3586.7424777486176,3465.579671782347,0.580640445,0.5771356200000001,0.0,7.009649999999909,5.851873934999276,6918.886071949685,6924.737945884684,0.1678421754490258,2.0,6915.754651504685,0.0,0.0,2024-12-25 00:00:00+00:00,2024-12-24 00:00:00+00:00,2024-12-25 00:01:00+00:00,72.97,0.038194243631407894,3491.97,2024-12-25 00:02:00+00:00,2024-12-25 01:37:00+00:00,2024-12-25 01:38:00+00:00,target,0.17677051611604339,0.2187887145580728,"simulated minute opens; intrabar exits only known within minute, not actual exchange fills"
1211,1821.0,2622242.0,2622314.0,-1.0,0.34600000000000003,3496.2400000000002,3469.62,3591.9619271507486,3468.9172467809512,0.6048495200000001,0.6002442600000001,0.0,9.21052000000012,8.005426220000118,6924.737945884684,6932.743372104685,0.17469239261522013,2.0,6917.932776364684,0.0,0.0,2024-12-26 00:00:00+00:00,2024-12-25 00:00:00+00:00,2024-12-26 00:01:00+00:00,73.93,0.038696730597094504,3495.72,2024-12-26 00:02:00+00:00,2024-12-26 01:14:00+00:00,2024-12-26 01:15:00+00:00,target,0.24171128485078203,0.2854388125305873,"simulated minute opens; intrabar exits only known within minute, not actual exchange fills"
1212,1822.0,2623682.0,2624225.0,-1.0,0.362,3334.69,3426.9300000000003,3426.2418952196954,3306.9733782499893,0.60357889,0.6202743300000001,-0.10142990665602958,-33.39088000000009,-34.513303313343386,6932.743372104685,6898.230068791341,0.1741241115107833,1.0,6898.230068791341,0.0,0.0,2024-12-27 00:00:00+00:00,2024-12-26 00:00:00+00:00,2024-12-27 00:01:00+00:00,75.1,0.039309136586525045,3333.15,2024-12-27 00:02:00+00:00,2024-12-27 09:05:00+00:00,2024-12-27 09:06:00+00:00,stop,-1.0413833231841008,0.30274219538000496,"simulated minute opens; intrabar exits only known within minute, not actual exchange fills"
1213,1823.0,2625122.0,2626492.0,-1.0,0.356,3331.67,3425.06,3424.3685620976935,3306.3318639380145,0.59303726,0.60966068,-0.23060213924359999,-33.246839999999956,-34.2189358007563,6898.230068791341,6864.011132990585,0.1719389623384677,1.0,6864.011132990585,0.0,0.0,2024-12-28 00:00:00+00:00,2024-12-27 00:00:00+00:00,2024-12-28 00:01:00+00:00,74.07,0.03877000994625713,3332.09,2024-12-28 00:02:00+00:00,2024-12-28 22:52:00+00:00,2024-12-28 22:53:00+00:00,stop,-1.0369158270286856,0.2733390409581772,"simulated minute opens; intrabar exits only known within minute, not actual exchange fills"
1214,1824.0,2626562.0,2626676.0,-1.0,0.335,3401.1800000000003,3376.7000000000003,3499.255539401276,3376.0200050155127,0.56969765,0.56559725,0.0,8.200800000000006,7.065505099999427,6864.011132990585,6871.076638090584,0.165995549529882,2.0,6862.647485340584,0.0,0.0,2024-12-29 00:00:00+00:00,2024-12-28 00:00:00+00:00,2024-12-29 00:01:00+00:00,75.63,0.039586551265497864,3402.54,2024-12-29 00:02:00+00:00,2024-12-29 01:56:00+00:00,2024-12-29 01:57:00+00:00,target,0.2150491358880451,0.2565369014341648,"simulated minute opens; intrabar exits only known within minute, not actual exchange fills"
1215,1825.0,2628002.0,2628016.0,1.0,0.335,3351.06,3377.98,3252.706869897938,3378.6582425498345,0.56130255,0.56581165,0.0,9.018200000000025,7.891085799999928,6871.076638090584,6878.967723890584,0.16338125145871793,2.0,6869.353763645934,0.0,0.0,2024-12-30 00:00:00+00:00,2024-12-29 00:00:00+00:00,2024-12-30 00:01:00+00:00,75.02,0.03926726267271783,3355.46,2024-12-30 00:02:00+00:00,2024-12-30 00:16:00+00:00,2024-12-30 00:17:00+00:00,target,0.23949903755534788,0.28060360174806437,"simulated minute opens; intrabar exits only known within minute, not actual exchange fills"
1216,1826.0,2629442.0,2629495.0,-1.0,0.338,3355.98,3335.1,3453.587198206394,3334.430837307541,0.56716062,0.5636319,0.0,7.057440000000037,5.926647479999701,6878.967723890584,6884.894371370584,0.16489701442565488,2.0,6875.801343270584,0.0,0.0,2024-12-31 00:00:00+00:00,2024-12-30 00:00:00+00:00,2024-12-31 00:01:00+00:00,74.38,0.038932271362260094,3360.11,2024-12-31 00:02:00+00:00,2024-12-31 00:55:00+00:00,2024-12-31 00:56:00+00:00,target,0.1796431034002415,0.22077431878428208,"simulated minute opens; intrabar exits only known within minute, not actual exchange fills"
1217,1827.0,2630882.0,2630913.0,1.0,0.339,3339.07,3357.63,3241.506454108009,3358.3057492039748,0.5659723650000001,0.5691182850000001,0.0,6.291839999999982,5.156749350000609,6884.894371370584,6890.051120720585,0.16440989054341332,2.0,6883.989399005584,0.0,0.0,2025-01-01 00:00:00+00:00,2024-12-31 00:00:00+00:00,2025-01-01 00:01:00+00:00,70.35,0.03682287295422153,3336.57,2025-01-01 00:02:00+00:00,2025-01-01 00:33:00+00:00,2025-01-01 00:34:00+00:00,target,0.1559153048500518,0.19716123505053598,"simulated minute opens; intrabar exits only known within minute, not actual exchange fills"
1218,1828.0,2632322.0,2632912.0,-1.0,0.366,3358.28,3448.96,3448.26878985402,3334.8924933830663,0.61456524,0.63115968,-0.125161198563714,-33.18887999999994,-34.309443721436764,6890.051120720585,6855.741676999148,0.17839206973423058,1.0,6855.741676999148,0.0,0.0,2025-01-02 00:00:00+00:00,2025-01-01 00:00:00+00:00,2025-01-02 00:01:00+00:00,71.11,0.0372206751353901,3359.36,2025-01-02 00:02:00+00:00,2025-01-02 09:52:00+00:00,2025-01-02 09:53:00+00:00,stop,-1.0417036351326716,0.25989355624043053,"simulated minute opens; intrabar exits only known within minute, not actual exchange fills"
1219,1829.0,2633762.0,2634250.0,-1.0,0.34700000000000003,3452.69,3430.21,3547.2266152158786,3429.5215575742945,0.599041715,0.5951414350000002,-0.119109906784399,7.800560000000007,6.725486756785358,6855.741676999148,6862.467163755933,0.17475620967743605,2.0,6846.9430252841485,0.0,0.0,2025-01-03 00:00:00+00:00,2025-01-02 00:00:00+00:00,2025-01-03 00:01:00+00:00,71.61,0.0374823870966852,3454.83,2025-01-03 00:02:00+00:00,2025-01-03 08:10:00+00:00,2025-01-03 08:11:00+00:00,target,0.20501904125994513,0.24507374600623621,"simulated minute opens; intrabar exits only known within minute, not actual exchange fills"
1220,1830.0,2635202.0,2635271.0,-1.0,0.34800000000000003,3607.48,3583.32,3701.6333451747396,3582.594048945247,0.6277015200000001,0.62349768,0.0,8.40767999999995,7.156480799999372,6862.467163755933,6869.6236445559325,0.18293756604481862,2.0,6857.517302235933,0.0,0.0,2025-01-04 00:00:00+00:00,2025-01-03 00:00:00+00:00,2025-01-04 00:01:00+00:00,69.01,0.036121484897950654,3607.89,2025-01-04 00:02:00+00:00,2025-01-04 01:11:00+00:00,2025-01-04 01:12:00+00:00,target,0.21841603144139243,0.26431297803139353,"simulated minute opens; intrabar exits only known within minute, not actual exchange fills"
1221,1831.0,2636642.0,2636865.0,-1.0,0.332,3655.48,3630.46,3754.4133741368473,3629.7321238510945,0.6068096800000001,0.6026563600000001,0.0,8.306639999999994,7.097173959999964,6869.6236445559325,6876.7208185159325,0.17666460679571205,2.0,6862.747699044932,0.0,0.0,2025-01-05 00:00:00+00:00,2025-01-04 00:00:00+00:00,2025-01-05 00:01:00+00:00,71.26,0.03729918872377863,3655.99,2025-01-05 00:02:00+00:00,2025-01-05 03:45:00+00:00,2025-01-05 03:46:00+00:00,target,0.21607501196138937,0.260254705487861,"simulated minute opens; intrabar exits only known within minute, not actual exchange fills"
1222,1832.0,2638082.0,2638203.0,1.0,0.303,3640.53,3658.32,3531.4450997889344,3659.053411010111,0.551540295,0.5542354800000001,0.0,5.390369999999989,4.284594224999637,6876.7208185159325,6881.005412740932,0.16040793557154415,2.0,6866.830866425202,0.0,0.0,2025-01-06 00:00:00+00:00,2025-01-05 00:00:00+00:00,2025-01-06 00:01:00+00:00,71.26,0.03729918872377863,3634.96,2025-01-06 00:02:00+00:00,2025-01-06 02:03:00+00:00,2025-01-06 02:04:00+00:00,target,0.12962907765088053,0.1698072874822314,"simulated minute opens; intrabar exits only known within minute, not actual exchange fills"
1223,1833.0,2639522.0,2640419.0,1.0,0.338,3681.73,3583.73,3584.4486292827487,3709.3852753366928,0.6222123700000001,0.6056503700000001,0.123931785649022,-33.124,-34.47579452564878,6881.005412740932,6846.529618215283,0.18084926044322128,1.0,6831.736173920824,0.0,0.0,2025-01-07 00:00:00+00:00,2025-01-06 00:00:00+00:00,2025-01-07 00:01:00+00:00,68.91,0.036069142505691626,3685.72,2025-01-07 00:02:00+00:00,2025-01-07 14:59:00+00:00,2025-01-07 15:00:00+00:00,stop,-1.0484987139436994,0.28428130825862746,"simulated minute opens; intrabar exits only known within minute, not actual exchange fills"
1224,1834.0,2640962.0,2640977.0,1.0,0.32,3385.9,3400.89,3283.083409096028,3401.573015348182,0.541744,0.5441423999999999,0.0,4.79679999999993,3.7109135999999125,6846.529618215283,6850.240531815283,0.15825360590237803,2.0,6843.512902093683,0.0,0.0,2025-01-08 00:00:00+00:00,2025-01-07 00:00:00+00:00,2025-01-08 00:01:00+00:00,70.57,0.036938026217191375,3379.38,2025-01-08 00:02:00+00:00,2025-01-08 00:17:00+00:00,2025-01-08 00:18:00+00:00,target,0.11278923856589093,0.15243663702893892,"simulated minute opens; intrabar exits only known within minute, not actual exchange fills"
1225,1835.0,2642402.0,2642463.0,1.0,0.356,3323.92,3346.15,3231.8447702275375,3346.827530743015,0.5916577599999999,0.5956146999999999,0.0,7.913880000000006,6.726607540000259,6850.240531815283,6856.9671393552835,0.1727407255999559,2.0,6847.140136661883,0.0,0.0,2025-01-09 00:00:00+00:00,2025-01-08 00:00:00+00:00,2025-01-09 00:01:00+00:00,69.19,0.03621570120401688,3325.38,2025-01-09 00:02:00+00:00,2025-01-09 01:03:00+00:00,2025-01-09 01:04:00+00:00,target,0.2052122492302675,0.2487914588931704,"simulated minute opens; intrabar exits only known within minute, not actual exchange fills"
1226,1836.0,2643842.0,2643961.0,1.0,0.34,3223.34,3238.59,3126.347178409556,3239.241930453915,0.5479678,0.5505603000000001,0.0,5.1850000000000005,4.086471900000106,6856.9671393552835,6861.053611255284,0.15982803734174578,2.0,6852.941875645884,0.0,0.0,2025-01-10 00:00:00+00:00,2025-01-09 00:00:00+00:00,2025-01-10 00:01:00+00:00,69.99,0.036634440342089056,3218.24,2025-01-10 00:02:00+00:00,2025-01-10 02:01:00+00:00,2025-01-10 02:02:00+00:00,target,0.12391674768212362,0.16394956031964086,"simulated minute opens; intrabar exits only known within minute, not actual exchange fills"
1227,1837.0,2645282.0,2645377.0,-1.0,0.398,3267.34,3243.56,3349.3650338171424,3242.905518925838,0.6502006600000001,0.64546844,0.0,9.46444000000008,8.1687708999998,6861.053611255284,6869.222382155283,0.18953376459072466,2.0,6859.774570595283,0.0,0.0,2025-01-11 00:00:00+00:00,2025-01-10 00:00:00+00:00,2025-01-11 00:01:00+00:00,67.84,0.0355090789085201,3265.52,2025-01-11 00:02:00+00:00,2025-01-11 01:37:00+00:00,2025-01-11 01:38:00+00:00,target,0.25022299955102384,0.297890533378308,"simulated minute opens; intrabar exits only known within minute, not actual exchange fills"
1228,1838.0,2646722.0,2647231.0,-1.0,0.378,3280.75,3259.31,3367.544705531641,3258.6518188141285,0.62006175,0.61600959,-0.12344497199999999,8.10432000000002,6.991693631999624,6869.222382155283,6876.214075787283,0.18053331672906175,2.0,6865.1889804052835,0.0,0.0,2025-01-12 00:00:00+00:00,2025-01-11 00:00:00+00:00,2025-01-12 00:01:00+00:00,69.1,0.036168593050983765,3281.84,2025-01-12 00:02:00+00:00,2025-01-12 08:31:00+00:00,2025-01-12 08:32:00+00:00,target,0.21310682358679273,0.2546028706533903,"simulated minute opens; intrabar exits only known within minute, not actual exchange fills"
1229,1839.0,2648162.0,2648186.0,1.0,0.329,3273.9900000000002,3286.32,3173.6497384644636,3286.9803037478323,0.5385713550000001,0.54059964,0.0,4.056569999999976,2.9773990049998247,6876.214075787283,6879.191474792283,0.15664764042074622,2.0,6873.947545381353,0.0,0.0,2025-01-13 00:00:00+00:00,2025-01-12 00:00:00+00:00,2025-01-13 00:01:00+00:00,69.71,0.0364878816437638,3265.7,2025-01-13 00:02:00+00:00,2025-01-13 00:26:00+00:00,2025-01-13 00:27:00+00:00,target,0.09019156280347503,0.12946252629839308,"simulated minute opens; intrabar exits only known within minute, not actual exchange fills"
1230,1840.0,2649602.0,2650164.0,-1.0,0.375,3132.88,3221.1800000000003,3220.5311425834884,3112.7915261034104,0.587415,0.6039712500000001,-0.08859654855,-33.11250000000007,-34.215289701449365,6879.191474792283,6844.9761850908335,0.1707802442052936,1.0,6844.417656340834,0.0,0.0,2025-01-14 00:00:00+00:00,2025-01-13 00:00:00+00:00,2025-01-14 00:01:00+00:00,71.44,0.03739340502984487,3136.14,2025-01-14 00:02:00+00:00,2025-01-14 09:24:00+00:00,2025-01-14 09:25:00+00:00,stop,-1.0409536013782232,0.22918667463410722,"simulated minute opens; intrabar exits only known within minute, not actual exchange fills"
1231,1841.0,2651042.0,2651630.0,-1.0,0.368,3222.28,3200.7000000000003,3311.2920750075687,3200.055443795763,0.59289952,0.5889288,-0.07044359201919999,7.941439999999973,6.830055272018399,6844.9761850908335,6851.806240362852,0.17323640111163724,2.0,6833.781205570834,0.0,0.0,2025-01-15 00:00:00+00:00,2025-01-14 00:00:00+00:00,2025-01-15 00:01:00+00:00,71.55,0.03745098166132979,3223.99,2025-01-15 00:02:00+00:00,2025-01-15 09:50:00+00:00,2025-01-15 09:51:00+00:00,target,0.20851028136148633,0.24968023947703125,"simulated minute opens; intrabar exits only known within minute, not actual exchange fills"
1232,1842.0,2652482.0,2652693.0,1.0,0.299,3458.83,3348.03,3348.7011671308364,3473.1182604559954,0.5170950849999999,0.500530485,0.0,-33.12919999999992,-34.14682556999924,6851.806240362852,6817.659414792853,0.15093686740698495,1.0,6817.6135981348225,0.0,0.0,2025-01-16 00:00:00+00:00,2025-01-15 00:00:00+00:00,2025-01-16 00:01:00+00:00,71.3,0.037320125680682235,3449.8,2025-01-16 00:02:00+00:00,2025-01-16 03:33:00+00:00,2025-01-16 03:34:00+00:00,stop,-1.0369984592107202,0.12974132281026118,"simulated minute opens; intrabar exits only known within minute, not actual exchange fills"
1233,1843.0,2653922.0,2654435.0,-1.0,0.374,3309.9500000000003,3397.56,3396.873452736828,3282.236363024977,0.6189606500000001,0.63534372,-0.12609944247518198,-32.76613999999988,-33.8943449275248,6817.659414792853,6783.765069865328,0.18157570284516963,1.0,6783.5422052101285,0.0,0.0,2025-01-17 00:00:00+00:00,2025-01-16 00:00:00+00:00,2025-01-17 00:01:00+00:00,71.36,0.03735153111603765,3306.94,2025-01-17 00:02:00+00:00,2025-01-17 08:35:00+00:00,2025-01-17 08:36:00+00:00,stop,-1.0426022881269006,0.3188280734651676,"simulated minute opens; intrabar exits only known within minute, not actual exchange fills"
1234,1844.0,2655362.0,2655536.0,-1.0,0.34900000000000003,3473.83,3447.36,3566.6467630647726,3446.668133739721,0.6061833350000001,0.60156432,0.0,9.238029999999931,8.03028234499925,6783.765069865328,6791.795352210327,0.17871589854807107,2.0,6776.486006530327,0.0,0.0,2025-01-18 00:00:00+00:00,2025-01-17 00:00:00+00:00,2025-01-18 00:01:00+00:00,70.8,0.03705841371938713,3472.38,2025-01-18 00:02:00+00:00,2025-01-18 02:56:00+00:00,2025-01-18 02:57:00+00:00,target,0.24790139453517265,0.29263966295963223,"simulated minute opens; intrabar exits only known within minute, not actual exchange fills"
1235,1845.0,2656802.0,2656866.0,1.0,0.334,3304.12,3328.82,3206.371247793153,3329.4909369231664,0.55178804,0.55591294,0.0,8.249800000000091,7.142099019999478,6791.795352210327,6798.937451230327,0.16248665084422065,2.0,6789.310488933387,0.0,0.0,2025-01-19 00:00:00+00:00,2025-01-18 00:00:00+00:00,2025-01-19 00:01:00+00:00,72.65,0.038026747976179026,3306.7,2025-01-19 00:02:00+00:00,2025-01-19 01:06:00+00:00,2025-01-19 01:07:00+00:00,target,0.21876013265876376,0.259552540061881,"simulated minute opens; intrabar exits only known within minute, not actual exchange fills"
1236,1846.0,2658242.0,2658376.0,1.0,0.38,3197.46,3236.9300000000003,3111.9982205257047,3237.5795246395933,0.6075174000000001,0.6150167,0.0,14.998600000000097,13.776065900000503,6798.937451230327,6812.713517130327,0.17870951287838793,2.0,6777.829627406327,0.0,0.0,2025-01-20 00:00:00+00:00,2025-01-19 00:00:00+00:00,2025-01-20 00:01:00+00:00,76.29,0.039932011054407406,3214.15,2025-01-20 00:02:00+00:00,2025-01-20 02:16:00+00:00,2025-01-20 02:17:00+00:00,target,0.42419904222688487,0.4694440589276537,"simulated minute opens; intrabar exits only known within minute, not actual exchange fills"
1237,1847.0,2659682.0,2659689.0,-1.0,0.356,3285.59,3258.84,3377.002239745083,3258.1875360180734,0.58483502,0.58007352,0.0,9.523,8.358091459999741,6812.713517130327,6821.071608590327,0.1716893036906522,2.0,6811.893722110327,0.0,0.0,2025-01-21 00:00:00+00:00,2025-01-20 00:00:00+00:00,2025-01-21 00:01:00+00:00,73.15,0.03828845993747414,3283.2,2025-01-21 00:02:00+00:00,2025-01-21 00:09:00+00:00,2025-01-21 00:10:00+00:00,target,0.2568341511538357,0.29976799669653387,"simulated minute opens; intrabar exits only known within minute, not actual exchange fills"
1238,1848.0,2661122.0,2661507.0,-1.0,0.36,3328.52,3303.09,3419.1499050188736,3302.427135133556,0.5991336,0.5945562,0.0,9.154799999999941,7.961110199999894,6821.071608590327,6829.032718790327,0.17567140014934388,2.0,6806.973386344727,0.0,0.0,2025-01-22 00:00:00+00:00,2025-01-21 00:00:00+00:00,2025-01-22 00:01:00+00:00,71.09,0.0372102066569383,3326.72,2025-01-22 00:02:00+00:00,2025-01-22 06:27:00+00:00,2025-01-22 06:28:00+00:00,target,0.24400549681029057,0.2879056847848416,"simulated minute opens; intrabar exits only known within minute, not actual exchange fills"
1239,1849.0,2662562.0,2663436.0,1.0,0.361,3241.16,3262.9,3150.583052415271,3263.5604942517825,0.5850293799999999,0.58895345,0.11667772700000001,7.848140000000085,6.557479442999465,6829.032718790327,6835.590198233326,0.17133594290455537,2.0,6807.976899877346,0.0,0.0,2025-01-23 00:00:00+00:00,2025-01-22 00:00:00+00:00,2025-01-23 00:01:00+00:00,69.1,0.036168593050983765,3242.0,2025-01-23 00:02:00+00:00,2025-01-23 14:36:00+00:00,2025-01-23 14:37:00+00:00,target,0.200545099877721,0.24730899913389665,"simulated minute opens; intrabar exits only known within minute, not actual exchange fills"
1240,1850.0,2664002.0,2664029.0,-1.0,0.404,3346.79,3315.14,3427.1591644859413,3314.4691584623015,0.6760515800000001,0.66965828,0.0,12.786600000000037,11.440890140000192,6835.590198233326,6847.031088373326,0.19780342600840148,2.0,6834.461666653327,0.0,0.0,2025-01-24 00:00:00+00:00,2025-01-23 00:00:00+00:00,2025-01-24 00:01:00+00:00,68.41,0.035807430544396515,3337.88,2025-01-24 00:02:00+00:00,2025-01-24 00:29:00+00:00,2025-01-24 00:30:00+00:00,target,0.3523619435530426,0.4021547535603933,"simulated minute opens; intrabar exits only known within minute, not actual exchange fills"
1241,1851.0,2665442.0,2666360.0,1.0,0.391,3303.91,3328.92,3220.3956308745005,3329.594592753323,0.645914405,0.65080386,0.0908831772585,9.778910000000085,8.391308557741468,6847.031088373326,6855.422396931068,0.1886699203387003,2.0,6832.428096927216,0.0,0.0,2025-01-25 00:00:00+00:00,2025-01-24 00:00:00+00:00,2025-01-25 00:01:00+00:00,65.93,0.034509339216372795,3308.62,2025-01-25 00:02:00+00:00,2025-01-25 15:20:00+00:00,2025-01-25 15:21:00+00:00,target,0.25697550530795077,0.3075469888867413,"simulated minute opens; intrabar exits only known within minute, not actual exchange fills"
1242,1852.0,2666882.0,2667460.0,-1.0,0.37,3315.62,3295.81,3404.0011907674384,3295.146310934842,0.6133896999999999,0.60972485,-0.12010019642343103,7.3296999999999795,6.226685646423903,6855.422396931068,6861.649082577492,0.1789502278589261,2.0,6838.299607231068,0.0,0.0,2025-01-26 00:00:00+00:00,2025-01-25 00:00:00+00:00,2025-01-26 00:01:00+00:00,67.08,0.03511127672735154,3317.91,2025-01-26 00:02:00+00:00,2025-01-26 09:40:00+00:00,2025-01-26 09:41:00+00:00,target,0.19041246196549458,0.23165210705331296,"simulated minute opens; intrabar exits only known within minute, not actual exchange fills"
1243,1853.0,2668322.0,2668331.0,1.0,0.439,3216.7000000000003,3250.58,3142.378839886398,3251.231839921951,0.7060656500000001,0.71350231,0.0,14.873319999999849,13.453752039999927,6861.649082577492,6875.102834617492,0.20580057111716227,2.0,6857.561412179982,0.0,0.0,2025-01-27 00:00:00+00:00,2025-01-26 00:00:00+00:00,2025-01-27 00:01:00+00:00,67.21,0.03517932183728826,3230.5,2025-01-27 00:02:00+00:00,2025-01-27 00:11:00+00:00,2025-01-27 00:12:00+00:00,target,0.4123503986368877,0.4646299905594572,"simulated minute opens; intrabar exits only known within minute, not actual exchange fills"
1244,1854.0,2669762.0,2669769.0,1.0,0.358,3184.82,3200.8,3092.6875682291757,3201.4451027563437,0.57008278,0.5729432000000001,0.0,5.720840000000006,4.577814020000005,6875.102834617492,6879.680648637492,0.16583978268063754,2.0,6874.307211837491,0.0,0.0,2025-01-28 00:00:00+00:00,2025-01-27 00:00:00+00:00,2025-01-28 00:01:00+00:00,67.79,0.03548290771239059,3180.99,2025-01-28 00:02:00+00:00,2025-01-28 00:09:00+00:00,2025-01-28 00:10:00+00:00,target,0.13879140878217136,0.18044788829299252,"simulated minute opens; intrabar exits only known within minute, not actual exchange fills"
1245,1855.0,2671202.0,2671213.0,1.0,0.374,3080.35,3094.64,2992.086981811159,3095.261537564397,0.5760254499999999,0.57869768,0.0,5.344459999999986,4.189736870000161,6879.680648637492,6883.870385507492,0.1674570316324438,2.0,6878.019871807252,0.0,0.0,2025-01-29 00:00:00+00:00,2025-01-28 00:00:00+00:00,2025-01-29 00:01:00+00:00,66.26,0.034682069110827565,3075.96,2025-01-29 00:02:00+00:00,2025-01-29 00:13:00+00:00,2025-01-29 00:14:00+00:00,target,0.12692184371071938,0.1689443423801044,"simulated minute opens; intrabar exits only known within minute, not actual exchange fills"
1246,1856.0,2672642.0,2672671.0,-1.0,0.427,3113.67,3092.06,3190.3285320212813,3091.441493018902,0.664768545,0.66015481,0.0,9.227470000000054,7.902546645000257,6883.870385507492,6891.772932152492,0.19313801910028033,2.0,6882.3815069624925,0.0,0.0,2025-01-30 00:00:00+00:00,2025-01-29 00:00:00+00:00,2025-01-30 00:01:00+00:00,65.24,0.034148176709785545,3112.55,2025-01-30 00:02:00+00:00,2025-01-30 00:31:00+00:00,2025-01-30 00:32:00+00:00,target,0.24142302900951498,0.28996781434488433,"simulated minute opens; intrabar exits only known within minute, not actual exchange fills"
1247,1857.0,2674082.0,2674293.0,-1.0,0.41300000000000003,3248.6,3224.33,3327.9036657853653,3223.675627930123,0.6708359,0.6658241450000001,0.0,10.023509999999993,8.686849954999161,6891.772932152492,6900.459782107491,0.19467730774190767,2.0,6878.7575262524915,0.0,0.0,2025-01-31 00:00:00+00:00,2025-01-30 00:00:00+00:00,2025-01-31 00:01:00+00:00,65.71,0.03439418595340294,3245.86,2025-01-31 00:02:00+00:00,2025-01-31 03:33:00+00:00,2025-01-31 03:34:00+00:00,target,0.2652277771991653,0.3142902893963874,"simulated minute opens; intrabar exits only known within minute, not actual exchange fills"
1248,1858.0,2675522.0,2675925.0,-1.0,0.377,3293.32,3278.09,3380.598796079003,3277.4305557820185,0.6207908200000001,0.617919965,0.0,5.7417100000000065,4.502999214999363,6900.459782107491,6904.962781322491,0.17992737863922523,2.0,6885.724111287491,0.0,0.0,2025-02-01 00:00:00+00:00,2025-01-31 00:00:00+00:00,2025-02-01 00:01:00+00:00,64.23,0.033619518547969435,3299.5,2025-02-01 00:02:00+00:00,2025-02-01 06:45:00+00:00,2025-02-01 06:46:00+00:00,target,0.13685219705811016,0.18205388859395943,"simulated minute opens; intrabar exits only known within minute, not actual exchange fills"
1249,1859.0,2676962.0,2676970.0,1.0,0.396,3114.73,3135.06,3031.3033270275178,3135.6881181983645,0.61671654,0.6207418800000001,0.0,8.050679999999971,6.813221579999663,6904.962781322491,6911.77600290249,0.17862993893846357,2.0,6902.936304782491,0.0,0.0,2025-02-02 00:00:00+00:00,2025-02-01 00:00:00+00:00,2025-02-02 00:01:00+00:00,65.83,0.03445699682411377,3116.22,2025-02-02 00:02:00+00:00,2025-02-02 00:10:00+00:00,2025-02-02 00:11:00+00:00,target,0.20623026649611376,0.25121603740901116,"simulated minute opens; intrabar exits only known within minute, not actual exchange fills"
1250,1860.0,2678402.0,2678444.0,1.0,0.428,2863.17,2785.41,2785.9678198635443,2886.4898177429877,0.61271838,0.5960777399999999,0.0,-33.281280000000095,-34.490076119999685,6911.77600290249,6877.285926782491,0.17729694357649864,1.0,6872.6999877301305,0.0,0.0,2025-02-03 00:00:00+00:00,2025-02-02 00:00:00+00:00,2025-02-03 00:01:00+00:00,67.84,0.0355090789085201,2868.05,2025-02-03 00:02:00+00:00,2025-02-03 00:44:00+00:00,2025-02-03 00:45:00+00:00,stop,-1.0438084761021715,0.3020616477639567,"simulated minute opens; intrabar exits only known within minute, not actual exchange fills"
1251,1861.0,2679842.0,2679867.0,-1.0,0.392,2872.56,2856.33,2956.678099336147,2855.7551356653444,0.56302176,0.55984068,0.0,6.362160000000007,5.239297559999613,6877.285926782491,6882.52522434249,0.16373370716125143,2.0,6870.92914502249,0.0,0.0,2025-02-04 00:00:00+00:00,2025-02-03 00:00:00+00:00,2025-02-04 00:01:00+00:00,70.91,0.037115990350872055,2878.69,2025-02-04 00:02:00+00:00,2025-02-04 00:27:00+00:00,2025-02-04 00:28:00+00:00,target,0.15889035897718587,0.19977703332907085,"simulated minute opens; intrabar exits only known within minute, not actual exchange fills"
1252,1862.0,2681282.0,2681343.0,1.0,0.358,2735.6,2747.71,2642.8769713206657,2748.267615334073,0.4896724,0.49184009,0.0,4.335380000000045,3.3538675099998727,6882.52522434249,6885.87909185249,0.1422944003948144,2.0,6873.361211942491,0.0,0.0,2025-02-05 00:00:00+00:00,2025-02-04 00:00:00+00:00,2025-02-05 00:01:00+00:00,71.08,0.03720497241771239,2730.03,2025-02-05 00:02:00+00:00,2025-02-05 01:03:00+00:00,2025-02-05 01:04:00+00:00,target,0.10103579589055882,0.13661779079587458,"simulated minute opens; intrabar exits only known within minute, not actual exchange fills"
1253,1863.0,2682722.0,2682766.0,-1.0,0.435,2785.48,2765.44,2861.158358179551,2764.8840318471944,0.6058419,0.6014832,0.0,8.717399999999984,7.510074900000291,6885.87909185249,6893.38916675249,0.1759664646789527,2.0,6880.00539995249,0.0,0.0,2025-02-06 00:00:00+00:00,2025-02-05 00:00:00+00:00,2025-02-06 00:01:00+00:00,69.77,0.03651928707911921,2787.0,2025-02-06 00:02:00+00:00,2025-02-06 00:46:00+00:00,2025-02-06 00:47:00+00:00,target,0.22813047765967076,0.27215136068280643,"simulated minute opens; intrabar exits only known within minute, not actual exchange fills"
1254,1864.0,2684162.0,2684166.0,1.0,0.353,2694.96,2702.4500000000003,2600.7620103007957,2702.9953793067684,0.47566044,0.47698242500000004,0.0,2.6439700000000834,1.6913271350003924,6893.38916675249,6895.080493887491,0.1380048125801915,2.0,6891.8024668301005,0.0,0.0,2025-02-07 00:00:00+00:00,2025-02-06 00:00:00+00:00,2025-02-07 00:01:00+00:00,69.79,0.03652975555757102,2685.25,2025-02-07 00:02:00+00:00,2025-02-07 00:06:00+00:00,2025-02-07 00:07:00+00:00,target,0.0508640897252777,0.08530308695999982,"simulated minute opens; intrabar exits only known within minute, not actual exchange fills"
1255,1865.0,2685602.0,2685620.0,1.0,0.417,2617.52,2637.55,2538.0196714561353,2638.0838230272634,0.54575292,0.549929175,0.0,8.352510000000082,7.2568279050001365,6895.080493887491,6902.337321792491,0.1583021171351985,2.0,6893.49189677569,0.0,0.0,2025-02-08 00:00:00+00:00,2025-02-07 00:00:00+00:00,2025-02-08 00:01:00+00:00,69.78,0.03652452131834511,2620.66,2025-02-08 00:02:00+00:00,2025-02-08 00:20:00+00:00,2025-02-08 00:21:00+00:00,target,0.21889802619367071,0.25866337163521563,"simulated minute opens; intrabar exits only known within minute, not actual exchange fills"
1256,1866.0,2687042.0,2687869.0,-1.0,0.47600000000000003,2632.32,2610.54,2701.493456552917,2610.008491790825,0.6264921600000002,0.62130852,-0.06940681045200002,10.367280000000097,9.188886130451465,6902.337321792491,6911.526207922942,0.18153043839859867,2.0,6871.74720313633,0.0,0.0,2025-02-09 00:00:00+00:00,2025-02-08 00:00:00+00:00,2025-02-09 00:01:00+00:00,69.78,0.03652452131834511,2630.99,2025-02-09 00:02:00+00:00,2025-02-09 13:49:00+00:00,2025-02-09 13:50:00+00:00,target,0.2790721121797819,0.32254435907951695,"simulated minute opens; intrabar exits only known within minute, not actual exchange fills"
1257,1867.0,2688482.0,2688484.0,1.0,0.35100000000000003,2637.25,2643.37,2541.964810210654,2643.9032601703834,0.46283737500000005,0.46391143500000004,0.0,2.148119999999962,1.221371189999445,6911.526207922942,6912.747579112942,0.13393203210874963,2.0,6908.7133419748425,0.0,0.0,2025-02-10 00:00:00+00:00,2025-02-09 00:00:00+00:00,2025-02-10 00:01:00+00:00,71.12,0.037225909374616006,2626.07,2025-02-10 00:02:00+00:00,2025-02-10 00:04:00+00:00,2025-02-10 00:05:00+00:00,target,0.03651868677274216,0.06982470397647596,"simulated minute opens; intrabar exits only known within minute, not actual exchange fills"
1258,1868.0,2689922.0,2690754.0,-1.0,0.485,2663.36,2639.73,2731.3072537077396,2639.2014223519595,0.6458648000000001,0.6401345249999999,-0.05601765654645893,11.460550000000053,10.230568331547147,6912.747579112942,6922.978147444489,0.18686196555230758,2.0,6882.6961643129425,0.0,0.0,2025-02-11 00:00:00+00:00,2025-02-10 00:00:00+00:00,2025-02-11 00:01:00+00:00,69.22,0.0362314039216946,2659.99,2025-02-11 00:02:00+00:00,2025-02-11 13:54:00+00:00,2025-02-11 13:55:00+00:00,target,0.310446032351929,0.3555489932227949,"simulated minute opens; intrabar exits only known within minute, not actual exchange fills"
1259,1869.0,2691362.0,2691467.0,1.0,0.401,2602.02,2617.98,2518.972791636936,2618.5093017759364,0.52170501,0.52490499,0.0,6.399960000000015,5.353350000000319,6922.978147444489,6928.331497444489,0.15071693103424844,2.0,6917.378620805659,0.0,0.0,2025-02-12 00:00:00+00:00,2025-02-11 00:00:00+00:00,2025-02-12 00:01:00+00:00,70.26,0.03677576480118842,2601.03,2025-02-12 00:02:00+00:00,2025-02-12 01:47:00+00:00,2025-02-12 01:48:00+00:00,target,0.16075194173460441,0.19855335418198325,"simulated minute opens; intrabar exits only known within minute, not actual exchange fills"
1260,1870.0,2692802.0,2692849.0,-1.0,0.424,2733.16,2716.11,2811.359128870126,2715.5573425855137,0.5794299199999999,0.57581532,0.0,7.229199999999884,6.073954760000561,6928.331497444489,6934.40545220449,0.16726391345844877,2.0,6926.013667524489,0.0,0.0,2025-02-13 00:00:00+00:00,2025-02-12 00:00:00+00:00,2025-02-13 00:01:00+00:00,69.47,0.036362259902342146,2737.14,2025-02-13 00:02:00+00:00,2025-02-13 00:49:00+00:00,2025-02-13 00:50:00+00:00,target,0.18319085144532798,0.22510042846795494,"simulated minute opens; intrabar exits only known within minute, not actual exchange fills"
1261,1871.0,2694242.0,2694366.0,1.0,0.403,2673.98,2691.83,2591.1262885159385,2692.3750233051132,0.5388069700000001,0.5424037450000001,0.0,7.193549999999964,6.112339284999507,6934.40545220449,6940.517791489489,0.15540105744140187,2.0,6929.582537743449,0.0,0.0,2025-02-14 00:00:00+00:00,2025-02-13 00:00:00+00:00,2025-02-14 00:01:00+00:00,69.18,0.036210466964790994,2674.52,2025-02-14 00:02:00+00:00,2025-02-14 02:06:00+00:00,2025-02-14 02:07:00+00:00,target,0.18305872758538355,0.2220180964210863,"simulated minute opens; intrabar exits only known within minute, not actual exchange fills"
1262,1872.0,2695682.0,2695711.0,-1.0,0.453,2722.4500000000003,2704.52,2795.6750407243776,2703.9736865556665,0.6166349250000001,0.6125737800000001,0.0,8.122290000000133,6.893081295000229,6940.517791489489,6947.41087278449,0.17769133183582414,2.0,6938.00761656449,0.0,0.0,2025-02-15 00:00:00+00:00,2025-02-14 00:00:00+00:00,2025-02-15 00:01:00+00:00,66.83,0.03498042074670398,2724.74,2025-02-15 00:02:00+00:00,2025-02-15 00:31:00+00:00,2025-02-15 00:32:00+00:00,target,0.20780480078223815,0.2523223375713714,"simulated minute opens; intrabar exits only known within minute, not actual exchange fills"
1263,1873.0,2697122.0,2697466.0,1.0,0.423,2690.62,2708.25,2611.7661474612073,2708.8015031709256,0.56906613,0.5727948749999999,0.0,7.457490000000046,6.315628995000225,6947.41087278449,6953.72650177949,0.16382106670248536,2.0,6945.00687965402,0.0,0.0,2025-02-16 00:00:00+00:00,2025-02-15 00:00:00+00:00,2025-02-16 00:01:00+00:00,65.91,0.03449887073792099,2691.73,2025-02-16 00:02:00+00:00,2025-02-16 05:46:00+00:00,2025-02-16 05:47:00+00:00,target,0.18934477542052064,0.23057216084630983,"simulated minute opens; intrabar exits only known within minute, not actual exchange fills"
1264,1874.0,2698562.0,2698670.0,1.0,0.423,2659.13,2676.48,2580.157079194169,2677.0240696780843,0.562405995,0.5660755199999999,0.0,7.339049999999961,6.2105684850002945,6953.72650177949,6959.93707026449,0.16175671989862636,2.0,6952.61134892681,0.0,0.0,2025-02-17 00:00:00+00:00,2025-02-16 00:00:00+00:00,2025-02-17 00:01:00+00:00,66.67,0.03489667291908955,2660.0,2025-02-17 00:02:00+00:00,2025-02-17 01:50:00+00:00,2025-02-17 01:51:00+00:00,target,0.18591429632062703,0.22658487865834306,"simulated minute opens; intrabar exits only known within minute, not actual exchange fills"
1265,1875.0,2700002.0,2700024.0,-1.0,0.459,2743.2400000000002,2722.66,2815.6374626227966,2722.1117533342535,0.6295735800000001,0.6248504699999999,0.0,9.446220000000176,8.191795949999687,6959.93707026449,6968.12886621449,0.18091358402930938,2.0,6953.74441668449,0.0,0.0,2025-02-18 00:00:00+00:00,2025-02-17 00:00:00+00:00,2025-02-18 00:01:00+00:00,67.43,0.03529447510025812,2743.0,2025-02-18 00:02:00+00:00,2025-02-18 00:24:00+00:00,2025-02-18 00:25:00+00:00,target,0.24651485498857337,0.29183683930787196,"simulated minute opens; intrabar exits only known within minute, not actual exchange fills"
1266,1876.0,2701442.0,2701602.0,1.0,0.429,2668.42,2687.58,2590.4848857802926,2688.1197532064684,0.57237609,0.57648591,0.0,8.219639999999938,7.070778000000246,6968.12886621449,6975.19964421449,0.16428401396972137,2.0,6962.09222860034,0.0,0.0,2025-02-19 00:00:00+00:00,2025-02-18 00:00:00+00:00,2025-02-19 00:01:00+00:00,67.61,0.03538869140632435,2670.57,2025-02-19 00:02:00+00:00,2025-02-19 02:42:00+00:00,2025-02-19 02:43:00+00:00,target,0.21148361896969897,0.25277121107351747,"simulated minute opens; intrabar exits only known within minute, not actual exchange fills"
1267,1877.0,2702882.0,2704319.0,-1.0,0.489,2715.41,2737.09,2783.378664219918,2694.4520211676604,0.663917745,0.669218505,-0.16003525975983968,-10.601520000000143,-11.774620990239782,6975.19964421449,6963.42502322425,0.19036523077892972,3.0,6947.965116200025,0.0,0.0,2025-02-20 00:00:00+00:00,2025-02-19 00:00:00+00:00,2025-02-20 00:01:00+00:00,64.92,0.03398068105455668,2714.06,2025-02-20 00:02:00+00:00,2025-02-20 23:59:00+00:00,2025-02-20 23:59:00+00:00,scheduled_23_59_exit,-0.35426589306262113,0.30834766392536744,"simulated minute opens; intrabar exits only known within minute, not actual exchange fills"
1268,1878.0,2704322.0,2704878.0,-1.0,0.527,2741.7200000000003,2804.98,2804.4107075418015,2718.1495895649123,0.7224432200000002,0.73911223,-0.096169371552,-33.33801999999988,-34.7034060784481,6963.42502322425,6928.721617145802,0.2074965171853002,1.0,6923.747417666172,0.0,0.0,2025-02-21 00:00:00+00:00,2025-02-20 00:00:00+00:00,2025-02-21 00:01:00+00:00,62.65,0.03279250875027689,2736.87,2025-02-21 00:02:00+00:00,2025-02-21 09:18:00+00:00,2025-02-21 09:19:00+00:00,stop,-1.0504087129674176,0.3759793334502022,"simulated minute opens; intrabar exits only known within minute, not actual exchange fills"
1269,1879.0,2705762.0,2705812.0,1.0,0.519,2653.2200000000003,2677.03,2589.6803374039146,2677.5671618706756,0.6885105900000001,0.694689285,0.0,12.357389999999972,10.97419012499995,6928.721617145802,6939.695807270802,0.19874101689876325,2.0,6927.447365626242,0.0,0.0,2025-02-22 00:00:00+00:00,2025-02-21 00:00:00+00:00,2025-02-22 00:01:00+00:00,63.91,0.03345202289274056,2660.85,2025-02-22 00:02:00+00:00,2025-02-22 00:52:00+00:00,2025-02-22 00:53:00+00:00,target,0.33278229905650325,0.38318053442378874,"simulated minute opens; intrabar exits only known within minute, not actual exchange fills"
1270,1880.0,2707202.0,2708594.0,-1.0,0.45,2760.19,2834.4500000000003,2833.8745646228526,2742.8882307771837,0.6210427500000001,0.63775125,-0.05090228134936389,-33.4170000000001,-34.62489171865036,6939.695807270802,6905.070915552152,0.1789827010426959,1.0,6903.908666802152,0.0,0.0,2025-02-23 00:00:00+00:00,2025-02-22 00:00:00+00:00,2025-02-23 00:01:00+00:00,65.49,0.034279032690433094,2762.01,2025-02-23 00:02:00+00:00,2025-02-23 23:14:00+00:00,2025-02-23 23:15:00+00:00,stop,-1.0442377479334322,0.2348085967715736,"simulated minute opens; intrabar exits only known within minute, not actual exchange fills"
1271,1881.0,2708642.0,2708710.0,-1.0,0.47800000000000004,2824.66,2799.38,2893.439469561869,2798.8105446298664,0.67509374,0.6690518200000001,0.0,12.08383999999988,10.739694439999766,6905.070915552152,6915.8106099921515,0.19553564279245852,2.0,6897.613001812151,0.0,0.0,2025-02-24 00:00:00+00:00,2025-02-23 00:00:00+00:00,2025-02-24 00:01:00+00:00,66.83,0.03498042074670398,2818.54,2025-02-24 00:02:00+00:00,2025-02-24 01:10:00+00:00,2025-02-24 01:11:00+00:00,target,0.32666695662415557,0.37583097884872674,"simulated minute opens; intrabar exits only known within minute, not actual exchange fills"
1272,1882.0,2710082.0,2710082.0,1.0,0.41100000000000003,2524.3,2527.42,2443.174085714259,2527.9292769324293,0.5187436500000001,0.51938481,0.0,1.2823199999999553,0.2441915399995196,6915.8106099921515,6916.054801532151,0.15001673101068014,2.0,6914.697661460481,0.0,0.0,2025-02-25 00:00:00+00:00,2025-02-24 00:00:00+00:00,2025-02-25 00:01:00+00:00,64.89,0.03396497833687897,2512.27,2025-02-25 00:02:00+00:00,2025-02-25 00:02:00+00:00,2025-02-25 00:03:00+00:00,target,0.00732367709171394,0.044736345523898546,"simulated minute opens; intrabar exits only known within minute, not actual exchange fills"
1273,1883.0,2711522.0,2712291.0,1.0,0.47600000000000003,2494.79,2424.61,2425.102392278949,2510.03083035367,0.59376002,0.5770571800000001,0.07212225864760001,-33.405679999999926,-34.64861945864868,6916.054801532151,6881.406182073502,0.1717048337640301,1.0,6881.406182073502,0.0,0.0,2025-02-26 00:00:00+00:00,2025-02-25 00:00:00+00:00,2025-02-26 00:01:00+00:00,65.04,0.034043491925267504,2494.45,2025-02-26 00:02:00+00:00,2025-02-26 12:51:00+00:00,2025-02-26 12:52:00+00:00,stop,-1.044536033457694,0.21870216028474834,"simulated minute opens; intrabar exits only known within minute, not actual exchange fills"
1274,1884.0,2712962.0,2713042.0,1.0,0.496,2334.7200000000003,2349.66,2268.2231343827093,2350.1349054999678,0.5790105600000001,0.58271568,0.0,7.410239999999802,6.248513759999696,6881.406182073502,6887.654695833502,0.16828262848612516,2.0,6871.484676911902,0.0,0.0,2025-02-27 00:00:00+00:00,2025-02-26 00:00:00+00:00,2025-02-27 00:01:00+00:00,66.16,0.03462972671856854,2335.33,2025-02-27 00:02:00+00:00,2025-02-27 01:22:00+00:00,2025-02-27 01:23:00+00:00,target,0.1894496813203722,0.2318140164483066,"simulated minute opens; intrabar exits only known within minute, not actual exchange fills"
1275,1885.0,2714402.0,2714490.0,1.0,0.512,2304.56,2239.64,2240.090737440404,2321.238328889125,0.58996736,0.57334784,0.0,-33.23904000000004,-34.402355199999874,6887.654695833502,6853.252340633502,0.17131153812251493,1.0,6842.766355599262,0.0,0.0,2025-02-28 00:00:00+00:00,2025-02-27 00:00:00+00:00,2025-02-28 00:01:00+00:00,66.21,0.034655897914698044,2306.66,2025-02-28 00:02:00+00:00,2025-02-28 01:30:00+00:00,2025-02-28 01:31:00+00:00,stop,-1.0422346608647333,0.25870202677915877,"simulated minute opens; intrabar exits only known within minute, not actual exchange fills"
1276,1886.0,2715842.0,2715956.0,1.0,0.535,2233.66,2249.81,2172.360333291987,2250.2653258878245,0.5975040500000001,0.601824175,0.0,8.64025000000005,7.440921774999879,6853.252340633502,6860.693262408502,0.17437094690278626,2.0,6841.182160709553,0.0,0.0,2025-03-01 00:00:00+00:00,2025-02-28 00:00:00+00:00,2025-03-01 00:01:00+00:00,64.87,0.03395450985842717,2236.59,2025-03-01 00:02:00+00:00,2025-03-01 01:56:00+00:00,2025-03-01 01:57:00+00:00,target,0.2268897327982003,0.2708877026513104,"simulated minute opens; intrabar exits only known within minute, not actual exchange fills"
1277,1887.0,2717282.0,2717547.0,1.0,0.527,2214.0,2230.03,2151.5455673520682,2230.4796803009817,0.583389,0.5876129050000001,0.0,8.447810000000105,7.2768080949999785,6860.693262408502,6867.970070503502,0.17006706980955932,2.0,6852.868893408502,0.0,0.0,2025-03-02 00:00:00+00:00,2025-03-01 00:00:00+00:00,2025-03-02 00:01:00+00:00,66.24,0.03467160063237576,2216.6,2025-03-02 00:02:00+00:00,2025-03-02 04:27:00+00:00,2025-03-02 04:28:00+00:00,target,0.22108895100910383,0.26386726453638626,"simulated minute opens; intrabar exits only known within minute, not actual exchange fills"
1278,1888.0,2718722.0,2718724.0,-1.0,0.429,2507.26,2498.42,2584.1098727860003,2497.91201810404,0.5378072700000001,0.53591109,0.0,3.7923600000000626,2.7186416400008966,6867.970070503502,6870.688712143503,0.1566131664754248,2.0,6865.836383233503,0.0,0.0,2025-03-03 00:00:00+00:00,2025-03-02 00:00:00+00:00,2025-03-03 00:01:00+00:00,68.17,0.03568180880297487,2517.12,2025-03-03 00:02:00+00:00,2025-03-03 00:04:00+00:00,2025-03-03 00:05:00+00:00,target,0.0824615548505702,0.12163952335993121,"simulated minute opens; intrabar exits only known within minute, not actual exchange fills"
1279,1889.0,2720162.0,2720167.0,1.0,0.515,2140.43,2163.19,2076.262407546523,2163.630366572577,0.551160725,0.5570214250000001,0.0,11.721400000000113,10.613217850000183,6870.688712143503,6881.301929993503,0.16043827572215827,2.0,6870.003651418503,0.0,0.0,2025-03-04 00:00:00+00:00,2025-03-03 00:00:00+00:00,2025-03-04 00:01:00+00:00,74.25,0.03886422625232337,2148.22,2025-03-04 00:02:00+00:00,2025-03-04 00:07:00+00:00,2025-03-04 00:08:00+00:00,target,0.3211619637271223,0.36155893786100457,"simulated minute opens; intrabar exits only known within minute, not actual exchange fills"
1280,1890.0,2721602.0,2722149.0,-1.0,0.511,2167.91,2232.96,2232.5108835835663,2152.2040250628697,0.553901005,0.57052128,-0.08059075285565377,-33.24055000000009,-34.284381532143925,6881.301929993503,6847.017548461359,0.16098726974490507,1.0,6847.017548461359,0.0,0.0,2025-03-05 00:00:00+00:00,2025-03-04 00:00:00+00:00,2025-03-05 00:01:00+00:00,73.05,0.03823611754521511,2170.51,2025-03-05 00:02:00+00:00,2025-03-05 09:09:00+00:00,2025-03-05 09:10:00+00:00,stop,-1.0385728403867829,0.24312322163230451,"simulated minute opens; intrabar exits only known within minute, not actual exchange fills"
1281,1891.0,2723042.0,2723336.0,-1.0,0.527,2241.38,2303.9900000000002,2303.520913434205,2221.908132468076,0.59060363,0.6071013650000001,0.0,-32.99547000000007,-34.193174994999936,6847.017548461359,6812.824373466359,0.1725141277409808,1.0,6812.330044831359,0.0,0.0,2025-03-06 00:00:00+00:00,2025-03-05 00:00:00+00:00,2025-03-06 00:01:00+00:00,71.62,0.03748762133591111,2240.45,2025-03-06 00:02:00+00:00,2025-03-06 04:56:00+00:00,2025-03-06 04:57:00+00:00,stop,-1.0441218420243872,0.3133501980549584,"simulated minute opens; intrabar exits only known within minute, not actual exchange fills"
1282,1892.0,2724482.0,2724493.0,1.0,0.442,2202.43,2216.4500000000003,2128.124292509035,2216.9015042988826,0.48673702999999996,0.48983545000000006,0.0,6.196840000000193,5.2202675200005615,6812.824373466359,6818.04464098636,0.14288847130587298,2.0,6811.844381974919,0.0,0.0,2025-03-07 00:00:00+00:00,2025-03-06 00:00:00+00:00,2025-03-07 00:01:00+00:00,72.65,0.038026747976179026,2201.34,2025-03-07 00:02:00+00:00,2025-03-07 00:13:00+00:00,2025-03-07 00:14:00+00:00,target,0.1589455292036265,0.19475629514250245,"simulated minute opens; intrabar exits only known within minute, not actual exchange fills"
1283,1893.0,2725922.0,2725983.0,1.0,0.509,2136.66,2154.78,2072.3212126360436,2155.218399312944,0.54377997,0.5483915100000001,0.0,9.223080000000175,8.130908520000048,6818.04464098636,6826.17554950636,0.15951200047330047,2.0,6814.156726974899,0.0,0.0,2025-03-08 00:00:00+00:00,2025-03-07 00:00:00+00:00,2025-03-08 00:01:00+00:00,69.48,0.036367494141568056,2140.72,2025-03-08 00:02:00+00:00,2025-03-08 01:03:00+00:00,2025-03-08 01:04:00+00:00,target,0.24828382154042847,0.2884480742224976,"simulated minute opens; intrabar exits only known within minute, not actual exchange fills"
1284,1894.0,2727362.0,2727521.0,-1.0,0.532,2201.73,2185.58,2263.1243375972026,2185.135809860032,0.5856601800000001,0.5813642800000001,0.0,8.591800000000049,7.424775540000155,6826.17554950636,6833.60032504636,0.1715924753919792,2.0,6820.51460932636,0.0,0.0,2025-03-09 00:00:00+00:00,2025-03-08 00:00:00+00:00,2025-03-09 00:01:00+00:00,69.24,0.0362418724001464,2202.84,2025-03-09 00:02:00+00:00,2025-03-09 02:41:00+00:00,2025-03-09 02:42:00+00:00,target,0.2273229999086464,0.27028860949424033,"simulated minute opens; intrabar exits only known within minute, not actual exchange fills"
1285,1895.0,2728802.0,2728849.0,1.0,0.452,2019.29,2034.0900000000001,1946.1860096563257,2034.5054629657302,0.45635954,0.45970434000000004,0.0,6.689600000000082,5.773536119999335,6833.60032504636,6839.373861166359,0.13356342726903742,2.0,6821.987694333119,0.0,0.0,2025-03-10 00:00:00+00:00,2025-03-09 00:00:00+00:00,2025-03-10 00:01:00+00:00,77.95,0.04080089476590716,2019.2,2025-03-10 00:02:00+00:00,2025-03-10 00:49:00+00:00,2025-03-10 00:50:00+00:00,target,0.17472794494457872,0.20813450666919509,"simulated minute opens; intrabar exits only known within minute, not actual exchange fills"
1286,1896.0,2730242.0,2730244.0,1.0,0.491,1866.26,1877.8500000000001,1798.8736197220715,1878.2264889671758,0.45816683,0.461012175,0.0,5.690690000000071,4.771510995000426,6839.373861166359,6844.14537216136,0.13397917391281958,2.0,6838.91569433636,0.0,0.0,2025-03-11 00:00:00+00:00,2025-03-10 00:00:00+00:00,2025-03-11 00:01:00+00:00,74.95,0.039230622998136525,1864.51,2025-03-11 00:02:00+00:00,2025-03-11 00:04:00+00:00,2025-03-11 00:05:00+00:00,target,0.14421230165383797,0.177580230868926,"simulated minute opens; intrabar exits only known within minute, not actual exchange fills"
1287,1897.0,2731682.0,2731727.0,-1.0,0.548,1918.29,1906.0900000000001,1978.2909205898732,1905.6999234597029,0.5256114600000001,0.52226866,0.0,6.6855999999999005,5.637719880000077,6844.14537216136,6849.78309204136,0.15359447569244533,2.0,6841.58668070136,0.0,0.0,2025-03-12 00:00:00+00:00,2025-03-11 00:00:00+00:00,2025-03-12 00:01:00+00:00,73.28,0.038356505047410866,1922.61,2025-03-12 00:02:00+00:00,2025-03-12 00:47:00+00:00,2025-03-12 00:48:00+00:00,target,0.17146086924767098,0.20983138952741376,"simulated minute opens; intrabar exits only known within minute, not actual exchange fills"
1288,1898.0,2733122.0,2733870.0,1.0,0.502,1904.98,1920.83,1839.109133508584,1921.2153172091878,0.47814998000000003,0.48212833,-4.696712e-05,7.956699999999954,6.996468657120204,6849.78309204136,6856.77956069848,0.13961025439055258,2.0,6823.4790343839,0.0,0.0,2025-03-13 00:00:00+00:00,2025-03-12 00:00:00+00:00,2025-03-13 00:01:00+00:00,75.05,0.03928296539039554,1907.24,2025-03-13 00:02:00+00:00,2025-03-13 12:30:00+00:00,2025-03-13 12:31:00+00:00,target,0.2115835012101536,0.246471893781805,"simulated minute opens; intrabar exits only known within minute, not actual exchange fills"
1289,1899.0,2734562.0,2734610.0,1.0,0.518,1861.39,1876.9,1797.5201636768575,1877.279617059292,0.4821000100000001,0.4861171000000001,0.0,8.034179999999996,7.0659628900002645,6856.77956069848,6863.84552358848,0.14061995306463956,2.0,6855.8795127977,0.0,0.0,2025-03-14 00:00:00+00:00,2025-03-13 00:00:00+00:00,2025-03-14 00:01:00+00:00,74.34,0.03891133440535649,1863.76,2025-03-14 00:02:00+00:00,2025-03-14 00:50:00+00:00,2025-03-14 00:51:00+00:00,target,0.21357272517477666,0.2487812396903602,"simulated minute opens; intrabar exits only known within minute, not actual exchange fills"
1290,1900.0,2736002.0,2737439.0,-1.0,0.58,1908.75,1936.68,1965.5681607994916,1894.1438354142776,0.5535374999999999,0.5616372000000001,-0.07458052323230324,-16.199400000000036,-17.23999417676714,6863.84552358848,6846.605529411713,0.1612907802478065,3.0,6835.6077666117135,0.0,0.0,2025-03-15 00:00:00+00:00,2025-03-14 00:00:00+00:00,2025-03-15 00:01:00+00:00,72.23,0.03780690992869114,1910.79,2025-03-15 00:02:00+00:00,2025-03-15 23:59:00+00:00,2025-03-15 23:59:00+00:00,scheduled_23_59_exit,-0.5231448444076319,0.2570685918058272,"simulated minute opens; intrabar exits only known within minute, not actual exchange fills"
1291,1901.0,2737442.0,2737552.0,-1.0,0.581,1935.6200000000001,1920.06,1992.0815390382854,1919.674790603595,0.56229761,0.55777743,0.0,9.0403600000001,7.9202849599996625,6846.605529411713,6854.525814371713,0.1642558805482444,2.0,6843.498451801713,0.0,0.0,2025-03-16 00:00:00+00:00,2025-03-15 00:00:00+00:00,2025-03-16 00:01:00+00:00,72.42,0.03790636047398328,1936.27,2025-03-16 00:02:00+00:00,2025-03-16 01:52:00+00:00,2025-03-16 01:53:00+00:00,target,0.24144152341925637,0.28240833792350173,"simulated minute opens; intrabar exits only known within minute, not actual exchange fills"
1292,1902.0,2738882.0,2738913.0,1.0,0.495,1888.66,1898.98,1821.708429003468,1899.3618813578341,0.46744335000000004,0.46999755,0.0,5.1083999999999685,4.170959099999891,6854.525814371713,6858.696773471713,0.13638969716035593,2.0,6852.860856022812,0.0,0.0,2025-03-17 00:00:00+00:00,2025-03-16 00:00:00+00:00,2025-03-17 00:01:00+00:00,72.67,0.03803721645463083,1885.97,2025-03-17 00:02:00+00:00,2025-03-17 00:33:00+00:00,2025-03-17 00:34:00+00:00,target,0.12585485111971795,0.15984511190018785,"simulated minute opens; intrabar exits only known within minute, not actual exchange fills"
1293,1903.0,2740322.0,2740402.0,-1.0,0.619,1924.99,1909.96,1977.9668919143583,1909.5720953275184,0.595784405,0.59113262,0.0,9.303569999999983,8.116652974999852,6858.696773471713,6866.813426446713,0.17373108177180074,2.0,6855.309299066713,0.0,0.0,2025-03-18 00:00:00+00:00,2025-03-17 00:00:00+00:00,2025-03-18 00:01:00+00:00,69.15,0.03619476424711328,1925.37,2025-03-18 00:02:00+00:00,2025-03-18 01:22:00+00:00,2025-03-18 01:23:00+00:00,target,0.24751404860061058,0.29103075162291586,"simulated minute opens; intrabar exits only known within minute, not actual exchange fills"
1294,1904.0,2741762.0,2742391.0,-1.0,0.616,1928.65,1982.41,1982.008524614883,1915.218776525951,0.5940242000000001,0.61058228,-0.1068870034848,-33.116159999999994,-34.213879476514194,6866.813426446713,6832.599546970198,0.1730130595108895,1.0,6830.211200227878,0.0,0.0,2025-03-19 00:00:00+00:00,2025-03-18 00:00:00+00:00,2025-03-19 00:01:00+00:00,67.45,0.03530494357870992,1930.64,2025-03-19 00:02:00+00:00,2025-03-19 10:31:00+00:00,2025-03-19 10:32:00+00:00,stop,-1.0409210625307723,0.25171654521914677,"simulated minute opens; intrabar exits only known within minute, not actual exchange fills"
1295,1905.0,2743202.0,2743238.0,-1.0,0.5660000000000001,2053.58,2039.0,2111.413747880071,2038.5868052796004,0.58116314,0.577037,0.0,8.25227999999996,7.0940798599995105,6832.599546970198,6839.693626830198,0.17011479628063583,2.0,6824.643403830198,0.0,0.0,2025-03-20 00:00:00+00:00,2025-03-19 00:00:00+00:00,2025-03-20 00:01:00+00:00,68.44,0.03582313326207423,2055.21,2025-03-20 00:02:00+00:00,2025-03-20 00:38:00+00:00,2025-03-20 00:39:00+00:00,target,0.21671965693785117,0.25924646542864077,"simulated minute opens; intrabar exits only known within minute, not actual exchange fills"
1296,1906.0,2744642.0,2744707.0,1.0,0.55,1981.8600000000001,1995.16,1922.0514382963015,1995.5649324910528,0.5450115000000001,0.5486690000000001,0.0,7.3149999999999755,6.221319499999481,6839.693626830198,6845.914946330197,0.15936722600032052,2.0,6838.622653822697,0.0,0.0,2025-03-21 00:00:00+00:00,2025-03-20 00:00:00+00:00,2025-03-21 00:01:00+00:00,65.47,0.03426856421198129,1982.72,2025-03-21 00:02:00+00:00,2025-03-21 01:07:00+00:00,2025-03-21 01:08:00+00:00,target,0.1891282732401763,0.22914666563876146,"simulated minute opens; intrabar exits only known within minute, not actual exchange fills"
1297,1907.0,2746082.0,2746119.0,1.0,0.537,1967.0900000000001,1976.75,1905.7063530702812,1977.150206751276,0.528163665,0.5307573750000001,0.0,5.187419999999922,4.128498959999888,6845.914946330197,6850.043445290197,0.15430038764449625,2.0,6844.057967643008,0.0,0.0,2025-03-22 00:00:00+00:00,2025-03-21 00:00:00+00:00,2025-03-22 00:01:00+00:00,64.09,0.0335462391988068,1964.81,2025-03-22 00:02:00+00:00,2025-03-22 00:39:00+00:00,2025-03-22 00:40:00+00:00,target,0.12524638701904178,0.163890665583854,"simulated minute opens; intrabar exits only known within minute, not actual exchange fills"
1298,1908.0,2747522.0,2748959.0,-1.0,0.624,1979.43,2005.18,2031.8119407164004,1964.075925148911,0.6175821600000001,0.6256161600000001,-0.07160698420095267,-16.068,-17.23959133579865,6850.043445290197,6832.803853954399,0.18031481549934508,3.0,6824.298316519382,0.0,0.0,2025-03-23 00:00:00+00:00,2025-03-22 00:00:00+00:00,2025-03-23 00:01:00+00:00,66.48,0.03479722237379741,1979.56,2025-03-23 00:02:00+00:00,2025-03-23 23:59:00+00:00,2025-03-23 23:59:00+00:00,scheduled_23_59_exit,-0.5274250980352873,0.2931177165469521,"simulated minute opens; intrabar exits only known within minute, not actual exchange fills"
1299,1909.0,2748962.0,2749023.0,-1.0,0.593,2000.89,1990.39,2055.96607447356,1989.9852556976368,0.5932638849999999,0.590150635,0.0,6.2265,5.043085479999718,6832.803853954399,6837.846939434398,0.17365166560625211,2.0,6820.617440069399,0.0,0.0,2025-03-24 00:00:00+00:00,2025-03-23 00:00:00+00:00,2025-03-24 00:01:00+00:00,64.13,0.03356717615571041,2005.0,2025-03-24 00:02:00+00:00,2025-03-24 01:03:00+00:00,2025-03-24 01:04:00+00:00,target,0.1544111500554046,0.19799421811731008,"simulated minute opens; intrabar exits only known within minute, not actual exchange fills"
1300,1910.0,2750402.0,2750490.0,-1.0,0.612,2079.1,2065.71,2132.37161226681,2065.292543897079,0.6362045999999999,0.6321072600000001,0.0,8.194679999999922,6.926368139999795,6837.846939434398,6844.773307574398,0.18608331120457178,2.0,6826.182494834398,0.0,0.0,2025-03-25 00:00:00+00:00,2025-03-24 00:00:00+00:00,2025-03-25 00:01:00+00:00,62.5,0.03271399516188836,2080.41,2025-03-25 00:02:00+00:00,2025-03-25 01:30:00+00:00,2025-03-25 01:31:00+00:00,target,0.21245076915103706,0.2591897544562047,"simulated minute opens; intrabar exits only known within minute, not actual exchange fills"
1301,1911.0,2751842.0,2752705.0,1.0,0.584,2063.2200000000003,2006.69,2007.0959891947916,2077.848161473982,0.60246024,0.58595348,0.01297424545607931,-33.01352000000011,-34.214907965456405,6844.773307574398,6810.558399608942,0.17603511845551406,1.0,6810.558399608942,0.0,0.0,2025-03-26 00:00:00+00:00,2025-03-25 00:00:00+00:00,2025-03-26 00:01:00+00:00,61.88,0.03238947232988243,2065.22,2025-03-26 00:02:00+00:00,2025-03-26 14:25:00+00:00,2025-03-26 14:26:00+00:00,stop,-1.0438878179442141,0.26063998748685857,"simulated minute opens; intrabar exits only known within minute, not actual exchange fills"
1302,1912.0,2753282.0,2753342.0,1.0,0.5750000000000001,2008.47,2020.52,1951.649843160251,2020.9300035793303,0.577435125,0.5808995000000001,0.0,6.928749999999975,5.770415375000084,6810.558399608942,6816.328814983942,0.1695705670868797,2.0,6808.600964483941,0.0,0.0,2025-03-27 00:00:00+00:00,2025-03-26 00:00:00+00:00,2025-03-27 00:01:00+00:00,62.0,0.03245228320059325,2008.69,2025-03-27 00:02:00+00:00,2025-03-27 01:02:00+00:00,2025-03-27 01:03:00+00:00,target,0.17661874866525767,0.21928844044678555,"simulated minute opens; intrabar exits only known within minute, not actual exchange fills"
1303,1913.0,2754722.0,2754858.0,1.0,0.593,2001.6000000000001,2014.44,1946.563221796681,2014.8448698514815,0.5934744000000001,0.59728146,0.0,7.614119999999951,6.423364140000558,6816.328814983942,6822.752179123942,0.17413314882797307,2.0,6809.651160583942,0.0,0.0,2025-03-28 00:00:00+00:00,2025-03-27 00:00:00+00:00,2025-03-28 00:01:00+00:00,61.31,0.032091120694006006,2002.8,2025-03-28 00:02:00+00:00,2025-03-28 02:18:00+00:00,2025-03-28 02:19:00+00:00,target,0.19681348279481428,0.24065489085410494,"simulated minute opens; intrabar exits only known within minute, not actual exchange fills"
1304,1914.0,2756162.0,2756194.0,1.0,0.597,1894.52,1907.51,1839.6556421168957,1907.8979602830382,0.5655142200000001,0.569391735,0.0,7.755030000000005,6.620124045000011,6822.752179123942,6829.372303168942,0.1657730502744461,2.0,6821.818491212992,0.0,0.0,2025-03-29 00:00:00+00:00,2025-03-28 00:00:00+00:00,2025-03-29 00:01:00+00:00,64.2,0.03360381583029172,1896.02,2025-03-29 00:02:00+00:00,2025-03-29 00:34:00+00:00,2025-03-29 00:35:00+00:00,target,0.2021163725934159,0.24383699726408345,"simulated minute opens; intrabar exits only known within minute, not actual exchange fills"
1305,1915.0,2757602.0,2757692.0,1.0,0.535,1828.18,1839.68,1766.5549100421358,1840.0524145897432,0.48903815000000006,0.49211440000000006,0.0,6.152500000000001,5.171347450000212,6829.372303168942,6834.543650618943,0.14321613416011256,2.0,6820.072069780593,0.0,0.0,2025-03-30 00:00:00+00:00,2025-03-29 00:00:00+00:00,2025-03-30 00:01:00+00:00,71.49,0.03741957622597438,1827.32,2025-03-30 00:02:00+00:00,2025-03-30 01:32:00+00:00,2025-03-30 01:33:00+00:00,target,0.15685283391244553,0.19265553361237794,"simulated minute opens; intrabar exits only known within minute, not actual exchange fills"
1306,1916.0,2759042.0,2759126.0,1.0,0.544,1807.58,1819.27,1746.9103021419132,1819.6375415261427,0.49166176,0.49484144,0.0,6.35936000000003,5.372856799999681,6834.543650618943,6839.916507418942,0.1438755197519222,2.0,6817.369943906302,0.0,0.0,2025-03-31 00:00:00+00:00,2025-03-30 00:00:00+00:00,2025-03-31 00:01:00+00:00,71.67,0.03751379253204062,1806.99,2025-03-31 00:02:00+00:00,2025-03-31 01:26:00+00:00,2025-03-31 01:27:00+00:00,target,0.16279255293312722,0.19874075447592918,"simulated minute opens; intrabar exits only known within minute, not actual exchange fills"
1307,1917.0,2760482.0,2760975.0,-1.0,0.65,1820.56,1871.3,1870.916654799497,1806.8920850542745,0.591682,0.6081725,-0.03466006311411599,-32.98100000000001,-34.14619443688662,6839.916507418942,6805.770312982056,0.17300854458039944,1.0,6803.160343269055,0.0,0.0,2025-04-01 00:00:00+00:00,2025-03-31 00:00:00+00:00,2025-04-01 00:01:00+00:00,68.64,0.03592781804659227,1821.59,2025-04-01 00:02:00+00:00,2025-04-01 08:15:00+00:00,2025-04-01 08:16:00+00:00,stop,-1.0432108136480895,0.2714222181784387,"simulated minute opens; intrabar exits only known within minute, not actual exchange fills"
1308,1918.0,2761922.0,2761973.0,-1.0,0.614,1901.22,1889.71,1954.277304802196,1889.3314667547393,0.58367454,0.5801409700000001,0.0,7.067139999999994,5.903324490000159,6805.770312982056,6811.673637472056,0.17152343178159762,2.0,6801.394905805576,0.0,0.0,2025-04-02 00:00:00+00:00,2025-04-01 00:00:00+00:00,2025-04-02 00:01:00+00:00,66.55,0.034833862048378725,1904.21,2025-04-02 00:02:00+00:00,2025-04-02 00:53:00+00:00,2025-04-02 00:54:00+00:00,target,0.18121039196854014,0.2240696788045043,"simulated minute opens; intrabar exits only known within minute, not actual exchange fills"
1309,1919.0,2763362.0,2763367.0,1.0,0.582,1792.71,1805.91,1736.3371864032745,1806.2717979091187,0.5216786099999999,0.52551981,0.0,7.682400000000026,6.635201580000285,6811.673637472056,6818.308839052056,0.1531719332911566,2.0,6808.594202815176,0.0,0.0,2025-04-03 00:00:00+00:00,2025-04-02 00:00:00+00:00,2025-04-03 00:01:00+00:00,68.99,0.03611101641949884,1794.1,2025-04-03 00:02:00+00:00,2025-04-03 00:07:00+00:00,2025-04-03 00:08:00+00:00,target,0.2022373777820929,0.24057337294064807,"simulated minute opens; intrabar exits only known within minute, not actual exchange fills"
1310,1920.0,2764802.0,2764916.0,-1.0,0.646,1816.41,1802.0,1866.946978591678,1801.6310465146298,0.5867004300000002,0.5820460000000001,0.0,9.308860000000053,8.140113569999812,6818.308839052056,6826.448952622056,0.1720955867060925,2.0,6813.865518622057,0.0,0.0,2025-04-04 00:00:00+00:00,2025-04-03 00:00:00+00:00,2025-04-04 00:01:00+00:00,69.62,0.03644077349073068,1816.48,2025-04-04 00:02:00+00:00,2025-04-04 01:56:00+00:00,2025-04-04 01:57:00+00:00,target,0.24933811539882397,0.292438406434609,"simulated minute opens; intrabar exits only known within minute, not actual exchange fills"
1311,1921.0,2766242.0,2767679.0,1.0,0.561,1814.54,1804.9,1755.907403407965,1828.7558512905625,0.5089784700000001,0.50627445,0.05257143424086115,-5.408039999999929,-6.475864354240912,6826.448952622056,6819.973088267815,0.149119541809362,3.0,6797.932937455465,0.0,0.0,2025-04-05 00:00:00+00:00,2025-04-04 00:00:00+00:00,2025-04-05 00:01:00+00:00,71.29,0.03731489144145634,1815.97,2025-04-05 00:02:00+00:00,2025-04-05 23:59:00+00:00,2025-04-05 23:59:00+00:00,scheduled_23_59_exit,-0.1968773496726123,0.2424564511354717,"simulated minute opens; intrabar exits only known within minute, not actual exchange fills"
1312,1922.0,2767682.0,2768513.0,1.0,0.546,1804.15,1743.57,1743.927010708228,1818.0642073634901,0.4925329500000001,0.47599461000000004,0.05307675856913649,-33.07668000000009,-34.09828431856931,6819.973088267815,6785.874803949246,0.14443838520339297,1.0,6785.056778559246,0.0,0.0,2025-04-06 00:00:00+00:00,2025-04-05 00:00:00+00:00,2025-04-06 00:01:00+00:00,72.98,0.0381994778706338,1805.15,2025-04-06 00:02:00+00:00,2025-04-06 13:53:00+00:00,2025-04-06 13:54:00+00:00,stop,-1.0369971818895105,0.23104478085731714,"simulated minute opens; intrabar exits only known within minute, not actual exchange fills"
1313,1923.0,2769122.0,2769198.0,1.0,0.521,1582.33,1592.26,1519.1840345958096,1592.5791331572514,0.41219696499999997,0.41478373,0.0,5.173530000000033,4.346549305000735,6785.874803949246,6790.221353254246,0.12148675798147925,2.0,6769.8216742525165,0.0,0.0,2025-04-07 00:00:00+00:00,2025-04-06 00:00:00+00:00,2025-04-07 00:01:00+00:00,81.48,0.04264858121265062,1579.98,2025-04-07 00:02:00+00:00,2025-04-07 01:18:00+00:00,2025-04-07 01:19:00+00:00,target,0.13211778371904975,0.1623085986831918,"simulated minute opens; intrabar exits only known within minute, not actual exchange fills"
1314,1924.0,2770562.0,2770646.0,1.0,0.591,1552.14,1563.47,1496.5511472176333,1563.7853948062268,0.45865737,0.462005385,0.0,6.696029999999957,5.77536724499987,6790.221353254246,6795.996720499246,0.13509349581959837,2.0,6782.798939970617,0.0,0.0,2025-04-08 00:00:00+00:00,2025-04-07 00:00:00+00:00,2025-04-08 00:01:00+00:00,75.06,0.03928819962962145,1552.44,2025-04-08 00:02:00+00:00,2025-04-08 01:26:00+00:00,2025-04-08 01:27:00+00:00,target,0.17579414776301341,0.209491547735641,"simulated minute opens; intrabar exits only known within minute, not actual exchange fills"
1315,1925.0,2772002.0,2772077.0,1.0,0.604,1471.3600000000001,1416.6100000000001,1416.901582103362,1483.8915735354112,0.44435072000000003,0.4278162200000001,0.0,-33.068999999999996,-33.941166940000585,6795.996720499246,6762.055553559246,0.13076837387507073,1.0,6762.055553559246,0.0,0.0,2025-04-09 00:00:00+00:00,2025-04-08 00:00:00+00:00,2025-04-09 00:01:00+00:00,78.39,0.041031201291846855,1472.67,2025-04-09 00:02:00+00:00,2025-04-09 01:17:00+00:00,2025-04-09 01:18:00+00:00,stop,-1.031869583627217,0.23011269918263097,"simulated minute opens; intrabar exits only known within minute, not actual exchange fills"
1316,1926.0,2773442.0,2773462.0,-1.0,0.638,1666.3600000000001,1654.05,1717.231317246344,1653.7190023751132,0.53156884,0.5276419499999999,0.0,7.853780000000111,6.794569210000191,6762.055553559246,6768.850122769246,0.15722108042138336,2.0,6760.989502752106,0.0,0.0,2025-04-10 00:00:00+00:00,2025-04-09 00:00:00+00:00,2025-04-10 00:01:00+00:00,72.77,0.03808955884688985,1668.69,2025-04-10 00:02:00+00:00,2025-04-10 00:22:00+00:00,2025-04-10 00:23:00+00:00,target,0.2093477341746192,0.2484896855269751,"simulated minute opens; intrabar exits only known within minute, not actual exchange fills"
1317,1927.0,2774882.0,2774972.0,1.0,0.607,1518.99,1532.6000000000001,1465.078572938273,1532.9068927236651,0.461013465,0.46514410000000006,0.0,8.261270000000078,7.3351124350001555,6768.850122769246,6776.185235204246,0.13621618343985195,2.0,6759.5930144935655,0.0,0.0,2025-04-11 00:00:00+00:00,2025-04-10 00:00:00+00:00,2025-04-11 00:01:00+00:00,75.48,0.03950803767710934,1521.57,2025-04-11 00:02:00+00:00,2025-04-11 01:32:00+00:00,2025-04-11 01:33:00+00:00,target,0.2241492325210425,0.25814365306506715,"simulated minute opens; intrabar exits only known within minute, not actual exchange fills"
1318,1928.0,2776322.0,2776431.0,-1.0,0.675,1565.38,1551.38,1613.6160153421768,1551.0629885147757,0.5283157500000001,0.5235907500000001,0.0,9.450000000000001,8.398093499999959,6776.185235204246,6784.583328704246,0.1559330896845165,2.0,6773.152669454246,0.0,0.0,2025-04-12 00:00:00+00:00,2025-04-11 00:00:00+00:00,2025-04-12 00:01:00+00:00,76.36,0.03996865072898872,1565.96,2025-04-12 00:02:00+00:00,2025-04-12 01:51:00+00:00,2025-04-12 01:52:00+00:00,target,0.25793216773279415,0.2968116537749308,"simulated minute opens; intrabar exits only known within minute, not actual exchange fills"
1319,1929.0,2777762.0,2777868.0,-1.0,0.637,1642.4,1628.47,1693.575835666289,1628.1404417728027,0.5231044,0.518667695,0.0,8.87341000000004,7.831637905000207,6784.583328704246,6792.414966609246,0.15420383969251217,2.0,6779.928702972126,0.0,0.0,2025-04-13 00:00:00+00:00,2025-04-12 00:00:00+00:00,2025-04-13 00:01:00+00:00,75.63,0.039586551265497864,1643.6,2025-04-13 00:02:00+00:00,2025-04-13 01:48:00+00:00,2025-04-13 01:49:00+00:00,target,0.24024160699927974,0.27863850275317753,"simulated minute opens; intrabar exits only known within minute, not actual exchange fills"
1320,1930.0,2779202.0,2779214.0,1.0,0.534,1597.04,1609.05,1535.3770177870622,1609.3795554484846,0.42640968000000007,0.42961635000000004,0.0,6.413339999999995,5.557313969999996,6792.414966609246,6797.972280579246,0.12555466122025302,2.0,6791.102116929246,0.0,0.0,2025-04-14 00:00:00+00:00,2025-04-13 00:00:00+00:00,2025-04-14 00:01:00+00:00,78.58,0.041130651837138994,1596.92,2025-04-14 00:02:00+00:00,2025-04-14 00:14:00+00:00,2025-04-14 00:15:00+00:00,target,0.16877151617581776,0.20011285548715438,"simulated minute opens; intrabar exits only known within minute, not actual exchange fills"
1321,1931.0,2780642.0,2781499.0,-1.0,0.709,1624.5,1608.69,1670.436177465605,1608.3624289114778,0.5758852499999999,0.570280605,-0.021123798799811883,11.20928999999996,10.08424794379971,6797.972280579246,6808.056528523046,0.16942853728462967,2.0,6772.0190965344955,0.0,0.0,2025-04-15 00:00:00+00:00,2025-04-14 00:00:00+00:00,2025-04-15 00:01:00+00:00,72.65,0.038026747976179026,1623.02,2025-04-15 00:02:00+00:00,2025-04-15 14:19:00+00:00,2025-04-15 14:20:00+00:00,target,0.30962956817712917,0.3513041785117049,"simulated minute opens; intrabar exits only known within minute, not actual exchange fills"
1322,1932.0,2782082.0,2782187.0,1.0,0.592,1588.21,1598.82,1532.6531115851487,1599.1465766324386,0.47011016,0.47325071999999996,0.0,6.28111999999994,5.337759119999646,6808.056528523046,6813.394287643046,0.13810407067873942,2.0,6800.209694299366,0.0,0.0,2025-04-16 00:00:00+00:00,2025-04-15 00:00:00+00:00,2025-04-16 00:01:00+00:00,70.85,0.03708458491551664,1588.0,2025-04-16 00:02:00+00:00,2025-04-16 01:47:00+00:00,2025-04-16 01:48:00+00:00,target,0.16229283635670896,0.19685365657582507,"simulated minute opens; intrabar exits only known within minute, not actual exchange fills"
1323,1933.0,2783522.0,2783589.0,1.0,0.595,1577.75,1587.17,1522.4184464614411,1587.4905163635394,0.46938062499999994,0.472183075,0.0,5.604900000000043,4.663336300000083,6813.394287643046,6818.057623943046,0.13778172968832325,2.0,6810.887206739796,0.0,0.0,2025-04-17 00:00:00+00:00,2025-04-16 00:00:00+00:00,2025-04-17 00:01:00+00:00,69.7,0.0364826474045379,1576.58,2025-04-17 00:02:00+00:00,2025-04-17 01:09:00+00:00,2025-04-17 01:10:00+00:00,target,0.1416468452225618,0.17603909054806421,"simulated minute opens; intrabar exits only known within minute, not actual exchange fills"
1324,1934.0,2784962.0,2786399.0,-1.0,0.738,1583.45,1588.82,1627.6599238066103,1568.9708706362385,0.58429305,0.58627458,-0.01467780573986521,-3.963059999999919,-5.118949824259289,6818.057623943046,6812.938674118786,0.17139575000015603,3.0,6805.375735985086,0.0,0.0,2025-04-18 00:00:00+00:00,2025-04-17 00:00:00+00:00,2025-04-18 00:01:00+00:00,70.28,0.03678623327964022,1582.84,2025-04-18 00:02:00+00:00,2025-04-18 23:59:00+00:00,2025-04-18 23:59:00+00:00,scheduled_23_59_exit,-0.15689342521096974,0.3275085799084014,"simulated minute opens; intrabar exits only known within minute, not actual exchange fills"
1325,1935.0,2786402.0,2787457.0,-1.0,0.742,1587.75,1632.04,1631.704751490656,1574.4283782672137,0.58905525,0.6054868400000001,-0.19074096547402955,-32.86317999999997,-33.86698112452541,6812.938674118786,6779.071692994261,0.17292251645761095,1.0,6779.071692994261,0.0,0.0,2025-04-19 00:00:00+00:00,2025-04-18 00:00:00+00:00,2025-04-19 00:01:00+00:00,68.38,0.035791727826718814,1587.91,2025-04-19 00:02:00+00:00,2025-04-19 17:37:00+00:00,2025-04-19 17:38:00+00:00,stop,-1.0384049541018332,0.30307580593689026,"simulated minute opens; intrabar exits only known within minute, not actual exchange fills"
1326,1936.0,2787842.0,2788279.0,-1.0,0.714,1611.07,1599.3600000000001,1656.5200647643578,1599.036726063504,0.57515199,0.5709715200000001,0.0,8.360939999999863,7.214816489999066,6779.071692994261,6786.28650948426,0.1696845869307985,2.0,6773.205840674101,0.0,0.0,2025-04-20 00:00:00+00:00,2025-04-19 00:00:00+00:00,2025-04-20 00:01:00+00:00,67.74,0.03545673651626108,1612.44,2025-04-20 00:02:00+00:00,2025-04-20 07:19:00+00:00,2025-04-20 07:20:00+00:00,target,0.22232718594326195,0.2647581251838514,"simulated minute opens; intrabar exits only known within minute, not actual exchange fills"
1327,1937.0,2789282.0,2789298.0,1.0,0.619,1586.47,1597.14,1533.5909139501755,1597.4605279375583,0.491012465,0.49431483000000004,0.0,6.604730000000045,5.619402705000539,6786.28650948426,6791.905912189261,0.14470726053601757,2.0,6785.164117019261,0.0,0.0,2025-04-21 00:00:00+00:00,2025-04-20 00:00:00+00:00,2025-04-21 00:01:00+00:00,69.02,0.03612671913717655,1586.56,2025-04-21 00:02:00+00:00,2025-04-21 00:18:00+00:00,2025-04-21 00:19:00+00:00,target,0.17167836432435832,0.20784262283206945,"simulated minute opens; intrabar exits only known within minute, not actual exchange fills"
1328,1938.0,2790722.0,2790840.0,1.0,0.629,1578.54,1589.1200000000001,1526.4495817012912,1589.4440547369954,0.49645083,0.49977824000000004,0.0,6.654820000000098,5.658590930000173,6791.905912189261,6797.564503119261,0.1461889597466397,2.0,6767.239465625111,0.0,0.0,2025-04-22 00:00:00+00:00,2025-04-21 00:00:00+00:00,2025-04-22 00:01:00+00:00,68.43,0.03581789902284833,1578.64,2025-04-22 00:02:00+00:00,2025-04-22 02:00:00+00:00,2025-04-22 02:01:00+00:00,target,0.17270297098426787,0.20932937559585257,"simulated minute opens; intrabar exits only known within minute, not actual exchange fills"
1329,1939.0,2792162.0,2792458.0,-1.0,0.625,1755.77,1808.32,1807.9515881246039,1739.9121500470387,0.548678125,0.5651,0.0,-32.84374999999997,-33.95752812499995,6797.564503119261,6763.606974994261,0.1614337384362364,1.0,6762.60332499426,0.0,0.0,2025-04-23 00:00:00+00:00,2025-04-22 00:00:00+00:00,2025-04-23 00:01:00+00:00,72.69,0.03804768493308264,1755.57,2025-04-23 00:02:00+00:00,2025-04-23 04:58:00+00:00,2025-04-23 04:59:00+00:00,stop,-1.041211027733786,0.30389741904931034,"simulated minute opens; intrabar exits only known within minute, not actual exchange fills"
1330,1940.0,2793602.0,2793768.0,-1.0,0.626,1795.8,1779.04,1847.6172925145256,1778.6840983753557,0.5620854,0.55683952,0.0,10.491759999999994,9.372835080000186,6763.606974994261,6772.979810074261,0.16620877057998387,2.0,6759.288889594261,0.0,0.0,2025-04-24 00:00:00+00:00,2025-04-23 00:00:00+00:00,2025-04-24 00:01:00+00:00,71.7,0.03752949524971833,1794.46,2025-04-24 00:02:00+00:00,2025-04-24 02:48:00+00:00,2025-04-24 02:49:00+00:00,target,0.28894948526697173,0.33031254228202406,"simulated minute opens; intrabar exits only known within minute, not actual exchange fills"
1331,1941.0,2795042.0,2795109.0,1.0,0.561,1767.0900000000001,1780.98,1708.8827105590644,1781.337122764018,0.49566874500000013,0.49956489000000004,0.0,7.792289999999929,6.797056364999662,6772.979810074261,6779.776866439261,0.14636652076320467,2.0,6769.88810724312,0.0,0.0,2025-04-25 00:00:00+00:00,2025-04-24 00:00:00+00:00,2025-04-25 00:01:00+00:00,69.58,0.03641983653382707,1768.8,2025-04-25 00:02:00+00:00,2025-04-25 01:09:00+00:00,2025-04-25 01:10:00+00:00,target,0.20815202213279058,0.24476526738931415,"simulated minute opens; intrabar exits only known within minute, not actual exchange fills"
1332,1942.0,2796482.0,2796989.0,-1.0,0.682,1787.21,1835.05,1834.675553775336,1768.518259874903,0.6094386100000001,0.6257520500000001,0.036804270219200005,-32.62687999999995,-33.89887493021979,6779.776866439261,6745.877991509041,0.17978131788283389,1.0,6744.221759269401,0.0,0.0,2025-04-26 00:00:00+00:00,2025-04-25 00:00:00+00:00,2025-04-26 00:01:00+00:00,69.34,0.036294214792405424,1783.77,2025-04-26 00:02:00+00:00,2025-04-26 08:29:00+00:00,2025-04-26 08:30:00+00:00,stop,-1.0471824565845163,0.3937958927766619,"simulated minute opens; intrabar exits only known within minute, not actual exchange fills"
1333,1943.0,2797922.0,2798038.0,-1.0,0.623,1820.6000000000001,1804.69,1872.4962550526848,1804.3211273434179,0.5671169,0.562160935,0.0,9.911930000000051,8.7826521650004,6745.877991509041,6754.660643674041,0.16813731310107402,2.0,6723.215053953952,0.0,0.0,2025-04-27 00:00:00+00:00,2025-04-26 00:00:00+00:00,2025-04-27 00:01:00+00:00,69.93,0.036603034906733646,1820.0,2025-04-27 00:02:00+00:00,2025-04-27 01:58:00+00:00,2025-04-27 01:59:00+00:00,target,0.27164493826556707,0.31368106696824477,"simulated minute opens; intrabar exits only known within minute, not actual exchange fills"
1334,1944.0,2799362.0,2799757.0,1.0,0.545,1789.3600000000001,1802.6000000000001,1729.6085992073763,1802.96733076231,0.48760060000000005,0.4912085000000001,0.0,7.215800000000005,6.23699089999991,6754.660643674041,6760.897634574041,0.14437456616170757,2.0,6734.067993074041,0.0,0.0,2025-04-28 00:00:00+00:00,2025-04-27 00:00:00+00:00,2025-04-28 00:01:00+00:00,69.79,0.03652975555757102,1790.21,2025-04-28 00:02:00+00:00,2025-04-28 06:37:00+00:00,2025-04-28 06:38:00+00:00,target,0.1915272252732286,0.22773241433345026,"simulated minute opens; intrabar exits only known within minute, not actual exchange fills"
1335,1945.0,2800802.0,2802186.0,-1.0,0.614,1796.99,1784.51,1849.7539557508092,1784.1485488277308,0.55167593,0.54784457,-0.04917989063649305,7.662720000000011,6.612379390637216,6760.897634574041,6767.510013964678,0.16319606058782085,2.0,6732.9710289268405,0.0,0.0,2025-04-29 00:00:00+00:00,2025-04-28 00:00:00+00:00,2025-04-29 00:01:00+00:00,68.11,0.03565040336761946,1799.22,2025-04-29 00:02:00+00:00,2025-04-29 23:06:00+00:00,2025-04-29 23:07:00+00:00,target,0.20410424860136217,0.24337544426949623,"simulated minute opens; intrabar exits only known within minute, not actual exchange fills"
1336,1946.0,2802242.0,2802274.0,1.0,0.529,1799.2,1808.58,1737.4076108024572,1808.9435792116903,0.47588840000000004,0.47836941000000005,0.0,4.962019999999938,4.007762189999994,6767.510013964678,6771.517776154678,0.14063914172805356,2.0,6764.494503184628,0.0,0.0,2025-04-30 00:00:00+00:00,2025-04-29 00:00:00+00:00,2025-04-30 00:01:00+00:00,67.69,0.035430565320131564,1796.57,2025-04-30 00:02:00+00:00,2025-04-30 00:34:00+00:00,2025-04-30 00:35:00+00:00,target,0.12260587587542648,0.15768251297973354,"simulated minute opens; intrabar exits only known within minute, not actual exchange fills"
1337,1947.0,2803682.0,2803749.0,1.0,0.558,1792.9,1804.44,1734.413975663702,1804.809333860351,0.5002191000000001,0.5034387600000001,0.0,6.43931999999998,5.435662139999295,6771.517776154678,6776.953438294678,0.1477420916656171,2.0,6770.383755566998,0.0,0.0,2025-05-01 00:00:00+00:00,2025-04-30 00:00:00+00:00,2025-05-01 00:01:00+00:00,66.48,0.03479722237379741,1792.71,2025-05-01 00:02:00+00:00,2025-05-01 01:09:00+00:00,2025-05-01 01:10:00+00:00,target,0.16655825234393656,0.20362700312593565,"simulated minute opens; intrabar exits only known within minute, not actual exchange fills"
1338,1948.0,2805122.0,2805549.0,-1.0,0.663,1838.63,1822.53,1887.468733391433,1822.1651792510613,0.609505845,0.604168695,0.0,10.674300000000091,9.460625460000301,6776.953438294678,6786.414063754678,0.17987606099102058,2.0,6768.399929719768,0.0,0.0,2025-05-02 00:00:00+00:00,2025-05-01 00:00:00+00:00,2025-05-02 00:01:00+00:00,66.22,0.034661132153923954,1837.19,2025-05-02 00:02:00+00:00,2025-05-02 07:09:00+00:00,2025-05-02 07:10:00+00:00,target,0.2921742438657005,0.3371262849299646,"simulated minute opens; intrabar exits only known within minute, not actual exchange fills"
1339,1949.0,2806562.0,2806654.0,-1.0,0.661,1840.6000000000001,1826.95,1889.6397275414133,1826.5794490890669,0.6083183000000001,0.6038069750000001,0.0,9.022650000000061,7.8105247249995955,6786.414063754678,6794.224588479678,0.17927532693560388,2.0,6784.662215454678,0.0,0.0,2025-05-03 00:00:00+00:00,2025-05-02 00:00:00+00:00,2025-05-03 00:01:00+00:00,64.35,0.033682329418680254,1841.22,2025-05-03 00:02:00+00:00,2025-05-03 01:34:00+00:00,2025-05-03 01:35:00+00:00,target,0.24095209317834795,0.2859018924828476,"simulated minute opens; intrabar exits only known within minute, not actual exchange fills"
1340,1950.0,2808002.0,2808125.0,1.0,0.5740000000000001,1831.88,1844.1100000000001,1774.8950104662028,1844.482498102172,0.5257495600000001,0.52925957,0.0,7.020020000000011,5.965010869999787,6794.224588479678,6800.189599349677,0.15476366821652135,2.0,6791.835196251657,0.0,0.0,2025-05-04 00:00:00+00:00,2025-05-03 00:00:00+00:00,2025-05-04 00:01:00+00:00,64.59,0.03380795116010191,1832.55,2025-05-04 00:02:00+00:00,2025-05-04 02:05:00+00:00,2025-05-04 02:06:00+00:00,target,0.18236390117850645,0.22115469714524555,"simulated minute opens; intrabar exits only known within minute, not actual exchange fills"
1341,1951.0,2809442.0,2809800.0,1.0,0.546,1810.53,1819.3500000000001,1750.445659970792,1819.7239335268532,0.49427469,0.49668255000000006,0.0,4.8157200000000895,3.8247627600003398,6800.189599349677,6804.014362109678,0.1453708555559301,2.0,6784.0504565207775,0.0,0.0,2025-05-05 00:00:00+00:00,2025-05-04 00:00:00+00:00,2025-05-05 00:01:00+00:00,65.12,0.03408536583907472,1807.87,2025-05-05 00:02:00+00:00,2025-05-05 06:00:00+00:00,2025-05-05 06:01:00+00:00,target,0.11658711731867799,0.15301713428796765,"simulated minute opens; intrabar exits only known within minute, not actual exchange fills"
1342,1952.0,2810882.0,2810983.0,-1.0,0.6900000000000001,1818.68,1805.73,1865.7376291492042,1805.3641925393827,0.6274446,0.62297685,0.0,8.935500000000031,7.685078550000071,6804.014362109678,6811.699440659678,0.18443364949201907,2.0,6802.269117509678,0.0,0.0,2025-05-06 00:00:00+00:00,2025-05-05 00:00:00+00:00,2025-05-06 00:01:00+00:00,62.62,0.032776806032599186,1819.43,2025-05-06 00:02:00+00:00,2025-05-06 01:43:00+00:00,2025-05-06 01:44:00+00:00,target,0.23668415093089062,0.2829680904322104,"simulated minute opens; intrabar exits only known within minute, not actual exchange fills"
1343,1953.0,2812322.0,2812341.0,1.0,0.5670000000000001,1816.76,1827.54,1758.9203502245787,1827.9129831990738,0.51505146,0.5181075900000001,0.0,6.112259999999985,5.079100949999884,6811.699440659678,6816.778541609678,0.1512255390851831,2.0,6809.625321609247,0.0,0.0,2025-05-07 00:00:00+00:00,2025-05-06 00:00:00+00:00,2025-05-07 00:01:00+00:00,64.3,0.03365615822255075,1816.22,2025-05-07 00:02:00+00:00,2025-05-07 00:21:00+00:00,2025-05-07 00:22:00+00:00,target,0.15487386308148757,0.1928259116778607,"simulated minute opens; intrabar exits only known within minute, not actual exchange fills"
1344,1954.0,2813762.0,2813817.0,1.0,0.5760000000000001,1810.63,1821.29,1753.667994157178,1821.661612513893,0.52146144,0.52453152,0.0,6.140159999999917,5.094167039999775,6816.778541609678,6821.872708649677,0.1529935105906682,2.0,6814.626187520077,0.0,0.0,2025-05-08 00:00:00+00:00,2025-05-07 00:00:00+00:00,2025-05-08 00:01:00+00:00,63.45,0.03321124788834907,1810.14,2025-05-08 00:02:00+00:00,2025-05-08 00:57:00+00:00,2025-05-08 00:58:00+00:00,target,0.15526208863507004,0.1936661525637454,"simulated minute opens; intrabar exits only known within minute, not actual exchange fills"
1345,1955.0,2815202.0,2815209.0,-1.0,0.483,2200.52,2188.62,2268.4076646659496,2188.176509593842,0.53142558,0.5285517299999999,0.0,5.7477000000000436,4.687722689999646,6821.872708649677,6826.560431339677,0.1558004972230537,2.0,6820.848623069677,0.0,0.0,2025-05-09 00:00:00+00:00,2025-05-08 00:00:00+00:00,2025-05-09 00:01:00+00:00,66.96,0.03504846585664071,2206.54,2025-05-09 00:02:00+00:00,2025-05-09 00:09:00+00:00,2025-05-09 00:10:00+00:00,target,0.14296308538165425,0.18182228637405046,"simulated minute opens; intrabar exits only known within minute, not actual exchange fills"
1346,1956.0,2816642.0,2816695.0,-1.0,0.441,2342.28,2323.8,2416.766615448705,2323.333660401948,0.5164727400000001,0.5123979000000001,0.0,8.149680000000009,7.120809360000749,6826.560431339677,6833.681240699678,0.15131272774762355,2.0,6809.488818599677,0.0,0.0,2025-05-10 00:00:00+00:00,2025-05-09 00:00:00+00:00,2025-05-10 00:01:00+00:00,72.25,0.03781737840714294,2344.3,2025-05-10 00:02:00+00:00,2025-05-10 00:55:00+00:00,2025-05-10 00:56:00+00:00,target,0.21677666387085706,0.2543589809245633,"simulated minute opens; intrabar exits only known within minute, not actual exchange fills"
1347,1957.0,2818082.0,2818097.0,-1.0,0.371,2577.91,2558.36,2666.751270126745,2557.840733481472,0.478202305,0.47457578,0.0,7.253049999999899,6.300271914999939,6833.681240699678,6839.981512614678,0.13995452470096145,2.0,6823.477262305488,0.0,0.0,2025-05-11 00:00:00+00:00,2025-05-10 00:00:00+00:00,2025-05-11 00:01:00+00:00,75.47,0.039502803437883434,2581.91,2025-05-11 00:02:00+00:00,2025-05-11 00:17:00+00:00,2025-05-11 00:18:00+00:00,target,0.19114838155479638,0.2259002656073706,"simulated minute opens; intrabar exits only known within minute, not actual exchange fills"
1348,1958.0,2819522.0,2819545.0,1.0,0.364,2513.14,2533.17,2422.349261740163,2533.67906371379,0.45739147999999996,0.46103694,0.0,7.290920000000073,6.372491579999405,6839.981512614678,6846.354004194677,0.13374056030895784,2.0,6838.424841134677,0.0,0.0,2025-05-12 00:00:00+00:00,2025-05-11 00:00:00+00:00,2025-05-12 00:01:00+00:00,74.66,0.03907883006058535,2513.48,2025-05-12 00:02:00+00:00,2025-05-12 00:25:00+00:00,2025-05-12 00:26:00+00:00,target,0.19282633157905354,0.226224217441749,"simulated minute opens; intrabar exits only known within minute, not actual exchange fills"
1349,1959.0,2820962.0,2821653.0,1.0,0.373,2494.8,2513.14,2406.1150256999754,2513.6487037634506,0.46528020000000003,0.46870061,0.091755628124705,6.840819999999884,5.815083561875326,6846.354004194677,6852.1690877565525,0.13592057895777185,2.0,6816.291173994677,0.0,0.0,2025-05-13 00:00:00+00:00,2025-05-12 00:00:00+00:00,2025-05-13 00:01:00+00:00,72.31,0.03784878384249836,2494.16,2025-05-13 00:02:00+00:00,2025-05-13 11:33:00+00:00,2025-05-13 11:34:00+00:00,target,0.1757911808845247,0.21253548205003153,"simulated minute opens; intrabar exits only known within minute, not actual exchange fills"
1350,1960.0,2822402.0,2822521.0,-1.0,0.385,2677.64,2655.62,2763.225282859171,2655.0860093734086,0.5154457,0.51120685,0.0,8.477699999999993,7.45104745000026,6852.1690877565525,6859.620135206553,0.15044745492956318,2.0,6834.333054718652,0.0,0.0,2025-05-14 00:00:00+00:00,2025-05-13 00:00:00+00:00,2025-05-14 00:01:00+00:00,71.34,0.037341062637585846,2678.59,2025-05-14 00:02:00+00:00,2025-05-14 02:01:00+00:00,2025-05-14 02:02:00+00:00,target,0.22612964932120735,0.2635265068143016,"simulated minute opens; intrabar exits only known within minute, not actual exchange fills"
1351,1961.0,2823842.0,2823858.0,1.0,0.362,2609.84,2628.39,2518.429114618374,2628.9208969842152,0.47238104,0.47573859,0.0,6.715099999999901,5.766980370000056,6859.620135206553,6865.387115576553,0.13772804636091585,2.0,6857.795907259912,0.0,0.0,2025-05-15 00:00:00+00:00,2025-05-14 00:00:00+00:00,2025-05-15 00:01:00+00:00,70.83,0.03707411643706483,2608.74,2025-05-15 00:02:00+00:00,2025-05-15 00:18:00+00:00,2025-05-15 00:19:00+00:00,target,0.17427776717719365,0.20873768922109606,"simulated minute opens; intrabar exits only known within minute, not actual exchange fills"
1352,1962.0,2825282.0,2825379.0,1.0,0.374,2548.51,2566.73,2459.849150000335,2567.250777232384,0.47657137000000005,0.47997851,0.0,6.8142799999999255,5.857730120000269,6865.387115576553,6871.244845696553,0.13883306563113673,2.0,6859.2033948080525,0.0,0.0,2025-05-16 00:00:00+00:00,2025-05-15 00:00:00+00:00,2025-05-16 00:01:00+00:00,70.15,0.03671818816970349,2547.75,2025-05-16 00:02:00+00:00,2025-05-16 01:39:00+00:00,2025-05-16 01:40:00+00:00,target,0.17665497229115093,0.2113760158227042,"simulated minute opens; intrabar exits only known within minute, not actual exchange fills"
1353,1963.0,2826722.0,2827549.0,1.0,0.427,2527.12,2449.32,2449.813348127527,2554.802605528776,0.5395401200000001,0.5229298200000001,-0.020032681515,-33.220599999999884,-34.26303725848538,6871.244845696553,6836.981808438068,0.15704290332134296,1.0,6836.402830828648,0.0,0.0,2025-05-17 00:00:00+00:00,2025-05-16 00:00:00+00:00,2025-05-17 00:01:00+00:00,68.94,0.036084845223369334,2535.72,2025-05-17 00:02:00+00:00,2025-05-17 13:49:00+00:00,2025-05-17 13:50:00+00:00,stop,-1.0379611988289092,0.358088273884143,"simulated minute opens; intrabar exits only known within minute, not actual exchange fills"
1354,1964.0,2828162.0,2828470.0,1.0,0.387,2474.73,2492.16,2389.3878361399184,2492.6656254148415,0.478860255,0.48223296,0.0,6.745409999999937,5.784316785000556,6836.981808438068,6842.766125223068,0.14007942932040574,2.0,6833.619798183068,0.0,0.0,2025-05-18 00:00:00+00:00,2025-05-17 00:00:00+00:00,2025-05-18 00:01:00+00:00,69.33,0.03628898055317952,2474.09,2025-05-18 00:02:00+00:00,2025-05-18 05:10:00+00:00,2025-05-18 05:11:00+00:00,target,0.17513681776930673,0.21016136225754664,"simulated minute opens; intrabar exits only known within minute, not actual exchange fills"
1355,1965.0,2829602.0,2829613.0,-1.0,0.361,2486.9500000000003,2474.11,2578.482102733543,2473.6144191674416,0.44889447500000007,0.44657685500000005,0.0,4.635240000000052,3.7397686699996484,6842.766125223068,6846.505893893068,0.13120263553808556,2.0,6833.788042559188,0.0,0.0,2025-05-19 00:00:00+00:00,2025-05-18 00:00:00+00:00,2025-05-19 00:01:00+00:00,74.3,0.03889039744845288,2496.98,2025-05-19 00:02:00+00:00,2025-05-19 00:13:00+00:00,2025-05-19 00:14:00+00:00,target,0.1131785427256739,0.14569293651408424,"simulated minute opens; intrabar exits only known within minute, not actual exchange fills"
1356,1966.0,2831042.0,2831714.0,-1.0,0.419,2527.46,2504.78,2605.8968941502185,2504.2763063382718,0.5295028700000001,0.5247514100000001,-0.07221025017473416,9.50291999999993,8.52087597017453,6846.505893893068,6855.026769863242,0.1546782777101835,2.0,6820.949521023068,0.0,0.0,2025-05-20 00:00:00+00:00,2025-05-19 00:00:00+00:00,2025-05-20 00:01:00+00:00,71.07,0.037199738178486486,2526.87,2025-05-20 00:02:00+00:00,2025-05-20 11:14:00+00:00,2025-05-20 11:15:00+00:00,target,0.25926854600178717,0.2955712858457657,"simulated minute opens; intrabar exits only known within minute, not actual exchange fills"
1357,1967.0,2832482.0,2832552.0,1.0,0.367,2524.32,2542.0,2434.137441478521,2542.5152703846807,0.4632127200000001,0.466457,0.0,6.48855999999994,5.558890280000014,6855.026769863242,6860.585660143242,0.13514541534291954,2.0,6852.456826361292,0.0,0.0,2025-05-21 00:00:00+00:00,2025-05-20 00:00:00+00:00,2025-05-21 00:01:00+00:00,70.88,0.03710028763319435,2523.09,2025-05-21 00:02:00+00:00,2025-05-21 01:12:00+00:00,2025-05-21 01:13:00+00:00,target,0.1679575324578138,0.20176041446358878,"simulated minute opens; intrabar exits only known within minute, not actual exchange fills"
1358,1968.0,2833922.0,2834142.0,-1.0,0.371,2543.78,2633.53,2632.995829831294,2526.642503590137,0.47187119,0.4885198150000001,0.0,-33.29725,-34.25764100499964,6860.585660143242,6826.328019138243,0.13756003157029245,1.0,6825.974368953242,0.0,0.0,2025-05-22 00:00:00+00:00,2025-05-21 00:00:00+00:00,2025-05-22 00:01:00+00:00,73.4,0.03841931591812169,2550.26,2025-05-22 00:02:00+00:00,2025-05-22 03:42:00+00:00,2025-05-22 03:43:00+00:00,stop,-1.0350030389742542,0.19209031000742785,"simulated minute opens; intrabar exits only known within minute, not actual exchange fills"
1359,1969.0,2835362.0,2836042.0,-1.0,0.357,2660.29,2639.2400000000002,2752.5448327848294,2638.708428137864,0.474861765,0.47110434000000007,-0.09477279,7.514849999999902,6.6636566850002055,6826.328019138243,6832.991675823243,0.139126559306462,2.0,6800.045491770363,0.0,0.0,2025-05-23 00:00:00+00:00,2025-05-22 00:00:00+00:00,2025-05-23 00:01:00+00:00,74.79,0.03914687517052209,2663.72,2025-05-23 00:02:00+00:00,2025-05-23 11:22:00+00:00,2025-05-23 11:23:00+00:00,target,0.20232766605881272,0.2339343231207399,"simulated minute opens; intrabar exits only known within minute, not actual exchange fills"
1360,1970.0,2836802.0,2836984.0,1.0,0.371,2523.11,2545.12,2434.2224038947097,2545.6353027455025,0.46803690500000006,0.47211976,0.0,8.165709999999912,7.225553334999859,6832.991675823243,6840.217229158243,0.136993260698978,2.0,6829.358262603513,0.0,0.0,2025-05-24 00:00:00+00:00,2025-05-23 00:00:00+00:00,2025-05-24 00:01:00+00:00,72.7,0.03805291917230854,2525.39,2025-05-24 00:02:00+00:00,2025-05-24 03:04:00+00:00,2025-05-24 03:05:00+00:00,target,0.2191068929002171,0.253413341483781,"simulated minute opens; intrabar exits only known within minute, not actual exchange fills"
1361,1971.0,2838242.0,2838282.0,-1.0,0.40900000000000003,2530.79,2506.63,2611.1812348210397,2506.1221377659367,0.517546555,0.5126058350000001,0.0,9.881439999999941,8.851287609999417,6840.217229158243,6849.068516768242,0.1513245961820687,2.0,6836.595372603243,0.0,0.0,2025-05-25 00:00:00+00:00,2025-05-24 00:00:00+00:00,2025-05-25 00:01:00+00:00,72.74,0.038073856129212144,2529.27,2025-05-25 00:02:00+00:00,2025-05-25 00:42:00+00:00,2025-05-25 00:43:00+00:00,target,0.26919962167734607,0.30684765931232183,"simulated minute opens; intrabar exits only known within minute, not actual exchange fills"
1362,1972.0,2839682.0,2840747.0,-1.0,0.406,2550.79,2526.86,2631.8614795753656,2526.3480330739108,0.5178103700000001,0.51295258,-0.1333362068556,9.715579999999933,8.818153256855112,6849.068516768242,6857.886670025097,0.1512060709371705,2.0,6829.379386398242,0.0,0.0,2025-05-26 00:00:00+00:00,2025-05-25 00:00:00+00:00,2025-05-26 00:01:00+00:00,73.54,0.038492595267284324,2550.03,2025-05-26 00:02:00+00:00,2025-05-26 17:47:00+00:00,2025-05-26 17:48:00+00:00,target,0.2679066598557368,0.30148662703716267,"simulated minute opens; intrabar exits only known within minute, not actual exchange fills"
1363,1973.0,2841122.0,2841189.0,-1.0,0.417,2562.8,2539.7000000000003,2641.8799392932306,2539.188129250992,0.5343438,0.52952745,0.0,9.632699999999963,8.568828749999739,6857.886670025097,6866.455498775097,0.15583337133159259,2.0,6853.332446225098,0.0,0.0,2025-05-27 00:00:00+00:00,2025-05-26 00:00:00+00:00,2025-05-27 00:01:00+00:00,71.8,0.037581837641977346,2562.43,2025-05-27 00:02:00+00:00,2025-05-27 01:09:00+00:00,2025-05-27 01:10:00+00:00,target,0.25984782213608054,0.29858230747313513,"simulated minute opens; intrabar exits only known within minute, not actual exchange fills"
1364,1974.0,2842562.0,2842679.0,-1.0,0.395,2658.4,2636.4,2741.8839264556086,2635.8672484696617,0.525034,0.5206890000000001,0.0,8.690000000000001,7.64427699999942,6866.455498775097,6874.0997757750965,0.15292722718254287,2.0,6865.328043078197,0.0,0.0,2025-05-28 00:00:00+00:00,2025-05-27 00:00:00+00:00,2025-05-28 00:01:00+00:00,71.17,0.03725208057074551,2659.84,2025-05-28 00:02:00+00:00,2025-05-28 01:59:00+00:00,2025-05-28 02:00:00+00:00,target,0.23181228796526504,0.2699052678400299,"simulated minute opens; intrabar exits only known within minute, not actual exchange fills"
1365,1975.0,2844002.0,2844150.0,-1.0,0.396,2677.58,2761.53,2760.9773986783885,2656.533594638389,0.53016084,0.54678294,0.0,-33.24420000000011,-34.32114378000006,6874.0997757750965,6839.7786319950965,0.15424880560166765,1.0,6838.231521620617,0.0,0.0,2025-05-29 00:00:00+00:00,2025-05-28 00:00:00+00:00,2025-05-29 00:01:00+00:00,70.14,0.03671295393047759,2680.4,2025-05-29 00:02:00+00:00,2025-05-29 02:30:00+00:00,2025-05-29 02:31:00+00:00,stop,-1.0392357120661553,0.2523628517811909,"simulated minute opens; intrabar exits only known within minute, not actual exchange fills"
1366,1976.0,2845442.0,2846432.0,1.0,0.326,2635.93,2533.65,2534.1661527668784,2650.6200186297606,0.42965659,0.41298495,0.13358375271379067,-33.343279999999915,-34.319505292713984,6839.7786319950965,6805.4591267023825,0.125634647878852,1.0,6805.4591267023825,0.0,0.0,2025-05-30 00:00:00+00:00,2025-05-29 00:00:00+00:00,2025-05-30 00:01:00+00:00,72.95,0.038183775152956095,2630.3,2025-05-30 00:02:00+00:00,2025-05-30 16:32:00+00:00,2025-05-30 16:33:00+00:00,stop,-1.0344985864327223,0.14435400222348843,"simulated minute opens; intrabar exits only known within minute, not actual exchange fills"
1367,1977.0,2846882.0,2847807.0,1.0,0.342,2535.11,2548.05,2438.8327358824054,2548.560086184348,0.43350381000000004,0.43571655000000004,0.0694125936,4.425480000000019,3.486847046400726,6805.4591267023825,6808.945973748783,0.12739884317255648,2.0,6785.582922892383,0.0,0.0,2025-05-31 00:00:00+00:00,2025-05-30 00:00:00+00:00,2025-05-31 00:01:00+00:00,71.41,0.03737770231216716,2529.63,2025-05-31 00:02:00+00:00,2025-05-31 15:27:00+00:00,2025-05-31 15:28:00+00:00,target,0.10589685211192962,0.1397015827944577,"simulated minute opens; intrabar exits only known within minute, not actual exchange fills"
1368,1978.0,2848322.0,2849323.0,1.0,0.365,2525.7000000000003,2545.71,2435.409537203922,2546.2279923003475,0.46094025000000005,0.46459207500000005,0.06713943397608405,7.303649999999913,6.310978241023804,6808.945973748783,6815.256951989807,0.1353925414527034,2.0,6787.621455694607,0.0,0.0,2025-06-01 00:00:00+00:00,2025-05-31 00:00:00+00:00,2025-06-01 00:01:00+00:00,72.48,0.03793776590933869,2527.08,2025-06-01 00:02:00+00:00,2025-06-01 16:43:00+00:00,2025-06-01 16:44:00+00:00,target,0.19149698439713478,0.2273550457561599,"simulated minute opens; intrabar exits only known within minute, not actual exchange fills"
1369,1979.0,2849762.0,2849891.0,-1.0,0.41200000000000003,2535.6,2515.2000000000003,2615.1200904367365,2514.696686228226,0.5223336000000001,0.5181312000000001,0.0,8.40479999999985,7.364335199999914,6815.256951989807,6822.621287189807,0.15328361166118545,2.0,6812.560186189087,0.0,0.0,2025-06-02 00:00:00+00:00,2025-06-01 00:00:00+00:00,2025-06-02 00:01:00+00:00,72.23,0.03780690992869114,2537.89,2025-06-02 00:02:00+00:00,2025-06-02 02:11:00+00:00,2025-06-02 02:12:00+00:00,target,0.224780931483223,0.2628683349952142,"simulated minute opens; intrabar exits only known within minute, not actual exchange fills"
1370,1980.0,2851202.0,2852516.0,-1.0,0.40700000000000003,2602.4,2584.16,2682.956533298965,2583.6381816802614,0.5295884000000001,0.52587656,-0.12202192877160001,7.423680000000097,6.490236968771569,6822.621287189807,6829.1115241585785,0.1552448473123837,2.0,6801.6066841163565,0.0,0.0,2025-06-03 00:00:00+00:00,2025-06-02 00:00:00+00:00,2025-06-03 00:01:00+00:00,69.56,0.036409368055375264,2606.48,2025-06-03 00:02:00+00:00,2025-06-03 21:56:00+00:00,2025-06-03 21:57:00+00:00,target,0.19795449885633068,0.23290250401055662,"simulated minute opens; intrabar exits only known within minute, not actual exchange fills"
1371,1981.0,2852642.0,2852709.0,1.0,0.371,2592.73,2610.1,2503.9698632575564,2610.624782034585,0.480951415,0.48417355,0.0,6.4442699999999595,5.479145034999419,6829.1115241585785,6834.590669193578,0.14085329059236837,2.0,6824.879762743578,0.0,0.0,2025-06-04 00:00:00+00:00,2025-06-03 00:00:00+00:00,2025-06-04 00:01:00+00:00,68.38,0.035791727826718814,2592.16,2025-06-04 00:02:00+00:00,2025-06-04 01:09:00+00:00,2025-06-04 01:10:00+00:00,target,0.16638758728879186,0.2016083198081445,"simulated minute opens; intrabar exits only known within minute, not actual exchange fills"
1372,1982.0,2854082.0,2854718.0,-1.0,0.451,2608.57,2584.85,2680.998885268024,2584.3263299889218,0.5882325350000001,0.582883675,-0.0998879791668,10.697720000000116,9.626491769166932,6834.590669193578,6844.217160962745,0.17213394729004491,2.0,6822.772536658577,0.0,0.0,2025-06-05 00:00:00+00:00,2025-06-04 00:00:00+00:00,2025-06-05 00:01:00+00:00,67.9,0.035540484343875516,2606.62,2025-06-05 00:02:00+00:00,2025-06-05 10:38:00+00:00,2025-06-05 10:39:00+00:00,target,0.29469970479061985,0.3347237765894705,"simulated minute opens; intrabar exits only known within minute, not actual exchange fills"
1373,1983.0,2855522.0,2855695.0,1.0,0.396,2408.76,2430.59,2325.3875898893925,2431.0860310698026,0.47693448000000005,0.4812568200000001,0.0,8.64467999999997,7.6864887000001545,6844.217160962745,6851.903649662745,0.13936859944195923,2.0,6834.369883388985,0.0,0.0,2025-06-06 00:00:00+00:00,2025-06-05 00:00:00+00:00,2025-06-06 00:01:00+00:00,72.45,0.037922063191660985,2412.9,2025-06-06 00:02:00+00:00,2025-06-06 02:55:00+00:00,2025-06-06 02:56:00+00:00,target,0.23281472820863988,0.26778680189505294,"simulated minute opens; intrabar exits only known within minute, not actual exchange fills"
1374,1984.0,2856962.0,2858399.0,-1.0,0.449,2474.2400000000002,2523.35,2547.4787256288914,2453.5898765219545,0.5554668800000001,0.566492075,-0.13737550183010752,-22.050389999999854,-23.034973453169187,6851.903649662745,6828.868676209576,0.1621350527972881,3.0,6821.263973913736,0.0,0.0,2025-06-07 00:00:00+00:00,2025-06-06 00:00:00+00:00,2025-06-07 00:01:00+00:00,69.32,0.03628374631395361,2475.38,2025-06-07 00:02:00+00:00,2025-06-07 23:59:00+00:00,2025-06-07 23:59:00+00:00,scheduled_23_59_exit,-0.7004878328789099,0.28195634619152515,"simulated minute opens; intrabar exits only known within minute, not actual exchange fills"
1375,1985.0,2858402.0,2858967.0,-1.0,0.426,2522.36,2501.2000000000003,2599.304305261695,2500.6928441801974,0.5372626800000001,0.5327556000000001,-0.10195915348822945,9.014159999999938,8.046100873488285,6828.868676209576,6836.914777083064,0.15735042083082273,2.0,6827.206773529576,0.0,0.0,2025-06-08 00:00:00+00:00,2025-06-07 00:00:00+00:00,2025-06-08 00:01:00+00:00,71.27,0.037304422963004534,2523.4,2025-06-08 00:02:00+00:00,2025-06-08 09:27:00+00:00,2025-06-08 09:28:00+00:00,target,0.24547054745181762,0.2815953142485421,"simulated minute opens; intrabar exits only known within minute, not actual exchange fills"
1376,1986.0,2859842.0,2860455.0,1.0,0.373,2508.19,2526.37,2419.6887473112524,2526.8824396335813,0.467777435,0.471168005,0.018115045731274246,6.781139999999939,5.8240795142683055,6836.914777083064,6842.738856597332,0.136838749714407,2.0,6824.700671595304,0.0,0.0,2025-06-09 00:00:00+00:00,2025-06-08 00:00:00+00:00,2025-06-09 00:01:00+00:00,71.03,0.03717880122158288,2508.32,2025-06-09 00:02:00+00:00,2025-06-09 10:15:00+00:00,2025-06-09 10:16:00+00:00,target,0.17642862354347272,0.21121101753577598,"simulated minute opens; intrabar exits only known within minute, not actual exchange fills"
1377,1987.0,2861282.0,2861646.0,-1.0,0.418,2679.84,2655.79,2758.405801668805,2655.252318776049,0.56008656,0.55506011,0.0,10.052900000000076,8.937753330000305,6842.738856597332,6851.676609927333,0.1637024506524899,2.0,6823.594746200272,0.0,0.0,2025-06-10 00:00:00+00:00,2025-06-09 00:00:00+00:00,2025-06-10 00:01:00+00:00,70.68,0.03699560284867631,2679.12,2025-06-10 00:02:00+00:00,2025-06-10 06:06:00+00:00,2025-06-10 06:07:00+00:00,target,0.2721563905137455,0.3129565370897749,"simulated minute opens; intrabar exits only known within minute, not actual exchange fills"
1378,1988.0,2862722.0,2862788.0,-1.0,0.34800000000000003,2811.4500000000003,2789.34,2906.2217409705963,2788.7735808657644,0.48919230000000014,0.4853451600000001,0.0,7.694280000000045,6.71974254000088,6851.676609927333,6858.396352467334,0.14279491804712843,2.0,6843.368142907293,0.0,0.0,2025-06-11 00:00:00+00:00,2025-06-10 00:00:00+00:00,2025-06-11 00:01:00+00:00,76.22,0.03989537137982609,2815.74,2025-06-11 00:02:00+00:00,2025-06-11 01:08:00+00:00,2025-06-11 01:09:00+00:00,target,0.20374855207095474,0.2392740589335745,"simulated minute opens; intrabar exits only known within minute, not actual exchange fills"
1379,1989.0,2864162.0,2865398.0,1.0,0.322,2774.19,2670.71,2671.2522655307507,2790.9841283841865,0.44664459,0.42998431,0.13490618541750002,-33.32056000000001,-34.33209508541768,6858.396352467334,6824.064257381916,0.13024752931910036,1.0,6823.867786322376,0.0,0.0,2025-06-12 00:00:00+00:00,2025-06-11 00:00:00+00:00,2025-06-12 00:01:00+00:00,71.92,0.03764464851268817,2770.34,2025-06-12 00:02:00+00:00,2025-06-12 20:38:00+00:00,2025-06-12 20:39:00+00:00,stop,-1.0357855052716518,0.1631484165721891,"simulated minute opens; intrabar exits only known within minute, not actual exchange fills"
1380,1990.0,2865602.0,2865612.0,1.0,0.425,2625.2200000000003,2547.71,2548.221913094893,2660.6779165199655,0.5578592500000001,0.541388375,0.0,-32.94175000000009,-34.04099762499936,6824.064257381916,6790.023259756917,0.16349765446494355,1.0,6787.933650216666,0.0,0.0,2025-06-13 00:00:00+00:00,2025-06-12 00:00:00+00:00,2025-06-13 00:01:00+00:00,70.64,0.0369746658917727,2641.38,2025-06-13 00:02:00+00:00,2025-06-13 00:12:00+00:00,2025-06-13 00:13:00+00:00,stop,-1.040239676327408,0.4605038637344804,"simulated minute opens; intrabar exits only known within minute, not actual exchange fills"
1381,1991.0,2867042.0,2868479.0,1.0,0.357,2572.85,2530.04,2481.0324389083635,2597.8759907639146,0.459253725,0.45161213999999994,0.021719563386249675,-15.28316999999998,-16.21575542838673,6790.023259756917,6773.80750432853,0.13527309331085893,3.0,6759.27582646853,0.0,0.0,2025-06-14 00:00:00+00:00,2025-06-13 00:00:00+00:00,2025-06-14 00:01:00+00:00,74.82,0.03916257788819979,2578.09,2025-06-14 00:02:00+00:00,2025-06-14 23:59:00+00:00,2025-06-14 23:59:00+00:00,scheduled_23_59_exit,-0.49470148818040827,0.27256213807441565,"simulated minute opens; intrabar exits only known within minute, not actual exchange fills"
1382,1992.0,2868482.0,2868824.0,1.0,0.35000000000000003,2530.2400000000002,2548.09,2436.6246455462524,2548.6038441528412,0.4427920000000001,0.44591575000000006,0.0,6.2474999999999685,5.358792250000079,6773.80750432853,6779.16629657853,0.1307365170082119,2.0,6771.21616136103,0.0,0.0,2025-06-15 00:00:00+00:00,2025-06-14 00:00:00+00:00,2025-06-15 00:01:00+00:00,73.18,0.038304162655151845,2529.66,2025-06-15 00:02:00+00:00,2025-06-15 05:44:00+00:00,2025-06-15 05:45:00+00:00,target,0.16355046764860337,0.19616273697830158,"simulated minute opens; intrabar exits only known within minute, not actual exchange fills"
1383,1993.0,2869922.0,2869995.0,-1.0,0.393,2544.48,2521.4500000000003,2627.5058781168336,2520.9433321391753,0.49999032,0.49546492500000006,0.0,9.0507899999999,8.055334755000331,6779.16629657853,6787.22163133353,0.14750790823713733,2.0,6775.98604625853,0.0,0.0,2025-06-16 00:00:00+00:00,2025-06-15 00:00:00+00:00,2025-06-16 00:01:00+00:00,78.15,0.04090557955042521,2546.32,2025-06-16 00:02:00+00:00,2025-06-16 01:15:00+00:00,2025-06-16 01:16:00+00:00,target,0.2468752570271827,0.2834859250474181,"simulated minute opens; intrabar exits only known within minute, not actual exchange fills"
1384,1994.0,2871362.0,2871383.0,1.0,0.382,2531.7400000000002,2562.29,2445.9667397567405,2562.803551321269,0.4835623400000001,0.48939739,0.0,11.670099999999897,10.697140269999181,6787.22163133353,6797.918771603529,0.142491984575135,2.0,6783.85014899353,0.0,0.0,2025-06-17 00:00:00+00:00,2025-06-16 00:00:00+00:00,2025-06-17 00:01:00+00:00,76.2,0.03988490290137429,2543.12,2025-06-17 00:02:00+00:00,2025-06-17 00:23:00+00:00,2025-06-17 00:24:00+00:00,target,0.32647686377525087,0.3621589203111791,"simulated minute opens; intrabar exits only known within minute, not actual exchange fills"
1385,1995.0,2872802.0,2872838.0,1.0,0.337,2512.02,2527.67,2414.116782923164,2528.178785962929,0.42327537000000004,0.42591239500000005,0.0,5.274050000000031,4.424862235000546,6797.918771603529,6802.34363383853,0.12453087017400638,2.0,6795.15334623353,0.0,0.0,2025-06-18 00:00:00+00:00,2025-06-17 00:00:00+00:00,2025-06-18 00:01:00+00:00,75.19,0.03935624473955817,2508.99,2025-06-18 00:02:00+00:00,2025-06-18 00:38:00+00:00,2025-06-18 00:39:00+00:00,target,0.13411362151354914,0.16504856985697713,"simulated minute opens; intrabar exits only known within minute, not actual exchange fills"
1386,1996.0,2874242.0,2875127.0,-1.0,0.419,2522.68,2499.91,2600.6982564899095,2499.4078515738847,0.52850146,0.523731145,-0.05056417509319642,9.540629999999991,8.538961570093306,6802.34363383853,6810.882595408623,0.15538805107432338,2.0,6792.00215237853,0.0,0.0,2025-06-19 00:00:00+00:00,2025-06-18 00:00:00+00:00,2025-06-19 00:01:00+00:00,74.72,0.03911023549594077,2523.49,2025-06-19 00:02:00+00:00,2025-06-19 14:47:00+00:00,2025-06-19 14:48:00+00:00,target,0.2612130049947408,0.2982910599793393,"simulated minute opens; intrabar exits only known within minute, not actual exchange fills"
1387,1997.0,2875682.0,2876122.0,1.0,0.358,2520.04,2538.18,2427.89881614103,2538.695496447998,0.45108716,0.45433421999999996,0.0,6.494119999999954,5.588698620000287,6810.882595408623,6816.471294028624,0.13246070643005606,2.0,6804.229897837244,0.0,0.0,2025-06-20 00:00:00+00:00,2025-06-19 00:00:00+00:00,2025-06-20 00:01:00+00:00,72.64,0.03802151373695313,2520.18,2025-06-20 00:02:00+00:00,2025-06-20 07:22:00+00:00,2025-06-20 07:23:00+00:00,target,0.16942358830438492,0.20246642887236668,"simulated minute opens; intrabar exits only known within minute, not actual exchange fills"
1388,1998.0,2877122.0,2877217.0,1.0,0.384,2404.23,2422.34,2318.447631315342,2422.8258795306665,0.46161216000000005,0.46508928000000005,0.0,6.954240000000049,6.027538559999812,6816.471294028624,6822.498832588623,0.13544021241734922,2.0,6812.554807076944,0.0,0.0,2025-06-21 00:00:00+00:00,2025-06-20 00:00:00+00:00,2025-06-21 00:01:00+00:00,71.49,0.03741957622597438,2405.42,2025-06-21 00:02:00+00:00,2025-06-21 01:37:00+00:00,2025-06-21 01:38:00+00:00,target,0.18298299802960324,0.2167797394243821,"simulated minute opens; intrabar exits only known within minute, not actual exchange fills"
1389,1999.0,2878562.0,2878596.0,1.0,0.343,2302.35,2311.91,2205.7357082907083,2312.376819717012,0.394853025,0.396492565,0.0,3.2790799999999813,2.4877344099995753,6822.498832588623,6824.986566998623,0.11575026531743153,2.0,6806.654853413894,0.0,0.0,2025-06-22 00:00:00+00:00,2025-06-21 00:00:00+00:00,2025-06-22 00:01:00+00:00,76.26,0.039916308336729704,2294.63,2025-06-22 00:02:00+00:00,2025-06-22 00:36:00+00:00,2025-06-22 00:37:00+00:00,target,0.07507036352160348,0.10378195129952841,"simulated minute opens; intrabar exits only known within minute, not actual exchange fills"
1390,2000.0,2880002.0,2880038.0,1.0,0.41300000000000003,2222.33,2242.26,2142.3613277995178,2242.7150665626864,0.458911145,0.4630266900000001,0.0,8.23109000000012,7.3091521650003415,6824.986566998623,6832.295719163623,0.13447972109396025,2.0,6824.075354422574,0.0,0.0,2025-06-23 00:00:00+00:00,2025-06-22 00:00:00+00:00,2025-06-23 00:01:00+00:00,73.43,0.0384350186357994,2226.33,2025-06-23 00:02:00+00:00,2025-06-23 00:38:00+00:00,2025-06-23 00:39:00+00:00,target,0.22130797614886644,0.25491315538641085,"simulated minute opens; intrabar exits only known within minute, not actual exchange fills"
1391,2001.0,2881442.0,2881570.0,-1.0,0.466,2410.2200000000003,2388.67,2480.5617712594512,2388.184636484095,0.5615812600000001,0.55656011,0.0,10.042300000000086,8.92415863000042,6832.295719163623,6841.219877793624,0.16439020882098063,2.0,6828.653877903624,0.0,0.0,2025-06-24 00:00:00+00:00,2025-06-23 00:00:00+00:00,2025-06-24 00:01:00+00:00,71.1,0.037215440896164194,2410.39,2025-06-24 00:02:00+00:00,2025-06-24 02:10:00+00:00,2025-06-24 02:11:00+00:00,target,0.27225011052629516,0.3132614252010998,"simulated minute opens; intrabar exits only known within minute, not actual exchange fills"
1392,2002.0,2882882.0,2883203.0,-1.0,0.463,2446.5,2425.78,2517.2924661655175,2425.2869732302674,0.5663647500000001,0.5615680700000001,0.0,9.593359999999908,8.465427180000006,6841.219877793624,6849.685304973624,0.16557419878826043,2.0,6831.158121510104,0.0,0.0,2025-06-25 00:00:00+00:00,2025-06-24 00:00:00+00:00,2025-06-25 00:01:00+00:00,70.17,0.0367286566481553,2447.58,2025-06-25 00:02:00+00:00,2025-06-25 05:23:00+00:00,2025-06-25 05:24:00+00:00,target,0.2582740931393906,0.29965090805192596,"simulated minute opens; intrabar exits only known within minute, not actual exchange fills"
1393,2003.0,2884322.0,2884408.0,1.0,0.381,2418.1,2433.62,2331.249545488444,2434.109244514704,0.46064805000000003,0.46360461,0.0,5.913119999999993,4.98886734000007,6849.685304973624,6854.674172313624,0.1345019601602774,2.0,6848.326225696614,0.0,0.0,2025-06-26 00:00:00+00:00,2025-06-25 00:00:00+00:00,2025-06-26 00:01:00+00:00,69.32,0.03628374631395361,2417.28,2025-06-26 00:02:00+00:00,2025-06-26 01:28:00+00:00,2025-06-26 01:29:00+00:00,target,0.15076651093700275,0.184331154105522,"simulated minute opens; intrabar exits only known within minute, not actual exchange fills"
1394,2004.0,2885762.0,2885869.0,1.0,0.385,2415.38,2430.86,2329.2258405182665,2431.354657943589,0.46496065000000003,0.46794055000000007,0.0,5.9598000000000075,5.026898800000708,6854.674172313624,6859.7010711136245,0.1356623636110961,2.0,6841.9072932348245,0.0,0.0,2025-06-27 00:00:00+00:00,2025-06-26 00:00:00+00:00,2025-06-27 00:01:00+00:00,68.88,0.03605343978801392,2414.54,2025-06-27 00:02:00+00:00,2025-06-27 01:49:00+00:00,2025-06-27 01:50:00+00:00,target,0.15155252025609,0.18541946250402025,"simulated minute opens; intrabar exits only known within minute, not actual exchange fills"
1395,2005.0,2887202.0,2888639.0,-1.0,0.497,2421.19,2435.4,2487.164248871733,2401.747979564448,0.601665715,0.6051969,-0.05649072596564257,-7.062370000000018,-8.212741889034987,6859.7010711136245,6851.4883292245895,0.17542038895357395,3.0,6846.313416124589,0.0,0.0,2025-06-28 00:00:00+00:00,2025-06-27 00:00:00+00:00,2025-06-28 00:01:00+00:00,65.59,0.03433137508269212,2422.06,2025-06-28 00:02:00+00:00,2025-06-28 23:59:00+00:00,2025-06-28 23:59:00+00:00,scheduled_23_59_exit,-0.25047093146300153,0.29469104640131827,"simulated minute opens; intrabar exits only known within minute, not actual exchange fills"
1396,2006.0,2888642.0,2889904.0,-1.0,0.516,2435.2200000000003,2415.5,2498.5307496682462,2415.007688726498,0.62828676,0.6231990000000001,-0.11099338771397403,10.175520000000132,9.035027627714044,6851.4883292245895,6860.523356852304,0.18340154133229206,2.0,6837.126616010111,0.0,0.0,2025-06-29 00:00:00+00:00,2025-06-28 00:00:00+00:00,2025-06-29 00:01:00+00:00,63.96,0.033478194088870074,2434.8,2025-06-29 00:02:00+00:00,2025-06-29 21:04:00+00:00,2025-06-29 21:05:00+00:00,target,0.2765682535164206,0.31925559844760065,"simulated minute opens; intrabar exits only known within minute, not actual exchange fills"
1397,2007.0,2890082.0,2890485.0,-1.0,0.5,2500.17,2479.09,2565.6245681937503,2478.593590478863,0.6250425000000001,0.6197725000000001,0.0,10.539999999999964,9.295184999999947,6860.523356852304,6869.8185418523035,0.1822142327890208,2.0,6848.834521717304,0.0,0.0,2025-06-30 00:00:00+00:00,2025-06-29 00:00:00+00:00,2025-06-30 00:01:00+00:00,65.08,0.03406442888217111,2499.25,2025-06-30 00:02:00+00:00,2025-06-30 06:45:00+00:00,2025-06-30 06:46:00+00:00,target,0.2840194429970276,0.3296394753880179,"simulated minute opens; intrabar exits only known within minute, not actual exchange fills"
1398,2008.0,2891522.0,2892407.0,1.0,0.40800000000000003,2486.61,2404.9,2405.3873693462624,2500.054637583729,0.50726844,0.4905996000000001,0.015490034608800001,-33.33768000000002,-34.35103807460928,6869.8185418523035,6835.467503777694,0.14768030244456085,1.0,6835.467503777694,0.0,0.0,2025-07-01 00:00:00+00:00,2025-06-30 00:00:00+00:00,2025-07-01 00:01:00+00:00,63.1,0.033028049515442484,2484.3,2025-07-01 00:02:00+00:00,2025-07-01 14:47:00+00:00,2025-07-01 14:48:00+00:00,stop,-1.0365795849438757,0.16552822132842437,"simulated minute opens; intrabar exits only known within minute, not actual exchange fills"
1399,2009.0,2892962.0,2893145.0,1.0,0.43,2405.16,2418.01,2328.6638106830087,2418.495254644698,0.5171093999999999,0.5198721500000001,0.0,5.525500000000156,4.488518450000811,6835.467503777694,6839.956022227695,0.15130183845193146,2.0,6822.226318179294,0.0,0.0,2025-07-02 00:00:00+00:00,2025-07-01 00:00:00+00:00,2025-07-02 00:01:00+00:00,61.62,0.03225338211000897,2403.65,2025-07-02 00:02:00+00:00,2025-07-02 03:05:00+00:00,2025-07-02 03:06:00+00:00,target,0.1364566665765053,0.17432573784085387,"simulated minute opens; intrabar exits only known within minute, not actual exchange fills"
1400,2010.0,2894402.0,2895839.0,-1.0,0.456,2567.82,2590.19,2639.641890927682,2547.51331819066,0.5854629600000001,0.5905633200000001,-0.16791922842698784,-10.20071999999995,-11.20882705157237,6839.956022227695,6828.747195176123,0.17118910066013013,3.0,6809.156913574144,0.0,0.0,2025-07-03 00:00:00+00:00,2025-07-02 00:00:00+00:00,2025-07-03 00:01:00+00:00,66.47,0.0347919881345715,2569.37,2025-07-03 00:02:00+00:00,2025-07-03 23:59:00+00:00,2025-07-03 23:59:00+00:00,scheduled_23_59_exit,-0.34224608626303266,0.2827366635304437,"simulated minute opens; intrabar exits only known within minute, not actual exchange fills"
1401,2011.0,2895842.0,2896129.0,-1.0,0.464,2589.54,2569.0,2659.917800122483,2568.485468435115,0.60077328,0.5960080000000001,0.0,9.530559999999983,8.333778719999827,6828.747195176123,6837.0809738961225,0.1759541722160664,2.0,6822.542000350682,0.0,0.0,2025-07-04 00:00:00+00:00,2025-07-03 00:00:00+00:00,2025-07-04 00:01:00+00:00,65.45,0.034258095733529496,2590.17,2025-07-04 00:02:00+00:00,2025-07-04 04:49:00+00:00,2025-07-04 04:50:00+00:00,target,0.25520448165105136,0.29916438888744024,"simulated minute opens; intrabar exits only known within minute, not actual exchange fills"
1402,2012.0,2897282.0,2897466.0,1.0,0.405,2506.41,2522.66,2425.1103453385667,2523.1716134911953,0.507548025,0.5108386500000001,0.0,6.581250000000001,5.562863324999853,6837.0809738961225,6842.643837221122,0.14846921571875807,2.0,6833.283732529073,0.0,0.0,2025-07-05 00:00:00+00:00,2025-07-04 00:00:00+00:00,2025-07-05 00:01:00+00:00,64.25,0.03362998702642123,2506.86,2025-07-05 00:02:00+00:00,2025-07-05 03:06:00+00:00,2025-07-05 03:07:00+00:00,target,0.16894862662332386,0.20617078339382958,"simulated minute opens; intrabar exits only known within minute, not actual exchange fills"
1403,2013.0,2898722.0,2900010.0,-1.0,0.504,2514.93,2580.25,2579.7265859221557,2495.0509056639185,0.63376236,0.650223,-0.188553708,-32.92128000000008,-34.016711652000595,6842.643837221122,6808.627125569122,0.1852390318936659,1.0,6803.983236456322,0.0,0.0,2025-07-06 00:00:00+00:00,2025-07-05 00:00:00+00:00,2025-07-06 00:01:00+00:00,62.73,0.0328343826640841,2515.25,2025-07-06 00:02:00+00:00,2025-07-06 21:30:00+00:00,2025-07-06 21:31:00+00:00,stop,-1.0416208591774463,0.30679231094001425,"simulated minute opens; intrabar exits only known within minute, not actual exchange fills"
1404,2014.0,2900162.0,2900897.0,-1.0,0.487,2569.4700000000003,2549.0,2636.115358405021,2548.48545433848,0.6256659450000001,0.6206815,-0.125528139015933,9.968890000000124,8.848070694016315,6808.627125569122,6817.475196263138,0.18378622693270244,2.0,6798.460528422622,0.0,0.0,2025-07-07 00:00:00+00:00,2025-07-06 00:00:00+00:00,2025-07-07 00:01:00+00:00,63.38,0.03317460821376775,2569.14,2025-07-07 00:02:00+00:00,2025-07-07 12:17:00+00:00,2025-07-07 12:18:00+00:00,target,0.2726149790544303,0.31486882453226295,"simulated minute opens; intrabar exits only known within minute, not actual exchange fills"
1405,2015.0,2901602.0,2902003.0,1.0,0.405,2541.77,2557.31,2460.780737094843,2557.8251041615745,0.514708425,0.5178552750000001,0.0,6.293699999999986,5.2611362999996345,6817.475196263138,6822.736332563138,0.15099678698710253,2.0,6809.1276551925375,0.0,0.0,2025-07-08 00:00:00+00:00,2025-07-07 00:00:00+00:00,2025-07-08 00:01:00+00:00,63.75,0.03336827506512612,2541.37,2025-07-08 00:02:00+00:00,2025-07-08 06:43:00+00:00,2025-07-08 06:44:00+00:00,target,0.16039731112520028,0.19823744019470754,"simulated minute opens; intrabar exits only known within minute, not actual exchange fills"
1406,2016.0,2903042.0,2903235.0,-1.0,0.466,2611.85,2593.9700000000003,2681.8284294968857,2593.445359159211,0.60856105,0.6043950100000001,0.0,8.33207999999984,7.119123939999554,6822.736332563138,6829.855456503137,0.1783920762394106,2.0,6815.800104717877,0.0,0.0,2025-07-09 00:00:00+00:00,2025-07-08 00:00:00+00:00,2025-07-09 00:01:00+00:00,63.12,0.03303851799389429,2613.97,2025-07-09 00:02:00+00:00,2025-07-09 03:15:00+00:00,2025-07-09 03:16:00+00:00,target,0.21831141552953687,0.26300448542658394,"simulated minute opens; intrabar exits only known within minute, not actual exchange fills"
1407,2017.0,2904482.0,2905757.0,-1.0,0.431,2767.14,2843.4,2842.827515664293,2745.3288365950048,0.59631867,0.6127527,-0.07178880752971421,-32.86806000000009,-34.005342562470105,6829.855456503137,6795.850113940667,0.17462116842669262,1.0,6793.7518766406665,0.0,0.0,2025-07-10 00:00:00+00:00,2025-07-09 00:00:00+00:00,2025-07-10 00:01:00+00:00,65.37,0.034216221819722274,2767.7,2025-07-10 00:02:00+00:00,2025-07-10 21:17:00+00:00,2025-07-10 21:18:00+00:00,stop,-1.0424269570613443,0.2881738581794261,"simulated minute opens; intrabar exits only known within minute, not actual exchange fills"
1408,2018.0,2905922.0,2905938.0,-1.0,0.381,2948.46,2926.8,3034.030099614178,2926.20785243847,0.56168163,0.5575554,0.0,8.252459999999944,7.1332229700001335,6795.850113940667,6802.983336910667,0.1653013590890695,2.0,6792.110892310668,0.0,0.0,2025-07-11 00:00:00+00:00,2025-07-10 00:00:00+00:00,2025-07-11 00:01:00+00:00,67.2,0.03517408759806236,2950.62,2025-07-11 00:02:00+00:00,2025-07-11 00:18:00+00:00,2025-07-11 00:19:00+00:00,target,0.21879570182127298,0.2600458298151021,"simulated minute opens; intrabar exits only known within minute, not actual exchange fills"
1409,2019.0,2907362.0,2907395.0,-1.0,0.389,2958.2000000000003,2932.63,3041.810360893546,2932.0376854427477,0.5753699,0.5703965350000001,0.0,9.946730000000064,8.80096356500053,6802.983336910667,6811.784300475668,0.1691522296925936,2.0,6799.762767010668,0.0,0.0,2025-07-12 00:00:00+00:00,2025-07-11 00:00:00+00:00,2025-07-12 00:01:00+00:00,68.43,0.03581789902284833,2956.93,2025-07-12 00:02:00+00:00,2025-07-12 00:35:00+00:00,2025-07-12 00:36:00+00:00,target,0.2705954711618498,0.3129075664505604,"simulated minute opens; intrabar exits only known within minute, not actual exchange fills"
1410,2020.0,2908802.0,2909104.0,1.0,0.341,2940.87,2961.9500000000003,2844.6003944818676,2962.548230673045,0.501418335,0.5050124750000001,0.0,7.188280000000131,6.1818491899994115,6811.784300475668,6817.966149665667,0.14722084930522122,2.0,6809.267065926168,0.0,0.0,2025-07-13 00:00:00+00:00,2025-07-12 00:00:00+00:00,2025-07-13 00:01:00+00:00,68.03,0.03560852945381224,2941.87,2025-07-13 00:02:00+00:00,2025-07-13 05:04:00+00:00,2025-07-13 05:05:00+00:00,target,0.18831062932509654,0.2251825023731098,"simulated minute opens; intrabar exits only known within minute, not actual exchange fills"
1411,2021.0,2910242.0,2910514.0,-1.0,0.38,2966.78,3053.4500000000003,3052.8394312342148,2946.1510950762076,0.5636882000000001,0.5801555,0.0,-32.934600000000025,-34.07844370000021,6817.966149665667,6783.887705965667,0.16535376903496116,1.0,6783.887705965667,0.0,0.0,2025-07-14 00:00:00+00:00,2025-07-13 00:00:00+00:00,2025-07-14 00:01:00+00:00,66.36,0.03473441150308658,2970.37,2025-07-14 00:02:00+00:00,2025-07-14 04:34:00+00:00,2025-07-14 04:35:00+00:00,stop,-1.0420718997774006,0.23970533650925577,"simulated minute opens; intrabar exits only known within minute, not actual exchange fills"
1412,2022.0,2911682.0,2911728.0,-1.0,0.366,3009.2200000000003,2988.0,3098.079197068307,2987.3993629878923,0.55068726,0.546804,0.0,7.766520000000093,6.669028740000613,6783.887705965667,6790.556734705668,0.1623515258118829,2.0,6778.480198705667,0.0,0.0,2025-07-15 00:00:00+00:00,2025-07-14 00:00:00+00:00,2025-07-15 00:01:00+00:00,67.67,0.03542009684167976,3012.26,2025-07-15 00:02:00+00:00,2025-07-15 00:48:00+00:00,2025-07-15 00:49:00+00:00,target,0.20505913401394701,0.2455641929257382,"simulated minute opens; intrabar exits only known within minute, not actual exchange fills"
1413,2023.0,2913122.0,2913276.0,-1.0,0.331,3130.46,3111.7400000000002,3229.122269236426,3111.108140044783,0.5180911300000001,0.51499297,0.0,6.196319999999934,5.163235899999563,6790.556734705668,6795.719970605667,0.15259165050550347,2.0,6783.277809490447,0.0,0.0,2025-07-16 00:00:00+00:00,2025-07-15 00:00:00+00:00,2025-07-16 00:01:00+00:00,69.08,0.036158124572531966,3137.62,2025-07-16 00:02:00+00:00,2025-07-16 02:36:00+00:00,2025-07-16 02:37:00+00:00,target,0.15810400592569804,0.19614245754721102,"simulated minute opens; intrabar exits only known within minute, not actual exchange fills"
1414,2024.0,2914562.0,2914654.0,-1.0,0.35000000000000003,3372.7000000000003,3343.9,3465.6572847997722,3343.2285457655576,0.5902225000000001,0.5851825000000002,0.0,10.080000000000064,8.904594999999972,6795.719970605667,6804.624565605667,0.1737041851497588,2.0,6786.344748105667,0.0,0.0,2025-07-17 00:00:00+00:00,2025-07-16 00:00:00+00:00,2025-07-17 00:01:00+00:00,66.17,0.03463496095779445,3370.55,2025-07-17 00:02:00+00:00,2025-07-17 01:34:00+00:00,2025-07-17 01:35:00+00:00,target,0.273692374457804,0.31704297622207456,"simulated minute opens; intrabar exits only known within minute, not actual exchange fills"
1415,2025.0,2916002.0,2916073.0,-1.0,0.297,3472.66,3583.61,3582.884144464979,3446.4147323060793,0.5156900099999999,0.532166085,0.0,-32.95215000000008,-34.00000609500057,6804.624565605667,6770.624559510667,0.15157045183846946,1.0,6770.624559510667,0.0,0.0,2025-07-18 00:00:00+00:00,2025-07-17 00:00:00+00:00,2025-07-18 00:01:00+00:00,71.04,0.037184035460808784,3476.65,2025-07-18 00:02:00+00:00,2025-07-18 01:13:00+00:00,2025-07-18 01:14:00+00:00,stop,-1.0385939991248885,0.23810815517156853,"simulated minute opens; intrabar exits only known within minute, not actual exchange fills"
1416,2026.0,2917442.0,2917501.0,-1.0,0.308,3544.12,3517.89,3649.4860459960246,3517.180493043753,0.5457944800000001,0.54175506,0.0,8.078840000000005,6.991290459999618,6770.624559510667,6777.615849970666,0.16122426378917287,2.0,6763.697005030666,0.0,0.0,2025-07-19 00:00:00+00:00,2025-07-18 00:00:00+00:00,2025-07-19 00:01:00+00:00,67.29,0.03522119575109549,3546.36,2025-07-19 00:02:00+00:00,2025-07-19 01:01:00+00:00,2025-07-19 01:02:00+00:00,target,0.21542988336921326,0.2556754094887776,"simulated minute opens; intrabar exits only known within minute, not actual exchange fills"
1417,2027.0,2918882.0,2919400.0,-1.0,0.302,3588.28,3696.76,3696.019379857065,3561.650429304248,0.54183028,0.55821076,-0.110749435903068,-32.760960000000004,-33.750251604096775,6777.615849970666,6743.865598366569,0.159888164804249,1.0,6740.86219141229,0.0,0.0,2025-07-20 00:00:00+00:00,2025-07-19 00:00:00+00:00,2025-07-20 00:01:00+00:00,67.55,0.03535728597096894,3591.31,2025-07-20 00:02:00+00:00,2025-07-20 08:40:00+00:00,2025-07-20 08:41:00+00:00,stop,-1.0372790354077521,0.2471665488615301,"simulated minute opens; intrabar exits only known within minute, not actual exchange fills"
1418,2028.0,2920322.0,2920339.0,-1.0,0.275,3753.5,3724.03,3871.220076819387,3723.283409598358,0.5161062500000001,0.5120541250000001,0.0,8.104249999999945,7.07608962499944,6743.865598366569,6750.941687991569,0.1530594708545218,2.0,6742.592881756569,0.0,0.0,2025-07-21 00:00:00+00:00,2025-07-20 00:00:00+00:00,2025-07-21 00:01:00+00:00,70.58,0.036943260456417285,3755.67,2025-07-21 00:02:00+00:00,2025-07-21 00:19:00+00:00,2025-07-21 00:20:00+00:00,target,0.21857983527717467,0.2566817081507855,"simulated minute opens; intrabar exits only known within minute, not actual exchange fills"
1419,2029.0,2921762.0,2921824.0,-1.0,0.28200000000000003,3760.0,3729.67,3874.716766547755,3728.9157494838178,0.5301600000000001,0.5258834700000001,0.0,8.55305999999998,7.49701653000011,6750.941687991569,6758.438704521569,0.1570625327554043,2.0,6746.235107991569,0.0,0.0,2025-07-22 00:00:00+00:00,2025-07-21 00:00:00+00:00,2025-07-22 00:01:00+00:00,69.6,0.036430305012278875,3760.96,2025-07-22 00:02:00+00:00,2025-07-22 01:04:00+00:00,2025-07-22 01:05:00+00:00,target,0.2317461152370726,0.2709651906309815,"simulated minute opens; intrabar exits only known within minute, not actual exchange fills"
1420,2030.0,2923202.0,2924022.0,1.0,0.274,3740.16,3620.81,3621.536429689541,3773.3670301490165,0.5124019200000001,0.49605097000000004,0.10062920983862801,-32.70189999999998,-33.81098209983884,6758.438704521569,6724.62772242173,0.15163322252436498,1.0,6724.62772242173,0.0,0.0,2025-07-23 00:00:00+00:00,2025-07-22 00:00:00+00:00,2025-07-23 00:01:00+00:00,68.42,0.035812664783622425,3746.01,2025-07-23 00:02:00+00:00,2025-07-23 13:42:00+00:00,2025-07-23 13:43:00+00:00,stop,-1.040246424609957,0.27993618858467967,"simulated minute opens; intrabar exits only known within minute, not actual exchange fills"
1421,2031.0,2924642.0,2924842.0,1.0,0.272,3625.78,3653.1,3506.4949471398795,3653.833100243269,0.4931060800000001,0.49682160000000003,0.0,7.431039999999921,6.441112319999775,6724.62772242173,6731.06883474173,0.14665676684401452,2.0,6720.60930925469,0.0,0.0,2025-07-24 00:00:00+00:00,2025-07-23 00:00:00+00:00,2025-07-24 00:01:00+00:00,68.18,0.03568704304220078,3627.49,2025-07-24 00:02:00+00:00,2025-07-24 03:22:00+00:00,2025-07-24 03:23:00+00:00,target,0.19852076544550906,0.2351769946915763,"simulated minute opens; intrabar exits only known within minute, not actual exchange fills"
1422,2032.0,2926082.0,2926112.0,-1.0,0.28300000000000003,3700.55,3675.89,3814.5356952678126,3675.1456766587785,0.523627825,0.5201384350000001,0.0,6.978780000000088,5.935013739999704,6731.06883474173,6737.00384848173,0.1555853424934085,2.0,6729.21793691673,0.0,0.0,2025-07-25 00:00:00+00:00,2025-07-24 00:00:00+00:00,2025-07-25 00:01:00+00:00,67.47,0.03531541205716172,3706.2,2025-07-25 00:02:00+00:00,2025-07-25 00:32:00+00:00,2025-07-25 00:33:00+00:00,target,0.183986069047745,0.22287290770595006,"simulated minute opens; intrabar exits only known within minute, not actual exchange fills"
1423,2033.0,2927522.0,2928959.0,-1.0,0.28400000000000003,3718.8,3738.12,3832.5206751408036,3692.87465533619,0.5280696,0.53081304,-0.21230562000000003,-5.486879999999918,-6.333457020000424,6737.00384848173,6730.670391461729,0.1567668987213084,3.0,6716.268126749769,0.0,0.0,2025-07-26 00:00:00+00:00,2025-07-25 00:00:00+00:00,2025-07-26 00:01:00+00:00,67.36,0.035257835425676794,3724.17,2025-07-26 00:02:00+00:00,2025-07-26 23:59:00+00:00,2025-07-26 23:59:00+00:00,scheduled_23_59_exit,-0.19610246749229712,0.2279738898112492,"simulated minute opens; intrabar exits only known within minute, not actual exchange fills"
1424,2034.0,2928962.0,2929957.0,-1.0,0.289,3737.51,3850.14,3849.363403689584,3708.88915563314,0.540070195,0.5563452299999999,-0.20699009737145496,-32.5500699999999,-33.43949532762781,6730.670391461729,6697.230896134101,0.16048035740544134,1.0,6697.230896134101,0.0,0.0,2025-07-27 00:00:00+00:00,2025-07-26 00:00:00+00:00,2025-07-27 00:01:00+00:00,67.52,0.035341583253291224,3740.0,2025-07-27 00:02:00+00:00,2025-07-27 16:37:00+00:00,2025-07-27 16:38:00+00:00,stop,-1.0344575352439145,0.2558781710951673,"simulated minute opens; intrabar exits only known within minute, not actual exchange fills"
1425,2035.0,2930402.0,2931205.0,-1.0,0.27,3867.05,3840.06,3985.9627294959023,3839.284122237798,0.5220517500000001,0.5184081,-0.10509048868617002,7.287300000000064,6.351930638686099,6697.230896134101,6703.5828267727875,0.1559007769319551,2.0,6676.798524734001,0.0,0.0,2025-07-28 00:00:00+00:00,2025-07-27 00:00:00+00:00,2025-07-28 00:01:00+00:00,67.96,0.035571889779230925,3871.47,2025-07-28 00:02:00+00:00,2025-07-28 13:25:00+00:00,2025-07-28 13:26:00+00:00,target,0.19783978663933924,0.23349794323877796,"simulated minute opens; intrabar exits only known within minute, not actual exchange fills"
1426,2036.0,2931842.0,2932232.0,1.0,0.28,3787.08,3822.92,3672.1978627970975,3823.6862918238785,0.5301912000000001,0.5352088000000002,0.0,10.035200000000042,8.96979999999985,6703.5828267727875,6712.552626772787,0.15818144228263162,2.0,6686.972073945587,0.0,0.0,2025-07-29 00:00:00+00:00,2025-07-28 00:00:00+00:00,2025-07-29 00:01:00+00:00,67.68,0.03542533108090567,3796.0,2025-07-29 00:02:00+00:00,2025-07-29 06:32:00+00:00,2025-07-29 06:33:00+00:00,target,0.27885101008714624,0.318642155474748,"simulated minute opens; intrabar exits only known within minute, not actual exchange fills"
1427,2037.0,2933282.0,2933441.0,1.0,0.273,3788.04,3817.9300000000003,3669.692608685674,3818.6961836353425,0.51706746,0.5211474450000001,0.0,8.15997000000009,7.121755094999571,6712.552626772787,6719.674381867787,0.15405986030938337,2.0,6702.838529891207,0.0,0.0,2025-07-30 00:00:00+00:00,2025-07-29 00:00:00+00:00,2025-07-30 00:01:00+00:00,66.53,0.03482339356992692,3791.55,2025-07-30 00:02:00+00:00,2025-07-30 02:41:00+00:00,2025-07-30 02:42:00+00:00,target,0.22042746114033313,0.25903556719658427,"simulated minute opens; intrabar exits only known within minute, not actual exchange fills"
1428,2038.0,2934722.0,2935578.0,-1.0,0.28800000000000003,3804.85,3779.0,3916.552739222664,3778.23493945536,0.5478984,0.5441760000000001,-0.11123443780473602,7.444799999999975,6.4639600378041,6719.674381867787,6726.138341905591,0.1630729017103675,2.0,6698.2854784431465,0.0,0.0,2025-07-31 00:00:00+00:00,2025-07-30 00:00:00+00:00,2025-07-31 00:01:00+00:00,65.18,0.034116771274430135,3808.67,2025-07-31 00:02:00+00:00,2025-07-31 14:18:00+00:00,2025-07-31 14:19:00+00:00,target,0.20092887464541162,0.23826685656818664,"simulated minute opens; intrabar exits only known within minute, not actual exchange fills"
1429,2039.0,2936162.0,2936994.0,1.0,0.28300000000000003,3690.2400000000002,3575.07,3575.7916415454993,3723.391991684374,0.5221689600000001,0.5058724050000001,0.011494858007594665,-32.593110000000024,-33.63264622300812,6726.138341905591,6692.505695682583,0.15526560217970886,1.0,6692.505695682583,0.0,0.0,2025-08-01 00:00:00+00:00,2025-07-31 00:00:00+00:00,2025-08-01 00:01:00+00:00,67.3,0.035226429990321384,3696.58,2025-08-01 00:02:00+00:00,2025-08-01 13:54:00+00:00,2025-08-01 13:55:00+00:00,stop,-1.0384008515077692,0.2896676905816274,"simulated minute opens; intrabar exits only known within minute, not actual exchange fills"
1430,2040.0,2937602.0,2937654.0,1.0,0.258,3494.58,3511.87,3369.078625043126,3512.5748774845097,0.45080082,0.45303123,0.0,4.460819999999991,3.5569879499998933,6692.505695682583,6696.062683632583,0.1347180982724653,2.0,6687.655994862583,0.0,0.0,2025-08-02 00:00:00+00:00,2025-08-01 00:00:00+00:00,2025-08-02 00:01:00+00:00,69.77,0.03651928707911921,3486.42,2025-08-02 00:02:00+00:00,2025-08-02 00:54:00+00:00,2025-08-02 00:55:00+00:00,target,0.10985357733918967,0.1433839070742718,"simulated minute opens; intrabar exits only known within minute, not actual exchange fills"
1431,2041.0,2939042.0,2939126.0,1.0,0.248,3407.66,3417.2400000000002,3277.0549618702394,3417.927515189522,0.42254983999999995,0.42373776,0.0,2.3758400000000948,1.5295524000002843,6696.062683632583,6697.592236032583,0.1262084481475519,2.0,6682.787581373863,0.0,0.0,2025-08-03 00:00:00+00:00,2025-08-02 00:00:00+00:00,2025-08-03 00:01:00+00:00,70.19,0.0367391251266071,3392.42,2025-08-03 00:02:00+00:00,2025-08-03 01:26:00+00:00,2025-08-03 01:27:00+00:00,target,0.04722291029748392,0.07861500089545709,"simulated minute opens; intrabar exits only known within minute, not actual exchange fills"
1432,2042.0,2940482.0,2941303.0,-1.0,0.313,3496.31,3599.51,3598.783823809576,3465.426836240791,0.547172515,0.563323315,-0.0123687368343,-32.301600000000086,-33.39972709316589,6697.592236032583,6664.192508939417,0.1633937975669076,1.0,6664.192508939417,0.0,0.0,2025-08-04 00:00:00+00:00,2025-08-03 00:00:00+00:00,2025-08-04 00:01:00+00:00,68.96,0.03609531370182114,3495.0,2025-08-04 00:02:00+00:00,2025-08-04 13:43:00+00:00,2025-08-04 13:44:00+00:00,stop,-1.0413234258457411,0.3013761232975758,"simulated minute opens; intrabar exits only known within minute, not actual exchange fills"
1433,2043.0,2941922.0,2941993.0,-1.0,0.28600000000000003,3714.67,3690.1800000000003,3826.5410966830063,3689.4379206094404,0.5311978100000001,0.5276957400000001,0.0,7.004139999999938,5.945246450000013,6664.192508939417,6670.137755389417,0.15941850697963658,2.0,6662.797591129417,0.0,0.0,2025-08-05 00:00:00+00:00,2025-08-04 00:00:00+00:00,2025-08-05 00:01:00+00:00,66.19,0.034645429436246246,3719.42,2025-08-05 00:02:00+00:00,2025-08-05 01:13:00+00:00,2025-08-05 01:14:00+00:00,target,0.18581720941650312,0.2255460091006019,"simulated minute opens; intrabar exits only known within minute, not actual exchange fills"
1434,2044.0,2943362.0,2943676.0,1.0,0.28,3609.38,3634.81,3494.7655655058243,3635.5430558188004,0.5053132,0.5088734,0.0,7.120399999999955,6.106213399999433,6670.137755389417,6676.243968789417,0.15151507166151437,2.0,6656.6989017094165,0.0,0.0,2025-08-06 00:00:00+00:00,2025-08-05 00:00:00+00:00,2025-08-06 00:01:00+00:00,65.94,0.03451457345559869,3610.19,2025-08-06 00:02:00+00:00,2025-08-06 05:16:00+00:00,2025-08-06 05:17:00+00:00,target,0.19027188936753114,0.2282701645239092,"simulated minute opens; intrabar exits only known within minute, not actual exchange fills"
1435,2045.0,2944802.0,2944974.0,-1.0,0.304,3679.06,3652.98,3784.0280548963556,3652.24121629214,0.55921712,0.55525296,0.0,7.928319999999978,6.8138499200003935,6676.243968789417,6683.057818709417,0.16752447112905647,2.0,6664.637324512777,0.0,0.0,2025-08-07 00:00:00+00:00,2025-08-06 00:00:00+00:00,2025-08-07 00:01:00+00:00,64.68,0.033855059313135025,3681.21,2025-08-07 00:02:00+00:00,2025-08-07 02:54:00+00:00,2025-08-07 02:55:00+00:00,target,0.2135314408000856,0.25549471917280436,"simulated minute opens; intrabar exits only known within minute, not actual exchange fills"
1436,2046.0,2946242.0,2946358.0,-1.0,0.262,3896.92,3878.26,4019.408440721457,3877.4762699479165,0.51049652,0.50805206,0.0,4.888919999999962,3.870371420000083,6683.057818709417,6686.928190129417,0.15277333635236554,2.0,6672.488426164377,0.0,0.0,2025-08-08 00:00:00+00:00,2025-08-07 00:00:00+00:00,2025-08-08 00:01:00+00:00,65.44,0.03425286149430359,3908.4,2025-08-08 00:02:00+00:00,2025-08-08 01:58:00+00:00,2025-08-08 01:59:00+00:00,target,0.12060248226682323,0.1587393058280438,"simulated minute opens; intrabar exits only known within minute, not actual exchange fills"
1437,2047.0,2947682.0,2947985.0,-1.0,0.274,4010.12,4127.75,4126.9195913550375,3976.168174939156,0.54938644,0.56550175,0.0,-32.23062000000003,-33.34550818999924,6686.928190129417,6653.582681939418,0.16431653649607006,1.0,6650.927811703597,0.0,0.0,2025-08-09 00:00:00+00:00,2025-08-08 00:00:00+00:00,2025-08-09 00:01:00+00:00,67.97,0.03557712401845683,4009.05,2025-08-09 00:02:00+00:00,2025-08-09 05:05:00+00:00,2025-08-09 05:06:00+00:00,stop,-1.0419465820737934,0.290684450749832,"simulated minute opens; intrabar exits only known within minute, not actual exchange fills"
1438,2048.0,2949122.0,2949168.0,1.0,0.214,4266.06,4290.71,4116.216256996767,4291.578158617204,0.45646842000000004,0.45910597000000003,0.0,5.275099999999922,4.359525609999764,6653.582681939418,6657.942207549418,0.13720981366596513,2.0,6649.169353519417,0.0,0.0,2025-08-10 00:00:00+00:00,2025-08-09 00:00:00+00:00,2025-08-10 00:01:00+00:00,70.64,0.0369746658917727,4259.1,2025-08-10 00:02:00+00:00,2025-08-10 00:48:00+00:00,2025-08-10 00:49:00+00:00,target,0.13595239008117463,0.17029845962038737,"simulated minute opens; intrabar exits only known within minute, not actual exchange fills"
1439,2049.0,2950562.0,2950591.0,1.0,0.241,4243.67,4279.3,4110.889287545555,4280.1565317960685,0.511362235,0.51565565,0.0,8.586830000000026,7.559812114999659,6657.942207549418,6665.502019664417,0.15360969472524652,2.0,6655.946285314418,0.0,0.0,2025-08-11 00:00:00+00:00,2025-08-10 00:00:00+00:00,2025-08-11 00:01:00+00:00,68.38,0.035791727826718814,4248.77,2025-08-11 00:02:00+00:00,2025-08-11 00:31:00+00:00,2025-08-11 00:32:00+00:00,target,0.23624300864299547,0.27478788990973646,"simulated minute opens; intrabar exits only known within minute, not actual exchange fills"
1440,2050.0,2952002.0,2952019.0,1.0,0.22,4229.05,4252.0,4082.684075535184,4252.854147147636,0.46519550000000004,0.46772,0.0,5.04899999999996,4.116084500000397,6665.502019664417,6669.618104164418,0.139583034744447,2.0,6664.390657304617,0.0,0.0,2025-08-12 00:00:00+00:00,2025-08-11 00:00:00+00:00,2025-08-12 00:01:00+00:00,69.21,0.03622616968246869,4221.31,2025-08-12 00:02:00+00:00,2025-08-12 00:19:00+00:00,2025-08-12 00:20:00+00:00,target,0.12782671286648586,0.16263448773800826,"simulated minute opens; intrabar exits only known within minute, not actual exchange fills"
1441,2051.0,2953442.0,2953475.0,1.0,0.217,4585.53,4623.35,4437.77014530529,4624.283219236659,0.497530005,0.501633475,0.0,8.206940000000134,7.207776520000152,6669.618104164418,6676.825880684418,0.14919295144930383,2.0,6668.918764159418,0.0,0.0,2025-08-13 00:00:00+00:00,2025-08-12 00:00:00+00:00,2025-08-13 00:01:00+00:00,69.79,0.03652975555757102,4589.31,2025-08-13 00:02:00+00:00,2025-08-13 00:35:00+00:00,2025-08-13 00:36:00+00:00,target,0.22479421131421717,0.262271638779882,"simulated minute opens; intrabar exits only known within minute, not actual exchange fills"
1442,2052.0,2954882.0,2955138.0,1.0,0.21,4742.38,4784.33,4589.350401501188,4785.295055442273,0.4979499,0.50235465,0.0,8.80949999999996,7.809195449999606,6676.825880684418,6684.635076134417,0.14915767129423987,2.0,6668.859673923318,0.0,0.0,2025-08-14 00:00:00+00:00,2025-08-13 00:00:00+00:00,2025-08-14 00:01:00+00:00,70.88,0.03710028763319435,4748.37,2025-08-14 00:02:00+00:00,2025-08-14 04:18:00+00:00,2025-08-14 04:19:00+00:00,target,0.24300295736766708,0.28043630685344934,"simulated minute opens; intrabar exits only known within minute, not actual exchange fills"
1443,2053.0,2956322.0,2956365.0,1.0,0.195,4557.02,4579.84,4391.506092054057,4580.758773671979,0.4443094500000001,0.4465344,0.0,4.449899999999944,3.5590561499993782,6684.635076134417,6688.194132284417,0.13293454165846097,2.0,6680.097060259817,0.0,0.0,2025-08-15 00:00:00+00:00,2025-08-14 00:00:00+00:00,2025-08-15 00:01:00+00:00,71.24,0.037288720245326826,4545.26,2025-08-15 00:02:00+00:00,2025-08-15 00:45:00+00:00,2025-08-15 00:46:00+00:00,target,0.11027212290799013,0.1434246461012295,"simulated minute opens; intrabar exits only known within minute, not actual exchange fills"
1444,2054.0,2957762.0,2957803.0,1.0,0.22,4433.57,4471.22,4286.895475476051,4472.120615454116,0.4876927,0.4918342,0.0,8.28300000000012,7.303473100000701,6688.194132284417,6695.4976053844175,0.14583688522014351,2.0,6686.9516914320175,0.0,0.0,2025-08-16 00:00:00+00:00,2025-08-15 00:00:00+00:00,2025-08-16 00:01:00+00:00,71.64,0.037498089814362916,4437.16,2025-08-16 00:02:00+00:00,2025-08-16 00:43:00+00:00,2025-08-16 00:44:00+00:00,target,0.22633518061674496,0.26283102385528256,"simulated minute opens; intrabar exits only known within minute, not actual exchange fills"
1445,2055.0,2959202.0,2959434.0,1.0,0.219,4418.68,4454.18,4271.077871667402,4455.074678280613,0.48384546000000006,0.48773271000000007,0.0,7.7745,6.802921829999832,6695.4976053844175,6702.300527214417,0.14452860370255347,2.0,6689.412339708477,0.0,0.0,2025-08-17 00:00:00+00:00,2025-08-16 00:00:00+00:00,2025-08-17 00:01:00+00:00,71.72,0.037539963728170124,4420.22,2025-08-17 00:02:00+00:00,2025-08-17 03:54:00+00:00,2025-08-17 03:55:00+00:00,target,0.210454756655015,0.2465728556339158,"simulated minute opens; intrabar exits only known within minute, not actual exchange fills"
1446,2056.0,2960642.0,2960811.0,1.0,0.20500000000000002,4475.26,4316.71,4317.583047740357,4506.444296765922,0.4587141500000001,0.44246277500000003,0.0,-32.50275000000004,-33.40392692499972,6702.300527214417,6668.896600289418,0.13688259669568978,1.0,6668.896600289418,0.0,0.0,2025-08-18 00:00:00+00:00,2025-08-17 00:00:00+00:00,2025-08-18 00:01:00+00:00,72.82,0.03811573004301936,4470.66,2025-08-18 00:02:00+00:00,2025-08-18 02:51:00+00:00,2025-08-18 02:52:00+00:00,stop,-1.033416632328604,0.1977733354115807,"simulated minute opens; intrabar exits only known within minute, not actual exchange fills"
1447,2057.0,2962082.0,2962141.0,1.0,0.228,4308.35,4344.0,4167.585311903159,4344.87488239345,0.4911519000000001,0.49521600000000005,0.0,8.128199999999918,7.1418321000001015,6668.896600289418,6676.038432389418,0.14729630085393286,2.0,6658.761048389418,0.0,0.0,2025-08-19 00:00:00+00:00,2025-08-18 00:00:00+00:00,2025-08-19 00:01:00+00:00,70.58,0.036943260456417285,4311.73,2025-08-19 00:02:00+00:00,2025-08-19 01:01:00+00:00,2025-08-19 01:02:00+00:00,target,0.22252615640685897,0.25947475099949746,"simulated minute opens; intrabar exits only known within minute, not actual exchange fills"
1448,2058.0,2963522.0,2963560.0,1.0,0.20800000000000002,4087.44,4105.2,3932.3376597661204,4106.026449274526,0.42509376000000004,0.4269408,0.0,3.694079999999951,2.84204544000022,6676.038432389418,6678.880477829418,0.1273491051032955,2.0,6672.900779591658,0.0,0.0,2025-08-20 00:00:00+00:00,2025-08-19 00:00:00+00:00,2025-08-20 00:01:00+00:00,72.92,0.03816807243527839,4073.94,2025-08-20 00:02:00+00:00,2025-08-20 00:40:00+00:00,2025-08-20 00:41:00+00:00,target,0.08809460888467267,0.11983345477895255,"simulated minute opens; intrabar exits only known within minute, not actual exchange fills"
1449,2059.0,2964962.0,2966399.0,1.0,0.228,4330.86,4221.01,4190.014910251828,4367.846163362996,0.49371803999999997,0.48119514,0.083316868308,-25.045799999999875,-26.104030048308232,6678.880477829418,6652.77644778111,0.1478445501873854,3.0,6649.083932363429,0.0,0.0,2025-08-21 00:00:00+00:00,2025-08-20 00:00:00+00:00,2025-08-21 00:01:00+00:00,70.55,0.03692755773873958,4334.5,2025-08-21 00:02:00+00:00,2025-08-21 23:59:00+00:00,2025-08-21 23:59:00+00:00,scheduled_23_59_exit,-0.8128885434750291,0.2626017238451604,"simulated minute opens; intrabar exits only known within minute, not actual exchange fills"
1450,2060.0,2966402.0,2966503.0,1.0,0.219,4232.97,4255.0,4086.203785913745,4255.858017758303,0.463510215,0.4659225,0.0,4.8245699999999445,3.895137285000601,6652.77644778111,6656.67158506611,0.1393433910302499,2.0,6649.60159788042,0.0,0.0,2025-08-22 00:00:00+00:00,2025-08-21 00:00:00+00:00,2025-08-22 00:01:00+00:00,69.99,0.036634440342089056,4223.7,2025-08-22 00:02:00+00:00,2025-08-22 01:43:00+00:00,2025-08-22 01:44:00+00:00,target,0.12118603120436017,0.1559488190166909,"simulated minute opens; intrabar exits only known within minute, not actual exchange fills"
1451,2061.0,2967842.0,2967992.0,1.0,0.241,4814.06,4681.05,4681.995369422261,4867.612719625188,0.58009423,0.564066525,0.0,-32.05541000000005,-33.19957075500042,6656.67158506611,6623.47201431111,0.17428957477830534,1.0,6623.47201431111,0.0,0.0,2025-08-23 00:00:00+00:00,2025-08-22 00:00:00+00:00,2025-08-23 00:01:00+00:00,69.41,0.03633085446698673,4830.37,2025-08-23 00:02:00+00:00,2025-08-23 02:32:00+00:00,2025-08-23 02:33:00+00:00,stop,-1.043107108976552,0.40550387632867624,"simulated minute opens; intrabar exits only known within minute, not actual exchange fills"
1452,2062.0,2969282.0,2969324.0,1.0,0.209,4785.1,4812.77,4633.020068397905,4813.742506454209,0.50004295,0.502934465,0.0,5.783030000000015,4.780052585000703,6623.47201431111,6628.252066896111,0.1509911867732133,2.0,6620.49801162792,0.0,0.0,2025-08-24 00:00:00+00:00,2025-08-23 00:00:00+00:00,2025-08-24 00:01:00+00:00,68.79,0.03600633163498081,4777.26,2025-08-24 00:02:00+00:00,2025-08-24 00:44:00+00:00,2025-08-24 00:45:00+00:00,target,0.1503884487523546,0.18833850168442848,"simulated minute opens; intrabar exits only known within minute, not actual exchange fills"
1453,2063.0,2970722.0,2971126.0,1.0,0.212,4780.27,4629.05,4629.981123628022,4815.851360043037,0.50670862,0.49067930000000004,0.0,-32.058640000000054,-33.056027919999906,6628.252066896111,6595.196038976111,0.15289358789798785,1.0,6595.163543772991,0.0,0.0,2025-08-25 00:00:00+00:00,2025-08-24 00:00:00+00:00,2025-08-25 00:01:00+00:00,70.71,0.037011305566354014,4778.32,2025-08-25 00:02:00+00:00,2025-08-25 06:46:00+00:00,2025-08-25 06:47:00+00:00,stop,-1.0374996723914023,0.2367531177421905,"simulated minute opens; intrabar exits only known within minute, not actual exchange fills"
1454,2064.0,2972162.0,2972267.0,1.0,0.214,4378.3,4409.49,4230.055453082162,4410.380867074043,0.4684781,0.47181543,0.0,6.674659999999914,5.734366470000168,6595.196038976111,6600.930405446111,0.1420664669348419,2.0,6580.3745808761105,0.0,0.0,2025-08-26 00:00:00+00:00,2025-08-25 00:00:00+00:00,2025-08-26 00:01:00+00:00,74.6,0.03904742462522994,4374.25,2025-08-26 00:02:00+00:00,2025-08-26 01:47:00+00:00,2025-08-26 01:48:00+00:00,target,0.180756092261876,0.21640503978755285,"simulated minute opens; intrabar exits only known within minute, not actual exchange fills"
1455,2065.0,2973602.0,2973847.0,1.0,0.227,4587.3,4635.68,4447.465007525314,4636.616877792022,0.52065855,0.5261496800000001,0.0,10.982260000000025,9.935451770000327,6600.930405446111,6610.865857216111,0.15775307964781135,2.0,6589.41613689611,0.0,0.0,2025-08-27 00:00:00+00:00,2025-08-26 00:00:00+00:00,2025-08-27 00:01:00+00:00,74.72,0.03911023549594077,4598.49,2025-08-27 00:02:00+00:00,2025-08-27 04:07:00+00:00,2025-08-27 04:08:00+00:00,target,0.31300112529361823,0.3526790892554985,"simulated minute opens; intrabar exits only known within minute, not actual exchange fills"
1456,2066.0,2975042.0,2975250.0,1.0,0.219,4507.4400000000005,4539.75,4362.45478985705,4540.662589300078,0.4935646800000001,0.497102625,0.0,7.075889999999888,6.085222694999175,6610.865857216111,6616.95107991111,0.14931922403515357,2.0,6601.478702536111,0.0,0.0,2025-08-28 00:00:00+00:00,2025-08-27 00:00:00+00:00,2025-08-28 00:01:00+00:00,71.73,0.037545197967396034,4504.84,2025-08-28 00:02:00+00:00,2025-08-28 03:30:00+00:00,2025-08-28 03:31:00+00:00,target,0.19164992741397394,0.2291446780490326,"simulated minute opens; intrabar exits only known within minute, not actual exchange fills"
1457,2067.0,2976482.0,2976525.0,-1.0,0.224,4509.81,4474.74,4651.60431285061,4473.845018577797,0.5050987200000001,0.50117088,0.0,7.855680000000139,6.849410400000124,6616.95107991111,6623.8004903111105,0.1526681137279272,2.0,6615.64453665127,0.0,0.0,2025-08-29 00:00:00+00:00,2025-08-28 00:00:00+00:00,2025-08-29 00:01:00+00:00,70.42,0.036859512628802854,4509.1,2025-08-29 00:02:00+00:00,2025-08-29 00:45:00+00:00,2025-08-29 00:46:00+00:00,target,0.21564845856840814,0.25364191764231536,"simulated minute opens; intrabar exits only known within minute, not actual exchange fills"
1458,2068.0,2977922.0,2978254.0,1.0,0.254,4347.76,4391.83,4222.699582876628,4392.711252515224,0.5521655200000001,0.55776241,0.0,11.193779999999926,10.08385206999992,6623.8004903111105,6633.88434238111,0.16672166403794134,2.0,6600.14714932985,0.0,0.0,2025-08-30 00:00:00+00:00,2025-08-29 00:00:00+00:00,2025-08-30 00:01:00+00:00,70.74,0.037027008284031715,4358.65,2025-08-30 00:02:00+00:00,2025-08-30 05:34:00+00:00,2025-08-30 05:35:00+00:00,target,0.3174482055408088,0.3594362912677593,"simulated minute opens; intrabar exits only known within minute, not actual exchange fills"
1459,2069.0,2979362.0,2980799.0,-1.0,0.233,4373.12,4387.58,4509.928078460042,4337.618704332,0.50946848,0.51115307,-0.04541192720944773,-3.3691800000000085,-4.344389622790914,6633.88434238111,6629.5399527583195,0.15359582823752868,3.0,6604.808288999993,0.0,0.0,2025-08-31 00:00:00+00:00,2025-08-30 00:00:00+00:00,2025-08-31 00:01:00+00:00,70.7,0.03700607132712812,4372.0,2025-08-31 00:02:00+00:00,2025-08-31 23:59:00+00:00,2025-08-31 23:59:00+00:00,scheduled_23_59_exit,-0.13628909370508763,0.2594970711350873,"simulated minute opens; intrabar exits only known within minute, not actual exchange fills"
1460,2070.0,2980802.0,2981752.0,-1.0,0.232,4388.12,4356.56,4525.033964009447,4355.682844439238,0.50902192,0.5053609600000001,0.013454900643725839,7.321919999999882,6.294082219355914,6629.5399527583195,6635.834034977675,0.1535617625437837,2.0,6605.469475937676,0.0,0.0,2025-09-01 00:00:00+00:00,2025-08-31 00:00:00+00:00,2025-09-01 00:01:00+00:00,69.67,0.03646694468686019,4389.58,2025-09-01 00:02:00+00:00,2025-09-01 15:52:00+00:00,2025-09-01 15:53:00+00:00,target,0.19815118884974434,0.23691634228429775,"simulated minute opens; intrabar exits only known within minute, not actual exchange fills"
1461,2071.0,2982242.0,2982396.0,1.0,0.23500000000000001,4315.25,4345.57,4179.58575290321,4346.444619884147,0.507041875,0.510604475,0.0,7.125199999999932,6.107553650000227,6635.834034977675,6641.941588627676,0.15281933584455773,2.0,6629.456693102676,0.0,0.0,2025-09-02 00:00:00+00:00,2025-09-01 00:00:00+00:00,2025-09-02 00:01:00+00:00,70.65,0.036979900130998604,4313.0,2025-09-02 00:02:00+00:00,2025-09-02 02:36:00+00:00,2025-09-02 02:37:00+00:00,target,0.19157287609799387,0.22993987400299426,"simulated minute opens; intrabar exits only known within minute, not actual exchange fills"
1462,2072.0,2983682.0,2983755.0,-1.0,0.233,4324.12,4291.34,4460.759117507772,4290.477416600302,0.5037599800000001,0.49994111,0.0,7.637739999999941,6.634038910000527,6641.941588627676,6648.575627537676,0.15169057820759438,2.0,6639.8813886476755,0.0,0.0,2025-09-03 00:00:00+00:00,2025-09-02 00:00:00+00:00,2025-09-03 00:01:00+00:00,71.12,0.037225909374616006,4324.59,2025-09-03 00:02:00+00:00,2025-09-03 01:15:00+00:00,2025-09-03 01:16:00+00:00,target,0.20837568713353755,0.24621487618861787,"simulated minute opens; intrabar exits only known within minute, not actual exchange fills"
1463,2073.0,2985122.0,2986031.0,1.0,0.232,4448.91,4310.04,4310.909153785401,4482.7485319165335,0.51607356,0.49996464,-0.020392906070400004,-32.217839999999974,-33.21348529392981,6648.575627537676,6615.362142243746,0.1552433450143756,1.0,6615.362142243746,0.0,0.0,2025-09-04 00:00:00+00:00,2025-09-03 00:00:00+00:00,2025-09-04 00:01:00+00:00,70.59,0.036948494695643194,4448.22,2025-09-04 00:02:00+00:00,2025-09-04 15:11:00+00:00,2025-09-04 15:12:00+00:00,stop,-1.0373963527743653,0.2452052494222597,"simulated minute opens; intrabar exits only known within minute, not actual exchange fills"
1464,2074.0,2986562.0,2986663.0,1.0,0.229,4301.65,4328.07,4162.7977094013,4328.938183646041,0.492538925,0.49556401499999997,0.0,6.050180000000017,5.062077059999865,6615.362142243746,6620.424219303746,0.14890762271495073,2.0,6612.055193318746,0.0,0.0,2025-09-05 00:00:00+00:00,2025-09-04 00:00:00+00:00,2025-09-05 00:01:00+00:00,70.48,0.03689091806415827,4295.68,2025-09-05 00:02:00+00:00,2025-09-05 01:43:00+00:00,2025-09-05 01:44:00+00:00,target,0.15919895814960713,0.19652670855036414,"simulated minute opens; intrabar exits only known within minute, not actual exchange fills"
1465,2075.0,2988002.0,2988910.0,-1.0,0.248,4306.13,4274.29,4434.300977979256,4273.4272065931655,0.5339601199999999,0.5300119600000001,-0.042289044513453694,7.896320000000036,6.874636964513229,6620.424219303746,6627.298856268259,0.16130692001370125,2.0,6614.6803395868665,0.0,0.0,2025-09-06 00:00:00+00:00,2025-09-05 00:00:00+00:00,2025-09-06 00:01:00+00:00,67.53,0.035346817492517134,4305.71,2025-09-06 00:02:00+00:00,2025-09-06 15:10:00+00:00,2025-09-06 15:11:00+00:00,target,0.2162760304853545,0.2551497532626116,"simulated minute opens; intrabar exits only known within minute, not actual exchange fills"
1466,2076.0,2989442.0,2989898.0,1.0,0.252,4271.83,4302.31,4145.8945945177975,4303.177740887724,0.53825058,0.5420910600000001,0.0,7.680960000000119,6.600618360000226,6627.298856268259,6633.89947462826,0.1624343768625764,2.0,6626.0844486651795,0.0,0.0,2025-09-07 00:00:00+00:00,2025-09-06 00:00:00+00:00,2025-09-07 00:01:00+00:00,67.41,0.0352840066218063,4271.69,2025-09-07 00:02:00+00:00,2025-09-07 07:38:00+00:00,2025-09-07 07:39:00+00:00,target,0.20798702239222597,0.24891920399743692,"simulated minute opens; intrabar exits only known within minute, not actual exchange fills"
1467,2077.0,2990882.0,2991528.0,1.0,0.258,4300.86,4334.5,4177.773973808714,4335.368548283508,0.55481094,0.5591505,0.022832738542799998,8.679120000000085,7.54232582145778,6633.89947462826,6641.441800449717,0.1672654046453092,2.0,6627.06096068942,0.0,0.0,2025-09-08 00:00:00+00:00,2025-09-07 00:00:00+00:00,2025-09-08 00:01:00+00:00,67.1,0.035121745205803336,4303.84,2025-09-08 00:02:00+00:00,2025-09-08 10:48:00+00:00,2025-09-08 10:49:00+00:00,target,0.23750722903321692,0.2803612185015972,"simulated minute opens; intrabar exits only known within minute, not actual exchange fills"
1468,2078.0,2992322.0,2992692.0,1.0,0.259,4304.26,4333.6900000000005,4181.492503769576,4334.564281795768,0.5574016700000001,0.5612128550000001,0.0,7.622370000000076,6.503755474999707,6641.441800449717,6647.945555924717,0.16785562133880516,2.0,6633.315503245797,0.0,0.0,2025-09-09 00:00:00+00:00,2025-09-08 00:00:00+00:00,2025-09-09 00:01:00+00:00,65.13,0.03409060007830062,4303.98,2025-09-09 00:02:00+00:00,2025-09-09 06:12:00+00:00,2025-09-09 06:13:00+00:00,target,0.2045413140369625,0.24684287556772289,"simulated minute opens; intrabar exits only known within minute, not actual exchange fills"
1469,2079.0,2993762.0,2994501.0,1.0,0.255,4311.6900000000005,4338.03,4186.601611844249,4338.902524653877,0.5497404750000001,0.5530988250000001,0.09734089221923724,6.716699999999805,5.5165198077802415,6647.945555924717,6653.462075732497,0.16538657555944203,2.0,6640.205512252517,0.0,0.0,2025-09-10 00:00:00+00:00,2025-09-09 00:00:00+00:00,2025-09-10 00:01:00+00:00,65.15,0.03410106855675243,4308.4,2025-09-10 00:02:00+00:00,2025-09-10 12:21:00+00:00,2025-09-10 12:22:00+00:00,target,0.17294499777202768,0.21754636905220298,"simulated minute opens; intrabar exits only known within minute, not actual exchange fills"
1470,2080.0,2995202.0,2995272.0,1.0,0.264,4345.8,4377.61,4224.962955014102,4378.490574367416,0.5736456000000001,0.57784452,0.0,8.397839999999865,7.246349879999798,6653.462075732497,6660.708425612497,0.17243522048236695,2.0,6650.5729751559375,0.0,0.0,2025-09-11 00:00:00+00:00,2025-09-10 00:00:00+00:00,2025-09-11 00:01:00+00:00,65.1,0.034074897360622906,4347.83,2025-09-11 00:02:00+00:00,2025-09-11 01:12:00+00:00,2025-09-11 01:13:00+00:00,target,0.2271513260126678,0.2705343743818875,"simulated minute opens; intrabar exits only known within minute, not actual exchange fills"
1471,2081.0,2996642.0,2996684.0,1.0,0.244,4463.56,4486.900000000001,4332.772463321995,4487.805690503369,0.54455432,0.5474018000000002,0.0,5.6949600000000355,4.60300387999996,6660.708425612497,6665.311429492497,0.16351243297365164,2.0,6656.486969700417,0.0,0.0,2025-09-12 00:00:00+00:00,2025-09-11 00:00:00+00:00,2025-09-12 00:01:00+00:00,64.15,0.03357764463416221,4456.86,2025-09-12 00:02:00+00:00,2025-09-12 00:44:00+00:00,2025-09-12 00:45:00+00:00,target,0.14423981427560856,0.1853822705068662,"simulated minute opens; intrabar exits only known within minute, not actual exchange fills"
1472,2082.0,2998082.0,2998301.0,1.0,0.265,4703.02,4742.7300000000005,4583.292289822795,4743.68439038866,0.6231501500000001,0.6284117250000001,0.0,10.52315000000001,9.271588125000562,6665.311429492497,6674.583017617498,0.18698305595825618,2.0,6661.513579342497,0.0,0.0,2025-09-13 00:00:00+00:00,2025-09-12 00:00:00+00:00,2025-09-13 00:01:00+00:00,63.78,0.03338397778280383,4710.83,2025-09-13 00:02:00+00:00,2025-09-13 03:41:00+00:00,2025-09-13 03:42:00+00:00,target,0.2922224516631847,0.33964059221105686,"simulated minute opens; intrabar exits only known within minute, not actual exchange fills"
1473,2083.0,2999522.0,3000959.0,1.0,0.264,4664.35,4602.900000000001,4543.840261689578,4696.282498243553,0.6156942000000001,0.6075828000000002,0.1691026488367449,-16.222799999999953,-17.615179648835692,6674.583017617498,6656.967837968662,0.1844891878263799,3.0,6650.458753375354,0.0,0.0,2025-09-14 00:00:00+00:00,2025-09-13 00:00:00+00:00,2025-09-14 00:01:00+00:00,61.8,0.03234759841607521,4664.74,2025-09-14 00:02:00+00:00,2025-09-14 23:59:00+00:00,2025-09-14 23:59:00+00:00,scheduled_23_59_exit,-0.5536827668202503,0.2649785709541381,"simulated minute opens; intrabar exits only known within minute, not actual exchange fills"
1474,2084.0,3000962.0,3001148.0,1.0,0.261,4606.72,4632.13,4484.686823955475,4633.064089072505,0.60117696,0.604492965,0.0,6.632009999999962,5.4263400749996435,6656.967837968662,6662.394178043662,0.1806158523317865,2.0,6648.991141926862,0.0,0.0,2025-09-15 00:00:00+00:00,2025-09-14 00:00:00+00:00,2025-09-15 00:01:00+00:00,61.68,0.03228478754536438,4602.0,2025-09-15 00:02:00+00:00,2025-09-15 03:08:00+00:00,2025-09-15 03:09:00+00:00,target,0.1703682201339492,0.21587645201410768,"simulated minute opens; intrabar exits only known within minute, not actual exchange fills"
1475,2085.0,3002402.0,3003839.0,1.0,0.276,4519.47,4497.95,4404.535547352848,4552.58404796372,0.6236868600000002,0.6207171000000001,0.08145282719159999,-5.939520000000121,-7.265376787191599,6662.394178043662,6655.12880125647,0.1872260461728306,3.0,6635.102225226417,0.0,0.0,2025-09-16 00:00:00+00:00,2025-09-15 00:00:00+00:00,2025-09-16 00:01:00+00:00,62.78,0.032860553860213616,4521.54,2025-09-16 00:02:00+00:00,2025-09-16 23:59:00+00:00,2025-09-16 23:59:00+00:00,scheduled_23_59_exit,-0.22903340410828688,0.2881124606333624,"simulated minute opens; intrabar exits only known within minute, not actual exchange fills"
1476,2086.0,3003842.0,3003998.0,1.0,0.268,4501.99,4529.75,4383.437182410191,4530.660834254852,0.6032666600000001,0.6069865000000001,0.0,7.439680000000059,6.229426840000087,6655.12880125647,6661.35822809647,0.18129375944943543,2.0,6651.75524300859,0.0,0.0,2025-09-17 00:00:00+00:00,2025-09-16 00:00:00+00:00,2025-09-17 00:01:00+00:00,63.5,0.033237419084478574,4499.41,2025-09-17 00:02:00+00:00,2025-09-17 02:38:00+00:00,2025-09-17 02:39:00+00:00,target,0.19606560579964188,0.24184017586197304,"simulated minute opens; intrabar exits only known within minute, not actual exchange fills"
1477,2087.0,3005282.0,3005372.0,1.0,0.266,4589.9400000000005,4619.36,4470.2000719962225,4620.292705175864,0.61046202,0.61437488,0.0,7.8257199999997775,6.60088309999901,6661.35822809647,6667.959111196469,0.18328454921555656,2.0,6657.660675239569,0.0,0.0,2025-09-18 00:00:00+00:00,2025-09-17 00:00:00+00:00,2025-09-18 00:01:00+00:00,63.67,0.03332640115131891,4588.3,2025-09-18 00:02:00+00:00,2025-09-18 01:32:00+00:00,2025-09-18 01:33:00+00:00,target,0.20724373576718125,0.2534885871562082,"simulated minute opens; intrabar exits only known within minute, not actual exchange fills"
1478,2088.0,3006722.0,3006809.0,1.0,0.262,4592.17,4614.78,4470.777493588686,4615.705448358291,0.6015742700000001,0.60453618,0.0,5.923819999999915,4.717709550000109,6667.959111196469,6672.676820746469,0.18043730021975382,2.0,6665.587761452829,0.0,0.0,2025-09-19 00:00:00+00:00,2025-09-18 00:00:00+00:00,2025-09-19 00:01:00+00:00,61.91,0.03240517504756013,4585.31,2025-09-19 00:02:00+00:00,2025-09-19 01:29:00+00:00,2025-09-19 01:30:00+00:00,target,0.14833308523171101,0.19387892262925582,"simulated minute opens; intrabar exits only known within minute, not actual exchange fills"
1479,2089.0,3008162.0,3009048.0,1.0,0.294,4467.58,4494.6900000000005,4359.765195314614,4495.590053851556,0.65673426,0.66071943,-0.007864649021898444,7.970340000000171,6.6607509590221525,6672.676820746469,6679.337571705491,0.1968428196486613,2.0,6667.484963276369,0.0,0.0,2025-09-20 00:00:00+00:00,2025-09-19 00:00:00+00:00,2025-09-20 00:01:00+00:00,60.79,0.03181894025425909,4466.49,2025-09-20 00:02:00+00:00,2025-09-20 14:48:00+00:00,2025-09-20 14:49:00+00:00,target,0.2101345503800651,0.2597978443989425,"simulated minute opens; intrabar exits only known within minute, not actual exchange fills"
1480,2090.0,3009602.0,3011039.0,1.0,0.3,4479.27,4446.17,4373.491598092882,4507.106981502877,0.6718905000000001,0.6669255,0.10568099931659032,-9.930000000000108,-11.374496999316762,6679.337571705491,6667.963074706175,0.20118477103065197,3.0,6666.889093228175,0.0,0.0,2025-09-21 00:00:00+00:00,2025-09-20 00:00:00+00:00,2025-09-21 00:01:00+00:00,60.3,0.03156246253218989,4478.27,2025-09-21 00:02:00+00:00,2025-09-21 23:59:00+00:00,2025-09-21 23:59:00+00:00,scheduled_23_59_exit,-0.3584379165702912,0.26316318833516994,"simulated minute opens; intrabar exits only known within minute, not actual exchange fills"
1481,2091.0,3011042.0,3011089.0,1.0,0.302,4443.56,4337.68,4338.549511320413,4471.558182821731,0.6709775600000001,0.65498968,0.0,-31.975760000000033,-33.30172724000022,6667.963074706175,6634.661347466174,0.20125413187881722,1.0,6633.900324695274,0.0,0.0,2025-09-22 00:00:00+00:00,2025-09-21 00:00:00+00:00,2025-09-22 00:01:00+00:00,60.57,0.03170378699128925,4443.01,2025-09-22 00:02:00+00:00,2025-09-22 00:49:00+00:00,2025-09-22 00:50:00+00:00,stop,-1.0500914850178786,0.2666227266798074,"simulated minute opens; intrabar exits only known within minute, not actual exchange fills"
1482,2092.0,3012482.0,3013031.0,1.0,0.28700000000000003,4202.61,4224.04,4092.1175034665303,4224.890004956991,0.603074535,0.6061497400000001,0.06748209348720001,6.150410000000084,4.873703631512399,6634.661347466174,6639.535051097687,0.1817951221369629,2.0,6608.550669596884,0.0,0.0,2025-09-23 00:00:00+00:00,2025-09-22 00:00:00+00:00,2025-09-23 00:01:00+00:00,63.28,0.03312226582150873,4196.86,2025-09-23 00:02:00+00:00,2025-09-23 09:11:00+00:00,2025-09-23 09:12:00+00:00,target,0.15368958333975827,0.20164269661734513,"simulated minute opens; intrabar exits only known within minute, not actual exchange fills"
1483,2093.0,3013922.0,3013941.0,1.0,0.295,4164.77,4189.5,4057.429614529189,4190.34070232569,0.614303575,0.61795125,0.0,7.295349999999871,6.063095174999944,6639.535051097687,6645.598146272687,0.1850441545295976,2.0,6636.451597522687,0.0,0.0,2025-09-24 00:00:00+00:00,2025-09-23 00:00:00+00:00,2025-09-24 00:01:00+00:00,64.12,0.033561941916484504,4162.25,2025-09-24 00:02:00+00:00,2025-09-24 00:21:00+00:00,2025-09-24 00:22:00+00:00,target,0.19147373944906027,0.23822070522229014,"simulated minute opens; intrabar exits only known within minute, not actual exchange fills"
1484,2094.0,3015362.0,3015563.0,1.0,0.301,4152.05,4045.94,4046.7494420776193,4178.1286276759865,0.624883525,0.6089139699999999,0.0,-31.93911000000004,-33.17290749499989,6645.598146272687,6612.425238777687,0.1880593774242814,1.0,6612.425238777687,0.0,0.0,2025-09-25 00:00:00+00:00,2025-09-24 00:00:00+00:00,2025-09-25 00:01:00+00:00,63.57,0.03327405875905989,4150.51,2025-09-25 00:02:00+00:00,2025-09-25 03:23:00+00:00,2025-09-25 03:24:00+00:00,stop,-1.0466135904164615,0.2476589696249228,"simulated minute opens; intrabar exits only known within minute, not actual exchange fills"
1485,2095.0,3016802.0,3016820.0,1.0,0.28700000000000003,3882.23,3899.35,3771.8137889451805,3900.1385098168494,0.557100005,0.5595567250000001,0.0,4.913439999999969,3.7967832699996507,6612.425238777687,6616.222022047687,0.16850096141214913,2.0,6611.530978293156,0.0,0.0,2025-09-26 00:00:00+00:00,2025-09-25 00:00:00+00:00,2025-09-26 00:01:00+00:00,66.7,0.03491237563676726,3873.1,2025-09-26 00:02:00+00:00,2025-09-26 00:20:00+00:00,2025-09-26 00:21:00+00:00,target,0.11981220758816594,0.16219094683441104,"simulated minute opens; intrabar exits only known within minute, not actual exchange fills"
1486,2096.0,3018242.0,3019679.0,1.0,0.332,4026.12,4014.55,3931.3522784975007,4056.9631013056537,0.66833592,0.6664153000000002,0.1917176433916,-3.8412399999999036,-5.367708863391272,6616.222022047687,6610.854313184295,0.2020294717356397,3.0,6597.344899524295,0.0,0.0,2025-09-27 00:00:00+00:00,2025-09-26 00:00:00+00:00,2025-09-27 00:01:00+00:00,63.6,0.033289761476737595,4030.17,2025-09-27 00:02:00+00:00,2025-09-27 23:59:00+00:00,2025-09-27 23:59:00+00:00,scheduled_23_59_exit,-0.17060447929913183,0.32545998591767805,"simulated minute opens; intrabar exits only known within minute, not actual exchange fills"
1487,2097.0,3019682.0,3020647.0,1.0,0.325,4016.32,4042.64,3919.409313135068,4043.448875771887,0.652652,0.656929,0.1622869175894915,8.553999999999906,7.08213208241159,6610.854313184295,6617.936445266707,0.19744861074865608,2.0,6593.393628475295,0.0,0.0,2025-09-28 00:00:00+00:00,2025-09-27 00:00:00+00:00,2025-09-28 00:01:00+00:00,63.5,0.033237419084478574,4017.01,2025-09-28 00:02:00+00:00,2025-09-28 16:07:00+00:00,2025-09-28 16:08:00+00:00,target,0.22485833444314135,0.2799368846667766,"simulated minute opens; intrabar exits only known within minute, not actual exchange fills"
1488,2098.0,3021122.0,3021953.0,1.0,0.314,4139.17,4166.2,4039.0140342044733,4167.034283322894,0.64984969,0.6540933999999999,0.04954268222294385,8.48741999999992,7.13393422777699,6617.936445266707,6625.070379494484,0.19639042936557263,2.0,6599.417552894484,0.0,0.0,2025-09-29 00:00:00+00:00,2025-09-28 00:00:00+00:00,2025-09-29 00:01:00+00:00,63.86,0.033425851696611046,4139.55,2025-09-29 00:02:00+00:00,2025-09-29 13:53:00+00:00,2025-09-29 13:54:00+00:00,target,0.2268415623252497,0.2782089224697851,"simulated minute opens; intrabar exits only known within minute, not actual exchange fills"
1489,2099.0,3022562.0,3022610.0,1.0,0.323,4209.61,4239.87,4112.313730676289,4240.7196050868715,0.6798520149999999,0.6847390050000001,0.0,9.773980000000071,8.409388980000585,6625.070379494484,6633.479768474484,0.20523616386151508,2.0,6618.942521534675,0.0,0.0,2025-09-30 00:00:00+00:00,2025-09-29 00:00:00+00:00,2025-09-30 00:01:00+00:00,63.14,0.033048986472346095,4212.98,2025-09-30 00:02:00+00:00,2025-09-30 00:50:00+00:00,2025-09-30 00:51:00+00:00,target,0.26758744380404714,0.31974098599164524,"simulated minute opens; intrabar exits only known within minute, not actual exchange fills"
1490,2100.0,3024002.0,3024113.0,1.0,0.302,4148.96,4168.71,4044.3826499611305,4169.551056430597,0.6264929600000001,0.62947521,0.0,5.9645,4.708531829999629,6633.479768474484,6638.188300304484,0.1888881799195043,2.0,6624.784645529824,0.0,0.0,2025-10-01 00:00:00+00:00,2025-09-30 00:00:00+00:00,2025-10-01 00:01:00+00:00,62.38,0.03265118429117753,4142.75,2025-10-01 00:02:00+00:00,2025-10-01 01:53:00+00:00,2025-10-01 01:54:00+00:00,target,0.1490873979327628,0.19689786003320514,"simulated minute opens; intrabar exits only known within minute, not actual exchange fills"
1491,2101.0,3025442.0,3025448.0,1.0,0.28300000000000003,4353.52,4373.54,4241.563841429208,4374.420634384048,0.6160230800000002,0.6188559100000002,0.0,5.665659999999867,4.430781009999919,6638.188300304484,6642.619081314484,0.18559976069728062,2.0,6637.317533348164,0.0,0.0,2025-10-02 00:00:00+00:00,2025-10-01 00:00:00+00:00,2025-10-02 00:01:00+00:00,63.03,0.03299140984086117,4345.85,2025-10-02 00:02:00+00:00,2025-10-02 00:08:00+00:00,2025-10-02 00:09:00+00:00,target,0.13984465169104354,0.1866858835713933,"simulated minute opens; intrabar exits only known within minute, not actual exchange fills"
1492,2102.0,3026882.0,3027038.0,1.0,0.299,4479.61,4510.71,4374.0155153551195,4511.612565262448,0.669701695,0.674351145,0.0,9.298900000000108,7.954847160000099,6642.619081314484,6650.573928474484,0.20163784398953527,2.0,6635.806890503344,0.0,0.0,2025-10-03 00:00:00+00:00,2025-10-02 00:00:00+00:00,2025-10-03 00:01:00+00:00,63.54,0.03325835604138218,4481.7,2025-10-03 00:02:00+00:00,2025-10-03 02:38:00+00:00,2025-10-03 02:39:00+00:00,target,0.2519529319118685,0.3030704242752303,"simulated minute opens; intrabar exits only known within minute, not actual exchange fills"
1493,2103.0,3028322.0,3029759.0,1.0,0.296,4511.36,4484.52,4404.409604415777,4540.653378494178,0.6676812799999999,0.66370896,0.07290607280000001,-7.944639999999773,-9.348936312799196,6650.573928474484,6641.224992161685,0.20078907089245857,3.0,6628.379896719524,0.0,0.0,2025-10-04 00:00:00+00:00,2025-10-03 00:00:00+00:00,2025-10-04 00:01:00+00:00,62.42,0.03267212124808114,4511.11,2025-10-04 00:02:00+00:00,2025-10-04 23:59:00+00:00,2025-10-04 23:59:00+00:00,scheduled_23_59_exit,-0.29531675995648715,0.2738968690500028,"simulated minute opens; intrabar exits only known within minute, not actual exchange fills"
1494,2104.0,3029762.0,3029911.0,1.0,0.28800000000000003,4488.34,4513.28,4378.751461734979,4514.187475468544,0.6463209600000002,0.64991232,0.0,7.182719999999885,5.8864867199999935,6641.224992161685,6647.111478881685,0.19463907961643262,2.0,6634.069304132565,0.0,0.0,2025-10-05 00:00:00+00:00,2025-10-04 00:00:00+00:00,2025-10-05 00:01:00+00:00,62.52,0.03272446364034016,4484.79,2025-10-05 00:02:00+00:00,2025-10-05 02:31:00+00:00,2025-10-05 02:32:00+00:00,target,0.18650846451269626,0.23585929585114304,"simulated minute opens; intrabar exits only known within minute, not actual exchange fills"
1495,2105.0,3031202.0,3031216.0,1.0,0.298,4510.4800000000005,4541.1,4404.527217917104,4542.015813886773,0.6720615200000001,0.6766239000000001,0.0,9.124759999999966,7.7760745799996585,6647.111478881685,6654.887553461685,0.20221159886822546,2.0,6643.074997361685,0.0,0.0,2025-10-06 00:00:00+00:00,2025-10-05 00:00:00+00:00,2025-10-06 00:01:00+00:00,63.15,0.033054220711572,4512.34,2025-10-06 00:02:00+00:00,2025-10-06 00:16:00+00:00,2025-10-06 00:17:00+00:00,target,0.2462814990509929,0.29764026264170257,"simulated minute opens; intrabar exits only known within minute, not actual exchange fills"
1496,2106.0,3032642.0,3032927.0,1.0,0.277,4686.0,4712.5,4571.602244738039,4713.452037596058,0.6490110000000001,0.6526812500000001,0.0,7.3405000000000005,6.0388077499992505,6654.887553461685,6660.926361211684,0.19504792373611268,2.0,6647.817682461684,0.0,0.0,2025-10-07 00:00:00+00:00,2025-10-06 00:00:00+00:00,2025-10-07 00:01:00+00:00,63.1,0.033028049515442484,4682.43,2025-10-07 00:02:00+00:00,2025-10-07 04:47:00+00:00,2025-10-07 04:48:00+00:00,target,0.19056973583157719,0.23997007225531247,"simulated minute opens; intrabar exits only known within minute, not actual exchange fills"
1497,2107.0,3034082.0,3034129.0,1.0,0.279,4452.56,4474.71,4338.609151257914,4475.610615573431,0.6211321200000001,0.6242220450000001,0.0,6.179849999999899,4.934495835000234,6660.926361211684,6665.860857046684,0.18650022123559717,2.0,6655.082428034734,0.0,0.0,2025-10-08 00:00:00+00:00,2025-10-07 00:00:00+00:00,2025-10-08 00:01:00+00:00,63.84,0.03341538321815925,4445.76,2025-10-08 00:02:00+00:00,2025-10-08 00:49:00+00:00,2025-10-08 00:50:00+00:00,target,0.15521047184151962,0.20228559793883055,"simulated minute opens; intrabar exits only known within minute, not actual exchange fills"
1498,2108.0,3035522.0,3035682.0,1.0,0.295,4523.79,4415.4400000000005,4416.331268121497,4553.540988769304,0.667259025,0.6512774000000001,0.0,-31.96324999999984,-33.281786425000064,6665.860857046684,6632.579070621684,0.2002019061932924,1.0,6632.579070621684,0.0,0.0,2025-10-09 00:00:00+00:00,2025-10-08 00:00:00+00:00,2025-10-09 00:01:00+00:00,62.74,0.03283961690331001,4523.67,2025-10-09 00:02:00+00:00,2025-10-09 02:42:00+00:00,2025-10-09 02:43:00+00:00,stop,-1.0498878316148197,0.2768596674204342,"simulated minute opens; intrabar exits only known within minute, not actual exchange fills"
1499,2109.0,3036962.0,3037861.0,1.0,0.28800000000000003,4367.71,4256.9400000000005,4257.793614036005,4395.456526904096,0.6289502400000001,0.6129993600000001,0.031248732114665768,-31.901759999999868,-33.17495833211433,6632.579070621684,6599.40411228957,0.18965480344919505,1.0,6599.40411228957,0.0,0.0,2025-10-10 00:00:00+00:00,2025-10-09 00:00:00+00:00,2025-10-10 00:01:00+00:00,64.69,0.03386029355236093,4365.83,2025-10-10 00:02:00+00:00,2025-10-10 15:01:00+00:00,2025-10-10 15:02:00+00:00,stop,-1.0479859443322361,0.25243303499065867,"simulated minute opens; intrabar exits only known within minute, not actual exchange fills"
1500,2110.0,3038402.0,3038403.0,1.0,0.28700000000000003,3826.94,3846.11,3716.6413795784147,3846.879792230227,0.5491658900000002,0.5519167850000001,0.0,5.501790000000022,4.40070732499953,6599.40411228957,6603.804819614569,0.16642893226596933,2.0,6597.24563172043,0.0,0.0,2025-10-11 00:00:00+00:00,2025-10-10 00:00:00+00:00,2025-10-11 00:01:00+00:00,67.63,0.03539915988477615,3819.99,2025-10-11 00:02:00+00:00,2025-10-11 00:03:00+00:00,2025-10-11 00:04:00+00:00,target,0.13901783124204523,0.18078006917958403,"simulated minute opens; intrabar exits only known within minute, not actual exchange fills"
1501,2111.0,3039842.0,3040041.0,1.0,0.301,3742.19,3772.2200000000003,3637.1660081999453,3772.9751852350187,0.563199595,0.56771911,0.0,9.03903000000006,7.908111295000708,6603.804819614569,6611.71293090957,0.1705682134417992,2.0,6588.706852684999,0.0,0.0,2025-10-12 00:00:00+00:00,2025-10-11 00:00:00+00:00,2025-10-12 00:01:00+00:00,71.71,0.03753472948894423,3744.99,2025-10-12 00:02:00+00:00,2025-10-12 03:21:00+00:00,2025-10-12 03:22:00+00:00,target,0.2501599353604902,0.29312526316489296,"simulated minute opens; intrabar exits only known within minute, not actual exchange fills"
1502,2112.0,3041282.0,3041299.0,1.0,0.306,4134.66,4180.55,4031.8559225280883,4181.3876613402135,0.63260298,0.63962415,0.0,14.0423400000001,12.770112870000048,6611.71293090957,6624.48304377957,0.19135827178539438,2.0,6609.72558883593,0.0,0.0,2025-10-13 00:00:00+00:00,2025-10-12 00:00:00+00:00,2025-10-13 00:01:00+00:00,71.31,0.037325359919908145,4149.99,2025-10-13 00:02:00+00:00,2025-10-13 00:19:00+00:00,2025-10-13 00:20:00+00:00,target,0.4059410485095049,0.4545312062450124,"simulated minute opens; intrabar exits only known within minute, not actual exchange fills"
1503,2113.0,3042722.0,3042998.0,1.0,0.26,4242.13,4119.09,4119.922584424333,4271.541162650875,0.5514769,0.5354817000000001,0.0,-31.99039999999999,-33.07735860000048,6624.48304377957,6591.405685179569,0.16649658436905207,1.0,6591.405685179569,0.0,0.0,2025-10-14 00:00:00+00:00,2025-10-13 00:00:00+00:00,2025-10-14 00:01:00+00:00,70.58,0.036943260456417285,4239.7,2025-10-14 00:02:00+00:00,2025-10-14 04:38:00+00:00,2025-10-14 04:39:00+00:00,stop,-1.0410220149139031,0.24066594087053766,"simulated minute opens; intrabar exits only known within minute, not actual exchange fills"
1504,2114.0,3044162.0,3044666.0,1.0,0.255,4126.52,4154.29,4002.450959454937,4155.128511424692,0.5261313,0.529671975,0.04473578277048586,7.08134999999988,5.980810942229255,6591.405685179569,6597.386496121799,0.15964160761125012,2.0,6574.102145158619,0.0,0.0,2025-10-15 00:00:00+00:00,2025-10-14 00:00:00+00:00,2025-10-15 00:01:00+00:00,73.13,0.038277991459022324,4123.05,2025-10-15 00:02:00+00:00,2025-10-15 08:26:00+00:00,2025-10-15 08:27:00+00:00,target,0.1890412020172186,0.230585416788975,"simulated minute opens; intrabar exits only known within minute, not actual exchange fills"
1505,2115.0,3045602.0,3045727.0,1.0,0.271,3985.62,4013.7200000000003,3868.76185137347,4014.529637487771,0.5400515100000001,0.5438590600000002,0.0,7.6151000000000995,6.531189430000268,6597.386496121799,6603.917685551799,0.163716802196586,2.0,6593.759855448188,0.0,0.0,2025-10-16 00:00:00+00:00,2025-10-15 00:00:00+00:00,2025-10-16 00:01:00+00:00,72.34,0.03786448656017606,3983.81,2025-10-16 00:02:00+00:00,2025-10-16 02:07:00+00:00,2025-10-16 02:08:00+00:00,target,0.20623576775141206,0.24739085658600002,"simulated minute opens; intrabar exits only known within minute, not actual exchange fills"
1506,2116.0,3047042.0,3047080.0,1.0,0.279,3890.98,3921.84,3777.578278092566,3922.625844282423,0.54279171,0.5470966800000001,0.0,8.609940000000035,7.520051610000337,6603.917685551799,6611.437737161799,0.16438475942470698,2.0,6602.2170438418,0.0,0.0,2025-10-17 00:00:00+00:00,2025-10-16 00:00:00+00:00,2025-10-17 00:01:00+00:00,73.59,0.03851876646341383,3892.02,2025-10-17 00:02:00+00:00,2025-10-17 00:40:00+00:00,2025-10-17 00:41:00+00:00,target,0.23768236977920423,0.27905964521644766,"simulated minute opens; intrabar exits only known within minute, not actual exchange fills"
1507,2117.0,3048482.0,3048563.0,1.0,0.267,3832.92,3860.05,3713.7343560552476,3860.8308250078603,0.5116948200000001,0.515316675,0.0,7.243710000000029,6.21669850499984,6611.437737161799,6617.654435666799,0.154790785406281,2.0,6606.811824854379,0.0,0.0,2025-10-18 00:00:00+00:00,2025-10-17 00:00:00+00:00,2025-10-18 00:01:00+00:00,75.49,0.03951327191633523,3829.99,2025-10-18 00:02:00+00:00,2025-10-18 01:23:00+00:00,2025-10-18 01:24:00+00:00,target,0.19535502959393575,0.2341794203066779,"simulated minute opens; intrabar exits only known within minute, not actual exchange fills"
1508,2118.0,3049922.0,3050241.0,1.0,0.27,3890.0,3916.51,3772.09635805047,3917.298435312816,0.5251500000000001,0.5287288500000001,0.0,7.15770000000006,6.103821149999931,6617.654435666799,6623.758256816799,0.15871182308028317,2.0,6607.432061946099,0.0,0.0,2025-10-19 00:00:00+00:00,2025-10-18 00:00:00+00:00,2025-10-19 00:01:00+00:00,73.49,0.03846642407115481,3887.01,2025-10-19 00:02:00+00:00,2025-10-19 05:21:00+00:00,2025-10-19 05:22:00+00:00,target,0.19173915772404046,0.231531739490297,"simulated minute opens; intrabar exits only known within minute, not actual exchange fills"
1509,2119.0,3051362.0,3051591.0,1.0,0.28500000000000003,3975.9300000000003,4010.62,3864.7377924864068,4011.4225860006213,0.5665700250000001,0.57151335,0.0,9.886649999999888,8.748566624999512,6623.758256816799,6632.506823441799,0.17107207208744918,2.0,6603.609336791798,0.0,0.0,2025-10-20 00:00:00+00:00,2025-10-19 00:00:00+00:00,2025-10-20 00:01:00+00:00,72.99,0.0382047121098597,3980.59,2025-10-20 00:02:00+00:00,2025-10-20 03:51:00+00:00,2025-10-20 03:52:00+00:00,target,0.276069031152615,0.3192003000415472,"simulated minute opens; intrabar exits only known within minute, not actual exchange fills"
1510,2120.0,3052802.0,3053072.0,1.0,0.278,3975.79,3860.79,3861.563614732372,4008.4363483362913,0.55263481,0.53664981,0.0,-31.970000000000002,-33.05928462000065,6632.506823441799,6599.447538821798,0.16664432460039955,1.0,6599.447538821798,0.0,0.0,2025-10-21 00:00:00+00:00,2025-10-20 00:00:00+00:00,2025-10-21 00:01:00+00:00,73.24,0.03833556809050725,3977.54,2025-10-21 00:02:00+00:00,2025-10-21 04:32:00+00:00,2025-10-21 04:33:00+00:00,stop,-1.0410754898824957,0.28580391701796615,"simulated minute opens; intrabar exits only known within minute, not actual exchange fills"
1511,2121.0,3054242.0,3055501.0,1.0,0.28300000000000003,3867.91,3755.28,3756.032854694958,3901.881957085127,0.547309265,0.5313721200000001,0.049980757694510165,-31.874289999999906,-33.002952142694085,6599.447538821798,6566.444586679104,0.16586517637435794,1.0,6564.735933724253,0.0,0.0,2025-10-22 00:00:00+00:00,2025-10-21 00:00:00+00:00,2025-10-22 00:01:00+00:00,74.68,0.039089298539037164,3871.11,2025-10-22 00:02:00+00:00,2025-10-22 21:01:00+00:00,2025-10-22 21:02:00+00:00,stop,-1.0423773786258779,0.3036541287543574,"simulated minute opens; intrabar exits only known within minute, not actual exchange fills"
1512,2122.0,3055682.0,3055754.0,1.0,0.277,3802.77,3833.89,3688.801927508362,3834.65861764305,0.5266836450000001,0.5309937650000001,0.0,8.62023999999997,7.562562590000198,6566.444586679104,6574.007149269104,0.16041668761461783,2.0,6563.8197311030335,0.0,0.0,2025-10-23 00:00:00+00:00,2025-10-22 00:00:00+00:00,2025-10-23 00:01:00+00:00,75.91,0.03973310996382312,3803.93,2025-10-23 00:02:00+00:00,2025-10-23 01:14:00+00:00,2025-10-23 01:15:00+00:00,target,0.23955542463003301,0.2798030794579757,"simulated minute opens; intrabar exits only known within minute, not actual exchange fills"
1513,2123.0,3057122.0,3057272.0,1.0,0.28300000000000003,3857.34,3884.4900000000002,3745.9711195896434,3885.2681625149394,0.5458136100000001,0.5496553350000001,0.0,7.683450000000026,6.587981055000455,6574.007149269104,6580.5951303241045,0.1660520281182485,2.0,6569.745545659104,0.0,0.0,2025-10-24 00:00:00+00:00,2025-10-23 00:00:00+00:00,2025-10-24 00:01:00+00:00,72.97,0.038194243631407894,3855.21,2025-10-24 00:02:00+00:00,2025-10-24 02:32:00+00:00,2025-10-24 02:33:00+00:00,target,0.20902683868443353,0.2507716914458813,"simulated minute opens; intrabar exits only known within minute, not actual exchange fills"
1514,2124.0,3058562.0,3059013.0,1.0,0.298,3934.38,3961.63,3828.8187556363287,3962.431269631684,0.58622262,0.59028287,0.0,8.1205,6.943994510000266,6580.5951303241045,6587.539124834105,0.17816705279394013,2.0,6573.161080231745,0.0,0.0,2025-10-25 00:00:00+00:00,2025-10-24 00:00:00+00:00,2025-10-25 00:01:00+00:00,69.47,0.036362259902342146,3933.19,2025-10-25 00:02:00+00:00,2025-10-25 07:33:00+00:00,2025-10-25 07:34:00+00:00,target,0.2207438453427345,0.26573454870467056,"simulated minute opens; intrabar exits only known within minute, not actual exchange fills"
1515,2125.0,3060002.0,3060564.0,1.0,0.31,3950.28,3980.58,3848.960890018351,3981.3776342087363,0.6122934,0.6169899000000001,0.025455550427999997,9.392999999999915,8.138261149571917,6587.539124834105,6595.677385983677,0.18589442533760117,2.0,6577.0228192625045,0.0,0.0,2025-10-26 00:00:00+00:00,2025-10-25 00:00:00+00:00,2025-10-26 00:01:00+00:00,69.21,0.03622616968246869,3952.25,2025-10-26 00:02:00+00:00,2025-10-26 09:24:00+00:00,2025-10-26 09:25:00+00:00,target,0.25910665150882783,0.3069276290955228,"simulated minute opens; intrabar exits only known within minute, not actual exchange fills"
1516,2126.0,3061442.0,3061475.0,1.0,0.29,4156.89,4185.9400000000005,4048.2615030934994,4186.77792719151,0.60274905,0.6069613,0.0,8.424500000000052,7.214789650000057,6595.677385983677,6602.892175633677,0.1827709315440104,2.0,6594.885168017577,0.0,0.0,2025-10-27 00:00:00+00:00,2025-10-26 00:00:00+00:00,2025-10-27 00:01:00+00:00,69.47,0.036362259902342146,4156.37,2025-10-27 00:02:00+00:00,2025-10-27 00:35:00+00:00,2025-10-27 00:36:00+00:00,target,0.2290244798417286,0.27513891881643704,"simulated minute opens; intrabar exits only known within minute, not actual exchange fills"
1517,2127.0,3062882.0,3063684.0,1.0,0.315,4114.26,4147.57,4014.5191031375493,4148.403715555872,0.64799595,0.653242275,0.05983098844869988,10.49264999999984,9.13158078655033,6602.892175633677,6612.023756420227,0.19627639911833397,2.0,6586.821779683676,0.0,0.0,2025-10-28 00:00:00+00:00,2025-10-27 00:00:00+00:00,2025-10-28 00:01:00+00:00,68.75,0.035985394678077195,4118.47,2025-10-28 00:02:00+00:00,2025-10-28 13:24:00+00:00,2025-10-28 13:25:00+00:00,target,0.2906445226184995,0.3423241281152492,"simulated minute opens; intrabar exits only known within minute, not actual exchange fills"
1518,2128.0,3064322.0,3064577.0,1.0,0.322,3972.8,4005.9900000000002,3874.845671345815,4006.795602309677,0.6396208,0.64496439,0.0,10.687180000000017,9.402594810000664,6612.023756420227,6621.426351230228,0.19347202114297696,2.0,6608.114714860588,0.0,0.0,2025-10-29 00:00:00+00:00,2025-10-28 00:00:00+00:00,2025-10-29 00:01:00+00:00,69.85,0.036561160992926424,3977.56,2025-10-29 00:02:00+00:00,2025-10-29 04:17:00+00:00,2025-10-29 04:18:00+00:00,target,0.29810428391675187,0.347055640896626,"simulated minute opens; intrabar exits only known within minute, not actual exchange fills"
1519,2129.0,3065762.0,3065866.0,1.0,0.3,3902.34,3928.69,3796.917234372383,3929.4842597856364,0.5853510000000001,0.5893035,0.0,7.904999999999973,6.730345500000112,6621.426351230228,6628.156696730228,0.1768051078273323,2.0,6615.162000230228,0.0,0.0,2025-10-30 00:00:00+00:00,2025-10-29 00:00:00+00:00,2025-10-30 00:01:00+00:00,71.45,0.03739863926907077,3900.38,2025-10-30 00:02:00+00:00,2025-10-30 01:46:00+00:00,2025-10-30 01:47:00+00:00,target,0.21280493702133843,0.25748005778483746,"simulated minute opens; intrabar exits only known within minute, not actual exchange fills"
1520,2130.0,3067202.0,3067252.0,1.0,0.327,3800.3,3829.88,3703.7249277886917,3830.6547955488977,0.6213490500000001,0.62618538,0.0,9.672659999999977,8.425125569999182,6628.156696730228,6636.581822300227,0.18748773706768915,2.0,6625.547187680228,0.0,0.0,2025-10-31 00:00:00+00:00,2025-10-30 00:00:00+00:00,2025-10-31 00:01:00+00:00,70.04,0.03666061153821857,3802.8,2025-10-31 00:02:00+00:00,2025-10-31 00:52:00+00:00,2025-10-31 00:53:00+00:00,target,0.26678633947716124,0.3143129469526106,"simulated minute opens; intrabar exits only known within minute, not actual exchange fills"
1521,2131.0,3068642.0,3069152.0,1.0,0.324,3846.0,3873.09,3748.3217488694986,3873.8670844146545,0.623052,0.6274405800000001,0.09688151266560001,8.777160000000048,7.429785907334917,6636.581822300227,6644.011608207562,0.1877629227462915,2.0,6631.1117303002275,0.0,0.0,2025-11-01 00:00:00+00:00,2025-10-31 00:00:00+00:00,2025-11-01 00:01:00+00:00,68.53,0.03587024141510735,3846.42,2025-11-01 00:02:00+00:00,2025-11-01 08:32:00+00:00,2025-11-01 08:33:00+00:00,target,0.23476503438789492,0.2852946699201563,"simulated minute opens; intrabar exits only known within minute, not actual exchange fills"
1522,2132.0,3070082.0,3070366.0,1.0,0.323,3871.91,3898.9900000000002,3773.65398096089,3899.7703709406796,0.625313465,0.6296868850000001,0.0,8.746840000000123,7.4918396500006565,6644.011608207562,6651.503447857563,0.18823370634317677,2.0,6639.601786369192,0.0,0.0,2025-11-02 00:00:00+00:00,2025-11-01 00:00:00+00:00,2025-11-02 00:01:00+00:00,68.6,0.03590688108968866,3872.14,2025-11-02 00:02:00+00:00,2025-11-02 04:46:00+00:00,2025-11-02 04:47:00+00:00,target,0.2360623830156362,0.28354874554392634,"simulated minute opens; intrabar exits only known within minute, not actual exchange fills"
1523,2133.0,3071522.0,3071670.0,1.0,0.326,3904.23,3806.2200000000003,3806.9865152144557,3932.330431443753,0.63638949,0.6204138600000001,0.0,-31.951259999999923,-33.208063349999975,6651.503447857563,6618.295384507563,0.1913520740051574,1.0,6618.295384507563,0.0,0.0,2025-11-03 00:00:00+00:00,2025-11-02 00:00:00+00:00,2025-11-03 00:01:00+00:00,67.84,0.0355090789085201,3904.8,2025-11-03 00:02:00+00:00,2025-11-03 02:30:00+00:00,2025-11-03 02:31:00+00:00,stop,-1.0475275050523762,0.2889698112498127,"simulated minute opens; intrabar exits only known within minute, not actual exchange fills"
1524,2134.0,3072962.0,3072999.0,1.0,0.34900000000000003,3597.62,3627.63,3507.175980003818,3628.358425947604,0.62778469,0.6330214350000001,0.0,10.473490000000076,9.212683875000039,6618.295384507563,6627.508068382563,0.18971189816324907,2.0,6606.819465081182,0.0,0.0,2025-11-04 00:00:00+00:00,2025-11-03 00:00:00+00:00,2025-11-04 00:01:00+00:00,70.28,0.03678623327964022,3602.15,2025-11-04 00:02:00+00:00,2025-11-04 00:39:00+00:00,2025-11-04 00:40:00+00:00,target,0.2918642382449883,0.3398613412904639,"simulated minute opens; intrabar exits only known within minute, not actual exchange fills"
1525,2135.0,3074402.0,3074479.0,1.0,0.316,3291.27,3189.89,3190.529781447553,3310.727552957613,0.52002066,0.50400262,0.0,-32.036080000000034,-33.060103280000476,6627.508068382563,6594.447965102562,0.15692795984084273,1.0,6594.082823196803,0.0,0.0,2025-11-05 00:00:00+00:00,2025-11-04 00:00:00+00:00,2025-11-05 00:01:00+00:00,74.76,0.03913117245284438,3285.28,2025-11-05 00:02:00+00:00,2025-11-05 01:19:00+00:00,2025-11-05 01:20:00+00:00,stop,-1.0385184934409717,0.19314582832161784,"simulated minute opens; intrabar exits only known within minute, not actual exchange fills"
1526,2136.0,3075842.0,3076038.0,1.0,0.35100000000000003,3418.77,3447.53,3329.1463564464316,3448.2224044304135,0.5999941350000001,0.6050415150000001,0.0,10.094760000000077,8.889724349999597,6594.447965102562,6603.337689452562,0.1819694804402535,2.0,6578.144045944932,0.0,0.0,2025-11-06 00:00:00+00:00,2025-11-05 00:00:00+00:00,2025-11-06 00:01:00+00:00,70.65,0.036979900130998604,3423.06,2025-11-06 00:02:00+00:00,2025-11-06 03:18:00+00:00,2025-11-06 03:19:00+00:00,target,0.2825911667478782,0.3286231541435789,"simulated minute opens; intrabar exits only known within minute, not actual exchange fills"
1527,2137.0,3077282.0,3077452.0,1.0,0.322,3318.09,3338.16,3219.6679860499444,3338.8327430598056,0.53421249,0.53744376,0.0,6.4625399999999065,5.390883750000285,6603.337689452562,6608.728573202562,0.1618007483861659,2.0,6589.231190692642,0.0,0.0,2025-11-07 00:00:00+00:00,2025-11-06 00:00:00+00:00,2025-11-07 00:01:00+00:00,72.82,0.03811573004301936,3313.7,2025-11-07 00:02:00+00:00,2025-11-07 02:52:00+00:00,2025-11-07 02:53:00+00:00,target,0.1701029508347243,0.21075308487724437,"simulated minute opens; intrabar exits only known within minute, not actual exchange fills"
1528,2138.0,3078722.0,3078933.0,1.0,0.323,3436.27,3459.27,3338.189864885135,3459.9709860704943,0.554957605,0.558672105,0.0,7.429,6.315370289999919,6608.728573202562,6615.043943492562,0.1679468596275153,2.0,6599.636725597562,0.0,0.0,2025-11-08 00:00:00+00:00,2025-11-07 00:00:00+00:00,2025-11-08 00:01:00+00:00,71.6,0.037477152857459305,3434.36,2025-11-08 00:02:00+00:00,2025-11-08 03:33:00+00:00,2025-11-08 03:34:00+00:00,target,0.1993495418527055,0.24164919881826555,"simulated minute opens; intrabar exits only known within minute, not actual exchange fills"
1529,2139.0,3080162.0,3080638.0,1.0,0.336,3399.09,3424.34,3304.6881764735967,3425.028525792514,0.5710471200000001,0.57528912,0.0,8.484,7.337663760000396,6615.043943492562,6622.381607252562,0.1726510435540668,2.0,6600.428205767442,0.0,0.0,2025-11-09 00:00:00+00:00,2025-11-08 00:00:00+00:00,2025-11-09 00:01:00+00:00,71.8,0.037581837641977346,3400.07,2025-11-09 00:02:00+00:00,2025-11-09 07:58:00+00:00,2025-11-09 07:59:00+00:00,target,0.23133329616130976,0.27476721130560483,"simulated minute opens; intrabar exits only known within minute, not actual exchange fills"
1530,2140.0,3081602.0,3081633.0,1.0,0.34400000000000003,3571.08,3607.4,3479.0608039477293,3608.1287795322137,0.6142257600000001,0.6204728000000002,0.0,12.494080000000057,11.259381439999743,6622.381607252562,6633.640988692562,0.185499959509227,2.0,6616.115461492562,0.0,0.0,2025-11-10 00:00:00+00:00,2025-11-09 00:00:00+00:00,2025-11-10 00:01:00+00:00,73.01,0.03821518058831151,3581.31,2025-11-10 00:02:00+00:00,2025-11-10 00:33:00+00:00,2025-11-10 00:34:00+00:00,target,0.35569491371568646,0.4026201175586074,"simulated minute opens; intrabar exits only known within minute, not actual exchange fills"
1531,2141.0,3083042.0,3083115.0,1.0,0.32,3565.35,3592.11,3466.1272853518976,3592.838272149035,0.5704560000000001,0.5747376000000001,0.0,8.56320000000007,7.418006399999285,6633.640988692562,6641.058995092561,0.1719888070434853,2.0,6628.8696049421615,0.0,0.0,2025-11-11 00:00:00+00:00,2025-11-10 00:00:00+00:00,2025-11-11 00:01:00+00:00,72.13,0.03775456753643212,3566.38,2025-11-11 00:02:00+00:00,2025-11-11 01:15:00+00:00,2025-11-11 01:16:00+00:00,target,0.23362866136258376,0.27703608237814975,"simulated minute opens; intrabar exits only known within minute, not actual exchange fills"
1532,2142.0,3084482.0,3084555.0,1.0,0.292,3426.01,3441.84,3316.388196536703,3442.5330214984747,0.50019746,0.5025086400000001,0.0,4.622359999999978,3.6196539000002304,6641.058995092561,6644.678648992562,0.1506378607296285,2.0,6635.442957632561,0.0,0.0,2025-11-12 00:00:00+00:00,2025-11-11 00:00:00+00:00,2025-11-12 00:01:00+00:00,74.73,0.03911546973516668,3416.32,2025-11-12 00:02:00+00:00,2025-11-12 01:15:00+00:00,2025-11-12 01:16:00+00:00,target,0.11308037824930671,0.15072751018921712,"simulated minute opens; intrabar exits only known within minute, not actual exchange fills"
1533,2143.0,3085922.0,3085991.0,1.0,0.324,3414.07,3438.4300000000003,3315.666254064546,3439.120997656175,0.55307934,0.55702566,0.0,7.892640000000042,6.7825349999993705,6644.678648992562,6651.461183992561,0.16647286323887328,2.0,6640.542129652561,0.0,0.0,2025-11-13 00:00:00+00:00,2025-11-12 00:00:00+00:00,2025-11-13 00:01:00+00:00,73.05,0.03823611754521511,3413.46,2025-11-13 00:02:00+00:00,2025-11-13 01:11:00+00:00,2025-11-13 01:12:00+00:00,target,0.21273326336305462,0.25457361829097935,"simulated minute opens; intrabar exits only known within minute, not actual exchange fills"
1534,2144.0,3087362.0,3087638.0,1.0,0.365,3222.12,3134.26,3134.891473650617,3254.972869052146,0.5880369,0.57200245,0.0,-32.06889999999988,-33.228939349999564,6651.461183992561,6618.232244642561,0.1768143521351887,1.0,6613.093109039512,0.0,0.0,2025-11-14 00:00:00+00:00,2025-11-13 00:00:00+00:00,2025-11-14 00:01:00+00:00,74.48,0.03898461375451912,3230.12,2025-11-14 00:02:00+00:00,2025-11-14 04:38:00+00:00,2025-11-14 04:39:00+00:00,stop,-1.0436745157811904,0.37662987587980323,"simulated minute opens; intrabar exits only known within minute, not actual exchange fills"
1535,2145.0,3088802.0,3088807.0,1.0,0.28700000000000003,3126.19,3135.57,3014.9285501559616,3136.198706380651,0.44860826500000006,0.44995429500000006,0.0,2.6920600000000316,1.7934974399995554,6618.232244642561,6620.025742082561,0.13556739879086205,2.0,6617.211797507652,0.0,0.0,2025-11-15 00:00:00+00:00,2025-11-14 00:00:00+00:00,2025-11-15 00:01:00+00:00,77.94,0.04079566052668126,3111.2,2025-11-15 00:02:00+00:00,2025-11-15 00:07:00+00:00,2025-11-15 00:08:00+00:00,target,0.05616608455811244,0.08995664171804942,"simulated minute opens; intrabar exits only known within minute, not actual exchange fills"
1536,2146.0,3090242.0,3090407.0,1.0,0.335,3166.58,3190.61,3071.6918843028534,3191.2531102299495,0.53040215,0.534427175,0.0,8.050050000000068,6.985220675000164,6620.025742082561,6627.010962757561,0.16024171828466136,2.0,6607.495759390212,0.0,0.0,2025-11-16 00:00:00+00:00,2025-11-15 00:00:00+00:00,2025-11-16 00:01:00+00:00,75.56,0.03954991159091655,3166.55,2025-11-16 00:02:00+00:00,2025-11-16 02:47:00+00:00,2025-11-16 02:48:00+00:00,target,0.2197472765351534,0.2600231867676503,"simulated minute opens; intrabar exits only known within minute, not actual exchange fills"
1537,2147.0,3091682.0,3091708.0,1.0,0.335,3094.44,3118.14,2999.2002504837,3118.7674385084847,0.5183187,0.52228845,0.0,7.939499999999939,6.898892849999356,6627.010962757561,6633.9098556075605,0.1564260879943747,2.0,6617.694954561411,0.0,0.0,2025-11-17 00:00:00+00:00,2025-11-16 00:00:00+00:00,2025-11-17 00:01:00+00:00,77.2,0.0404083268239645,3094.05,2025-11-17 00:02:00+00:00,2025-11-17 00:28:00+00:00,2025-11-17 00:29:00+00:00,target,0.21623019909847124,0.2554336674764257,"simulated minute opens; intrabar exits only known within minute, not actual exchange fills"
1538,2148.0,3093122.0,3093636.0,1.0,0.34900000000000003,3027.03,3053.85,2935.6401356950096,3054.461434695551,0.5282167350000001,0.532896825,0.10555120802407701,9.360179999999898,8.193515231976562,6633.9098556075605,6642.103370839537,0.15924748647390954,2.0,6605.2731788725605,0.0,0.0,2025-11-18 00:00:00+00:00,2025-11-17 00:00:00+00:00,2025-11-18 00:01:00+00:00,77.94,0.04079566052668126,3030.06,2025-11-18 00:02:00+00:00,2025-11-18 08:36:00+00:00,2025-11-18 08:37:00+00:00,target,0.2568897676681066,0.30015839178845055,"simulated minute opens; intrabar exits only known within minute, not actual exchange fills"
1539,2149.0,3094562.0,3094885.0,1.0,0.357,3117.09,3027.2000000000003,3027.806865378049,3146.6197293942178,0.556400565,0.5403551999999999,0.0,-32.09072999999995,-33.18748576500002,6642.103370839537,6608.915885074537,0.1675374603300319,1.0,6608.915885074537,0.0,0.0,2025-11-19 00:00:00+00:00,2025-11-18 00:00:00+00:00,2025-11-19 00:01:00+00:00,75.43,0.03948186648097982,3122.2,2025-11-19 00:02:00+00:00,2025-11-19 05:25:00+00:00,2025-11-19 05:26:00+00:00,stop,-1.0412061067706355,0.33074252510571583,"simulated minute opens; intrabar exits only known within minute, not actual exchange fills"
1540,2150.0,3096002.0,3096113.0,1.0,0.369,3016.14,3047.5,2930.264716693282,3048.11959238851,0.55647783,0.56226375,0.0,11.571840000000046,10.45309842000006,6608.915885074537,6619.368983494537,0.16840215238833345,2.0,6604.026127256737,0.0,0.0,2025-11-20 00:00:00+00:00,2025-11-19 00:00:00+00:00,2025-11-20 00:01:00+00:00,76.67,0.04013091214499169,3024.09,2025-11-20 00:02:00+00:00,2025-11-20 01:53:00+00:00,2025-11-20 01:54:00+00:00,target,0.3298758258394486,0.37239577160158494,"simulated minute opens; intrabar exits only known within minute, not actual exchange fills"
1541,2151.0,3097442.0,3097454.0,1.0,0.318,2842.0,2855.61,2741.5372193115686,2856.1863957320907,0.451878,0.45404199000000006,0.0,4.32798000000004,3.4220600099997682,6619.368983494537,6622.791043504537,0.13653204742831598,2.0,6616.660035167797,0.0,0.0,2025-11-21 00:00:00+00:00,2025-11-20 00:00:00+00:00,2025-11-21 00:01:00+00:00,79.04,0.0413714268415305,2832.97,2025-11-21 00:02:00+00:00,2025-11-21 00:14:00+00:00,2025-11-21 00:15:00+00:00,target,0.10711623674217546,0.1412104625700876,"simulated minute opens; intrabar exits only known within minute, not actual exchange fills"
1542,2152.0,3098882.0,3100253.0,1.0,0.34700000000000003,2765.05,2787.2200000000003,2672.9990848301404,2787.7819300370184,0.47973617500000004,0.48358267000000005,0.1130261859443106,7.692990000000026,6.616644969056324,6622.791043504537,6629.407688473593,0.144874320161592,2.0,6600.742400963123,0.0,0.0,2025-11-22 00:00:00+00:00,2025-11-21 00:00:00+00:00,2025-11-22 00:01:00+00:00,80.53,0.04215132848618991,2764.69,2025-11-22 00:02:00+00:00,2025-11-22 22:53:00+00:00,2025-11-22 22:54:00+00:00,target,0.2071477625834975,0.2469495278245891,"simulated minute opens; intrabar exits only known within minute, not actual exchange fills"
1543,2153.0,3100322.0,3100417.0,1.0,0.34400000000000003,2770.8,2791.62,2677.758776072468,2792.1847511385795,0.4765776000000001,0.4801586400000001,0.0,7.1620799999999,6.205343759999778,6629.407688473593,6635.613032233593,0.14377682664730823,2.0,6627.650461216713,0.0,0.0,2025-11-23 00:00:00+00:00,2025-11-22 00:00:00+00:00,2025-11-23 00:01:00+00:00,80.38,0.042072814897801375,2769.06,2025-11-23 00:02:00+00:00,2025-11-23 01:37:00+00:00,2025-11-23 01:38:00+00:00,target,0.19387954326621307,0.22984167915971823,"simulated minute opens; intrabar exits only known within minute, not actual exchange fills"
1544,2154.0,3101762.0,3101881.0,1.0,0.364,2796.94,2823.41,2709.322567140622,2823.975670890236,0.50904308,0.51386062,0.0,9.635079999999927,8.612176300000101,6635.613032233593,6644.225208533593,0.15342759667486294,2.0,6622.345269958553,0.0,0.0,2025-11-24 00:00:00+00:00,2025-11-23 00:00:00+00:00,2025-11-24 00:01:00+00:00,79.79,0.04176399478347315,2800.73,2025-11-24 00:02:00+00:00,2025-11-24 02:01:00+00:00,2025-11-24 02:02:00+00:00,target,0.2700355879859348,0.30856497397757543,"simulated minute opens; intrabar exits only known within minute, not actual exchange fills"
1545,2155.0,3103202.0,3104088.0,1.0,0.374,2943.85,2857.98,2858.553995215436,2975.2358573865135,0.5504999500000001,0.5344422600000001,0.039326776790399996,-32.11537999999996,-33.2396489867906,6644.225208533593,6610.9855595468025,0.16570779367711935,1.0,6610.9855595468025,0.0,0.0,2025-11-25 00:00:00+00:00,2025-11-24 00:00:00+00:00,2025-11-25 00:01:00+00:00,77.36,0.04049207465157893,2952.19,2025-11-25 00:02:00+00:00,2025-11-25 14:48:00+00:00,2025-11-25 14:49:00+00:00,stop,-1.041972212345453,0.3679639798579817,"simulated minute opens; intrabar exits only known within minute, not actual exchange fills"
1546,2156.0,3104642.0,3104742.0,1.0,0.34700000000000003,2959.17,2979.43,2867.424029493448,2980.033157239789,0.5134159950000001,0.5169311050000001,0.0,7.030219999999918,5.9998728999999,6610.9855595468025,6616.985432446802,0.1553220742582278,2.0,6605.270613551802,0.0,0.0,2025-11-26 00:00:00+00:00,2025-11-25 00:00:00+00:00,2025-11-26 00:01:00+00:00,74.59,0.039042190386004046,2958.24,2025-11-26 00:02:00+00:00,2025-11-26 01:42:00+00:00,2025-11-26 01:43:00+00:00,target,0.18846277285567414,0.2274013466160784,"simulated minute opens; intrabar exits only known within minute, not actual exchange fills"
1547,2157.0,3106082.0,3106128.0,1.0,0.35000000000000003,3025.05,3045.82,2934.3575554423746,3046.4354087870583,0.52938375,0.5330185000000002,0.0,7.2694999999999945,6.207097749999775,6616.985432446802,6623.192530196802,0.16000753074175855,2.0,6610.240538423802,0.0,0.0,2025-11-27 00:00:00+00:00,2025-11-26 00:00:00+00:00,2025-11-27 00:01:00+00:00,72.66,0.03803198221540492,3025.02,2025-11-27 00:02:00+00:00,2025-11-27 00:48:00+00:00,2025-11-27 00:49:00+00:00,target,0.19554622313362496,0.23580143738952786,"simulated minute opens; intrabar exits only known within minute, not actual exchange fills"
1548,2158.0,3107522.0,3108390.0,-1.0,0.362,3011.33,3099.58,3098.952503520227,2991.4246424212006,0.5450507299999999,0.56102398,-0.028651423588588004,-31.9465,-33.023923286411446,6623.192530196802,6590.168606910391,0.16458852057069953,1.0,6590.168606910391,0.0,0.0,2025-11-28 00:00:00+00:00,2025-11-27 00:00:00+00:00,2025-11-28 00:01:00+00:00,71.68,0.03751902677126653,3013.8,2025-11-28 00:02:00+00:00,2025-11-28 14:30:00+00:00,2025-11-28 14:31:00+00:00,stop,-1.0411287483924407,0.2271717513093466,"simulated minute opens; intrabar exits only known within minute, not actual exchange fills"
1549,2159.0,3108962.0,3109038.0,1.0,0.358,3030.9700000000003,3050.0,2942.6173151347166,3050.612167538365,0.54254363,0.5459499999999999,0.0,6.812739999999908,5.724246369999491,6590.168606910391,6595.89285328039,0.16465242768784208,2.0,6588.735638044251,0.0,0.0,2025-11-29 00:00:00+00:00,2025-11-28 00:00:00+00:00,2025-11-29 00:01:00+00:00,70.62,0.036964197413320896,3029.8,2025-11-29 00:02:00+00:00,2025-11-29 01:18:00+00:00,2025-11-29 01:19:00+00:00,target,0.18097373072905137,0.2223154572870584,"simulated minute opens; intrabar exits only known within minute, not actual exchange fills"
1550,2160.0,3110402.0,3111839.0,-1.0,0.388,2989.15,2990.43,3070.343064203538,2966.0709409157557,0.5798951000000001,0.58014342,-0.09038702704250057,-0.4966399999999012,-1.5662914929571343,6595.89285328039,6594.326561787433,0.17583520924285362,3.0,6571.262582509532,0.0,0.0,2025-11-30 00:00:00+00:00,2025-11-29 00:00:00+00:00,2025-11-30 00:01:00+00:00,71.24,0.037288720245326826,2987.96,2025-11-30 00:02:00+00:00,2025-11-30 23:59:00+00:00,2025-11-30 23:59:00+00:00,scheduled_23_59_exit,-0.049718948094078605,0.28424914505491444,"simulated minute opens; intrabar exits only known within minute, not actual exchange fills"
1551,2161.0,3111842.0,3111850.0,1.0,0.354,2992.25,2902.3,2902.8816879069223,3010.714738555194,0.52962825,0.5137071,0.0,-31.842299999999934,-32.885635350000484,6594.326561787433,6561.440926437433,0.16063148982310665,1.0,6561.440926437433,0.0,0.0,2025-12-01 00:00:00+00:00,2025-11-30 00:00:00+00:00,2025-12-01 00:01:00+00:00,72.21,0.03779644145023933,2990.02,2025-12-01 00:02:00+00:00,2025-12-01 00:10:00+00:00,2025-12-01 00:11:00+00:00,stop,-1.0394878545232922,0.2066139342092836,"simulated minute opens; intrabar exits only known within minute, not actual exchange fills"
1552,2162.0,3113282.0,3114164.0,-1.0,0.386,2796.41,2878.35,2877.76445777834,2776.1405669264063,0.53970713,0.55552155,-0.06009897648268898,-31.62884000000002,-32.66396970351798,6561.440926437433,6528.776956733915,0.16450872180389703,1.0,6526.573809384595,0.0,0.0,2025-12-02 00:00:00+00:00,2025-12-01 00:00:00+00:00,2025-12-02 00:01:00+00:00,74.22,0.038848523534645664,2797.47,2025-12-02 00:02:00+00:00,2025-12-02 14:44:00+00:00,2025-12-02 14:45:00+00:00,stop,-1.040160373268022,0.24914963023685832,"simulated minute opens; intrabar exits only known within minute, not actual exchange fills"
1553,2163.0,3114722.0,3114814.0,1.0,0.354,2997.25,3014.38,2908.7617031550735,3014.9835495336793,0.5305132499999999,0.53354526,0.0,6.064020000000038,4.999961489999805,6528.776956733915,6533.776918223914,0.16251535425875369,2.0,6523.741955389355,0.0,0.0,2025-12-03 00:00:00+00:00,2025-12-02 00:00:00+00:00,2025-12-03 00:01:00+00:00,70.56,0.03693279197796548,2994.63,2025-12-03 00:02:00+00:00,2025-12-03 01:34:00+00:00,2025-12-03 01:35:00+00:00,target,0.159616418256436,0.20040559221923834,"simulated minute opens; intrabar exits only known within minute, not actual exchange fills"
1554,2164.0,3116162.0,3116230.0,1.0,0.34700000000000003,3187.4300000000003,3208.12,3097.247909283189,3208.7623580913123,0.5530191050000001,0.55660882,0.0,7.179429999999861,6.069802074999643,6533.776918223914,6539.846720298914,0.16928006937534928,2.0,6528.435299118914,0.0,0.0,2025-12-04 00:00:00+00:00,2025-12-03 00:00:00+00:00,2025-12-04 00:01:00+00:00,69.75,0.03650881860066741,3187.07,2025-12-04 00:02:00+00:00,2025-12-04 01:10:00+00:00,2025-12-04 01:11:00+00:00,target,0.19396561846107402,0.23654761074789946,"simulated minute opens; intrabar exits only known within minute, not actual exchange fills"
1555,2165.0,3117602.0,3118183.0,-1.0,0.392,3137.87,3110.53,3217.354551913954,3109.9027767518505,0.61502252,0.60966388,-0.12150530066640002,10.71727999999988,9.61409890066625,6539.846720298914,6549.46081919958,0.18808468953593133,2.0,6518.207343035074,0.0,0.0,2025-12-05 00:00:00+00:00,2025-12-04 00:00:00+00:00,2025-12-05 00:01:00+00:00,69.48,0.036367494141568056,3132.01,2025-12-05 00:02:00+00:00,2025-12-05 09:43:00+00:00,2025-12-05 09:44:00+00:00,target,0.3085601152818977,0.3518573430271746,"simulated minute opens; intrabar exits only known within minute, not actual exchange fills"
1556,2166.0,3119042.0,3120479.0,-1.0,0.342,3015.32,3038.25,3107.1748384803864,2997.9501052865676,0.51561972,0.51954075,-0.03785326007400001,-7.842059999999945,-8.839367209925513,6549.46081919958,6540.621451989655,0.15745409713375907,3.0,6531.261666650958,0.0,0.0,2025-12-06 00:00:00+00:00,2025-12-05 00:00:00+00:00,2025-12-06 00:01:00+00:00,73.21,0.03831986537282955,3020.38,2025-12-06 00:02:00+00:00,2025-12-06 23:59:00+00:00,2025-12-06 23:59:00+00:00,scheduled_23_59_exit,-0.2813798748175634,0.18910157592995588,"simulated minute opens; intrabar exits only known within minute, not actual exchange fills"
1557,2167.0,3120482.0,3121344.0,1.0,0.363,3034.15,2947.15,2947.742202264345,3058.100589840177,0.550698225,0.5349077250000001,-0.010734142319999999,-31.581,-32.65587180768034,6540.621451989655,6507.9655801819745,0.16839324184783017,1.0,6507.9655801819745,0.0,0.0,2025-12-07 00:00:00+00:00,2025-12-06 00:00:00+00:00,2025-12-07 00:01:00+00:00,73.28,0.038356505047410866,3036.53,2025-12-07 00:02:00+00:00,2025-12-07 14:24:00+00:00,2025-12-07 14:25:00+00:00,stop,-1.0411222333800971,0.2771808849179104,"simulated minute opens; intrabar exits only known within minute, not actual exchange fills"
1558,2168.0,3121922.0,3121992.0,1.0,0.356,3053.27,3079.96,2965.6124135961013,3080.5762596281857,0.54348206,0.54823288,0.0,9.50164000000002,8.409925059999296,6507.9655801819745,6516.375505241974,0.16702056988592837,2.0,6502.445218121974,0.0,0.0,2025-12-08 00:00:00+00:00,2025-12-07 00:00:00+00:00,2025-12-08 00:01:00+00:00,75.68,0.03961272246162738,3058.14,2025-12-08 00:02:00+00:00,2025-12-08 01:12:00+00:00,2025-12-08 01:13:00+00:00,target,0.26949618360638944,0.3115105120778365,"simulated minute opens; intrabar exits only known within minute, not actual exchange fills"
1559,2169.0,3123362.0,3124262.0,1.0,0.336,3125.19,3144.52,3031.964390384057,3145.156482712275,0.52503192,0.52827936,0.0651632750496,6.494879999999976,5.376405444950251,6516.375505241974,6521.751910686924,0.16114231587103847,2.0,6503.999753321973,0.0,0.0,2025-12-09 00:00:00+00:00,2025-12-08 00:00:00+00:00,2025-12-09 00:01:00+00:00,72.94,0.038178540913730186,3123.14,2025-12-09 00:02:00+00:00,2025-12-09 15:02:00+00:00,2025-12-09 15:03:00+00:00,target,0.17163960361663425,0.2141737961760729,"simulated minute opens; intrabar exits only known within minute, not actual exchange fills"
1560,2170.0,3124802.0,3125389.0,1.0,0.317,3320.26,3339.21,3221.4415305028037,3339.880531754715,0.52626121,0.529264785,0.07831928201117068,6.0071499999999425,4.873304722989815,6521.751910686924,6526.625215409914,0.16138645480753036,2.0,6510.712573011734,0.0,0.0,2025-12-10 00:00:00+00:00,2025-12-09 00:00:00+00:00,2025-12-10 00:01:00+00:00,72.22,0.037801675689465235,3316.49,2025-12-10 00:02:00+00:00,2025-12-10 09:49:00+00:00,2025-12-10 09:50:00+00:00,target,0.15557011859338157,0.198551261262666,"simulated minute opens; intrabar exits only known within minute, not actual exchange fills"
1561,2171.0,3126242.0,3126371.0,1.0,0.333,3324.7000000000003,3230.21,3230.861979257268,3345.4623890200346,0.5535625500000001,0.537829965,0.0,-31.465170000000082,-32.55656251500022,6526.625215409914,6494.068652894914,0.16963209368694623,1.0,6494.068652894914,0.0,0.0,2025-12-11 00:00:00+00:00,2025-12-10 00:00:00+00:00,2025-12-11 00:01:00+00:00,69.64,0.03645124196918249,3322.79,2025-12-11 00:02:00+00:00,2025-12-11 02:11:00+00:00,2025-12-11 02:12:00+00:00,stop,-1.0418746498079012,0.22125774665427816,"simulated minute opens; intrabar exits only known within minute, not actual exchange fills"
1562,2172.0,3127682.0,3127734.0,-1.0,0.34400000000000003,3234.76,3213.65,3325.006285709754,3213.0050950923105,0.5563787200000001,0.5527478000000001,0.0,7.261840000000045,6.152713479999875,6494.068652894914,6500.2213663749135,0.17134981157058712,2.0,6490.059084839953,0.0,0.0,2025-12-12 00:00:00+00:00,2025-12-11 00:00:00+00:00,2025-12-12 00:01:00+00:00,69.75,0.03650881860066741,3235.77,2025-12-12 00:02:00+00:00,2025-12-12 00:54:00+00:00,2025-12-12 00:55:00+00:00,target,0.19818871058608584,0.24106149894807705,"simulated minute opens; intrabar exits only known within minute, not actual exchange fills"
1563,2173.0,3129122.0,3130559.0,-1.0,0.378,3084.7000000000003,3114.82,3166.799730248131,3061.813943321581,0.5830083,0.58870098,-0.02285125749194393,-11.38535999999996,-12.534218022508867,6500.2213663749135,6487.687148352405,0.17938106016384361,3.0,6481.072632338566,0.0,0.0,2025-12-13 00:00:00+00:00,2025-12-12 00:00:00+00:00,2025-12-13 00:01:00+00:00,68.59,0.035901646850462765,3083.34,2025-12-13 00:02:00+00:00,2025-12-13 23:59:00+00:00,2025-12-13 23:59:00+00:00,scheduled_23_59_exit,-0.40389057110950993,0.2787592189310554,"simulated minute opens; intrabar exits only known within minute, not actual exchange fills"
1564,2174.0,3130562.0,3131972.0,1.0,0.36,3112.82,3026.03,3026.6364136331676,3133.869730910403,0.5603076,0.5446854000000001,0.14628886396263904,-31.244399999999985,-32.49568186396209,6487.687148352405,6455.1914664884425,0.1727295374106608,1.0,6455.1914664884425,0.0,0.0,2025-12-14 00:00:00+00:00,2025-12-13 00:00:00+00:00,2025-12-14 00:01:00+00:00,69.09,0.03616335881175787,3113.01,2025-12-14 00:02:00+00:00,2025-12-14 23:32:00+00:00,2025-12-14 23:33:00+00:00,stop,-1.0473662881844141,0.24424292139348633,"simulated minute opens; intrabar exits only known within minute, not actual exchange fills"
1565,2175.0,3132002.0,3132141.0,-1.0,0.454,3079.78,3147.67,3147.0318104571725,3039.957732703642,0.6991100600000001,0.7145210900000001,0.0,-30.822059999999944,-32.23569115000009,6455.1914664884425,6422.955775338442,0.21660397329168882,1.0,6422.955775338442,0.0,0.0,2025-12-15 00:00:00+00:00,2025-12-14 00:00:00+00:00,2025-12-15 00:01:00+00:00,70.9,0.03711075611164616,3062.02,2025-12-15 00:02:00+00:00,2025-12-15 02:21:00+00:00,2025-12-15 02:22:00+00:00,stop,-1.0557890489092074,0.5921367324634075,"simulated minute opens; intrabar exits only known within minute, not actual exchange fills"
1566,2176.0,3133442.0,3133497.0,-1.0,0.367,2959.71,2942.9,3043.413652490314,2942.30439172707,0.543106785,0.54002215,0.0,6.16926999999998,5.086141064999538,6422.955775338442,6428.041916403442,0.1691142844499446,2.0,6416.111278553442,0.0,0.0,2025-12-16 00:00:00+00:00,2025-12-15 00:00:00+00:00,2025-12-16 00:01:00+00:00,69.15,0.03619476424711328,2963.25,2025-12-16 00:02:00+00:00,2025-12-16 00:57:00+00:00,2025-12-16 00:58:00+00:00,target,0.1655685813901906,0.20794323491372174,"simulated minute opens; intrabar exits only known within minute, not actual exchange fills"
1567,2177.0,3134882.0,3135015.0,-1.0,0.357,2954.65,2940.59,3040.8302806602514,2939.99328817147,0.5274050250000001,0.524895315,0.0,5.019419999999981,3.9671196600002077,6428.041916403442,6432.009036063442,0.16409507960865594,2.0,6420.955328237302,0.0,0.0,2025-12-17 00:00:00+00:00,2025-12-16 00:00:00+00:00,2025-12-17 00:01:00+00:00,69.06,0.03614765609408016,2960.84,2025-12-17 00:02:00+00:00,2025-12-17 02:15:00+00:00,2025-12-17 02:16:00+00:00,target,0.12894341855080438,0.17007036547387658,"simulated minute opens; intrabar exits only known within minute, not actual exchange fills"
1568,2178.0,3136322.0,3137113.0,-1.0,0.378,2827.91,2909.9,2909.3181103085444,2811.775904215141,0.53447499,0.5499710999999999,0.034141890938400005,-30.99222000000009,-32.11080798093826,6432.009036063442,6399.898228082504,0.16619223853799578,1.0,6399.898228082504,0.0,0.0,2025-12-18 00:00:00+00:00,2025-12-17 00:00:00+00:00,2025-12-18 00:01:00+00:00,69.58,0.03641983653382707,2832.0,2025-12-18 00:02:00+00:00,2025-12-18 13:13:00+00:00,2025-12-18 13:14:00+00:00,stop,-1.0434983337757613,0.19818781843367972,"simulated minute opens; intrabar exits only known within minute, not actual exchange fills"
1569,2179.0,3137762.0,3137869.0,-1.0,0.387,2826.29,2807.64,2905.384635280664,2807.0731004112663,0.546887115,0.54327834,0.0,7.217550000000036,6.127384545000496,6399.898228082504,6406.025612627504,0.1709049411443078,2.0,6394.148064469335,0.0,0.0,2025-12-19 00:00:00+00:00,2025-12-18 00:00:00+00:00,2025-12-19 00:01:00+00:00,69.74,0.0365035843614415,2827.3,2025-12-19 00:02:00+00:00,2025-12-19 01:49:00+00:00,2025-12-19 01:50:00+00:00,target,0.20017836789838406,0.24296084709845725,"simulated minute opens; intrabar exits only known within minute, not actual exchange fills"
1570,2180.0,3139202.0,3140639.0,1.0,0.366,2979.5,2976.87,2895.58463350358,2998.4945225917163,0.5452485,0.54476721,0.03065744222192463,-0.96258000000004,-2.083253152221914,6406.025612627504,6403.9423594752825,0.17022988447789242,3.0,6400.712520917671,0.0,0.0,2025-12-20 00:00:00+00:00,2025-12-19 00:00:00+00:00,2025-12-20 00:01:00+00:00,68.63,0.03592258380736636,2978.33,2025-12-20 00:02:00+00:00,2025-12-20 23:59:00+00:00,2025-12-20 23:59:00+00:00,scheduled_23_59_exit,-0.06782963289067426,0.22635332936937863,"simulated minute opens; intrabar exits only known within minute, not actual exchange fills"
1571,2181.0,3140642.0,3141450.0,-1.0,0.37,2974.93,2956.32,3057.6248675186453,2955.7285635461403,0.5503620499999999,0.5469192,-0.04628500064818324,6.885699999999879,5.83470375064735,6403.9423594752825,6409.77706322593,0.17188226223981654,2.0,6390.02240796673,0.0,0.0,2025-12-21 00:00:00+00:00,2025-12-20 00:00:00+00:00,2025-12-21 00:01:00+00:00,68.51,0.03585977293665554,2976.54,2025-12-21 00:02:00+00:00,2025-12-21 13:30:00+00:00,2025-12-21 13:31:00+00:00,target,0.19069465940904504,0.23219622970591394,"simulated minute opens; intrabar exits only known within minute, not actual exchange fills"
1572,2182.0,3142082.0,3142093.0,1.0,0.356,3003.35,3020.25,2917.1075900229175,3020.857375536188,0.5345962999999999,0.5376045,0.0,6.016400000000032,4.944199200000185,6409.77706322593,6414.72126242593,0.1668065190806954,2.0,6408.46759291153,0.0,0.0,2025-12-22 00:00:00+00:00,2025-12-21 00:00:00+00:00,2025-12-22 00:01:00+00:00,68.81,0.03601680011343261,3000.62,2025-12-22 00:02:00+00:00,2025-12-22 00:13:00+00:00,2025-12-22 00:14:00+00:00,target,0.16103677997508534,0.2030019284113293,"simulated minute opens; intrabar exits only known within minute, not actual exchange fills"
1573,2183.0,3143522.0,3143555.0,1.0,0.387,3005.82,3028.01,2926.6674666162044,3028.62339400703,0.58162617,0.5859199350000001,0.0,8.58753000000002,7.419983894999859,6414.72126242593,6422.14124632093,0.1813410579215221,2.0,6413.49693425677,0.0,0.0,2025-12-23 00:00:00+00:00,2025-12-22 00:00:00+00:00,2025-12-23 00:01:00+00:00,68.12,0.03565563760684536,3008.49,2025-12-23 00:02:00+00:00,2025-12-23 00:35:00+00:00,2025-12-23 00:36:00+00:00,target,0.24222958104237727,0.28809430389878465,"simulated minute opens; intrabar exits only known within minute, not actual exchange fills"
1574,2184.0,3144962.0,3145104.0,-1.0,0.406,2966.02,2943.79,3041.474283015488,2943.1978775843454,0.6021020600000001,0.59758937,0.0,9.025380000000007,7.8256885700002385,6422.14124632093,6429.96693489093,0.18750819606931815,2.0,6417.29644426093,0.0,0.0,2025-12-24 00:00:00+00:00,2025-12-23 00:00:00+00:00,2025-12-24 00:01:00+00:00,66.94,0.035037997378188905,2963.29,2025-12-24 00:02:00+00:00,2025-12-24 02:24:00+00:00,2025-12-24 02:25:00+00:00,target,0.25545395476150984,0.30246291533868375,"simulated minute opens; intrabar exits only known within minute, not actual exchange fills"
1575,2185.0,3146402.0,3146895.0,-1.0,0.381,2941.59,2927.15,3022.1743472675184,2926.5558660727133,0.5603728950000001,0.557622075,-0.07493636747520001,5.5016400000000205,4.458581397474518,6429.96693489093,6434.425516288405,0.1743003970857917,2.0,6423.946831995931,0.0,0.0,2025-12-25 00:00:00+00:00,2025-12-24 00:00:00+00:00,2025-12-25 00:01:00+00:00,65.7,0.034388951714177045,2946.23,2025-12-25 00:02:00+00:00,2025-12-25 08:15:00+00:00,2025-12-25 08:16:00+00:00,target,0.14521819405386116,0.1865639474298592,"simulated minute opens; intrabar exits only known within minute, not actual exchange fills"
1576,2186.0,3147842.0,3147976.0,-1.0,0.41500000000000004,2902.65,2977.09,2976.4847154402273,2883.0833411596923,0.602299875,0.6177461750000002,0.0,-30.892600000000026,-32.112646050000876,6434.425516288405,6402.312870238404,0.1872117016430791,1.0,6402.312870238404,0.0,0.0,2025-12-26 00:00:00+00:00,2025-12-25 00:00:00+00:00,2025-12-26 00:01:00+00:00,65.15,0.03410106855675243,2902.32,2025-12-26 00:02:00+00:00,2025-12-26 02:16:00+00:00,2025-12-26 02:17:00+00:00,stop,-1.0480147385770702,0.26500621995554335,"simulated minute opens; intrabar exits only known within minute, not actual exchange fills"
1577,2187.0,3149282.0,3150614.0,1.0,0.418,2929.01,2943.17,2856.0580302467934,2943.768486209936,0.61216309,0.61512253,0.09309655270080001,5.918879999999939,4.59849782729907,6402.312870238404,6406.911368065703,0.19123185711391352,2.0,6396.436294431843,0.0,0.0,2025-12-27 00:00:00+00:00,2025-12-26 00:00:00+00:00,2025-12-27 00:01:00+00:00,60.04,0.03142637231231644,2926.82,2025-12-27 00:02:00+00:00,2025-12-27 22:14:00+00:00,2025-12-27 22:15:00+00:00,target,0.15080046517751625,0.20230414970100094,"simulated minute opens; intrabar exits only known within minute, not actual exchange fills"
1578,2188.0,3150722.0,3152159.0,1.0,0.40800000000000003,2950.1,2948.79,2875.259557755039,2964.8258197873315,0.6018204,0.60155316,0.15329164171979556,-0.5344799999999778,-1.8911452017200645,6406.911368065703,6405.020222863983,0.18786599827170528,3.0,6396.240606719823,0.0,0.0,2025-12-28 00:00:00+00:00,2025-12-27 00:00:00+00:00,2025-12-28 00:01:00+00:00,61.01,0.03193409351722894,2947.61,2025-12-28 00:02:00+00:00,2025-12-28 23:59:00+00:00,2025-12-28 23:59:00+00:00,scheduled_23_59_exit,-0.06193389121039719,0.19676286437662174,"simulated minute opens; intrabar exits only known within minute, not actual exchange fills"
1579,2189.0,3152162.0,3152190.0,1.0,0.435,2946.33,2966.43,2876.3538932891693,2967.025522463383,0.640826775,0.6451985250000001,0.0,8.74349999999996,7.457474699999693,6405.020222863983,6412.4776975639825,0.20010140567938955,2.0,6403.2570960889825,0.0,0.0,2025-12-29 00:00:00+00:00,2025-12-28 00:00:00+00:00,2025-12-29 00:01:00+00:00,61.89,0.032394706569108325,2949.6,2025-12-29 00:02:00+00:00,2025-12-29 00:30:00+00:00,2025-12-29 00:31:00+00:00,target,0.24499248108848937,0.29575127048587,"simulated minute opens; intrabar exits only known within minute, not actual exchange fills"
1580,2190.0,3153602.0,3153795.0,-1.0,0.437,2936.55,2918.94,3006.25999191888,2918.3495111741267,0.6416361750000001,0.6377883900000001,0.0,7.695570000000056,6.416145435000544,6412.4776975639825,6418.893842998983,0.20012114045831284,2.0,6409.940744961373,0.0,0.0,2025-12-30 00:00:00+00:00,2025-12-29 00:00:00+00:00,2025-12-30 00:01:00+00:00,61.31,0.032091120694006006,2936.45,2025-12-30 00:02:00+00:00,2025-12-30 03:15:00+00:00,2025-12-30 03:16:00+00:00,target,0.2106190891126006,0.26108866641460754,"simulated minute opens; intrabar exits only known within minute, not actual exchange fills"
1581,2191.0,3155042.0,3155729.0,1.0,0.446,2969.54,2989.04,2901.2630659041274,2989.638479856709,0.66220742,0.6665559200000001,0.01599158481206656,8.697000000000001,7.352245075187966,6418.893842998983,6426.246088074171,0.20633069690730665,2.0,6414.4807755789825,0.0,0.0,2025-12-31 00:00:00+00:00,2025-12-30 00:00:00+00:00,2025-12-31 00:01:00+00:00,60.69,0.03176659786200007,2972.22,2025-12-31 00:02:00+00:00,2025-12-31 11:29:00+00:00,2025-12-31 11:30:00+00:00,target,0.24144104662820684,0.2943670526928977,"simulated minute opens; intrabar exits only known within minute, not actual exchange fills"
1582,2192.0,3156482.0,3157919.0,-1.0,0.441,2971.94,3003.4,3041.0442362120316,2952.571289798194,0.65531277,0.6622497,-0.10815319374115222,-13.873860000000017,-15.083269276258761,6426.246088074171,6411.162818797912,0.20394885630543455,3.0,6409.549508497913,0.0,0.0,2026-01-01 00:00:00+00:00,2025-12-31 00:00:00+00:00,2026-01-01 00:01:00+00:00,60.79,0.03181894025425909,2970.4,2026-01-01 00:02:00+00:00,2026-01-01 23:59:00+00:00,2026-01-01 23:59:00+00:00,scheduled_23_59_exit,-0.494939623640083,0.2802825306161755,"simulated minute opens; intrabar exits only known within minute, not actual exchange fills"
1583,2193.0,3157922.0,3158139.0,1.0,0.428,3004.75,3019.01,2933.5219371917924,3019.620489679854,0.6430165,0.6460681400000001,0.0,6.103280000000093,4.814195359999758,6411.162818797912,6415.977014157912,0.20059278423397303,2.0,6405.041452065752,0.0,0.0,2026-01-02 00:00:00+00:00,2026-01-01 00:00:00+00:00,2026-01-02 00:01:00+00:00,58.82,0.030787795126756376,3002.49,2026-01-02 00:02:00+00:00,2026-01-02 03:39:00+00:00,2026-01-02 03:40:00+00:00,target,0.15791697199861673,0.20877290626161032,"simulated minute opens; intrabar exits only known within minute, not actual exchange fills"
1584,2194.0,3159362.0,3160799.0,1.0,0.402,3127.03,3124.83,3051.018610781354,3142.0534912490034,0.62853303,0.62809083,0.0827517921384,-0.8844000000001098,-2.223775652139011,6415.977014157912,6413.753238505773,0.19592745691358876,3.0,6394.561986664572,0.0,0.0,2026-01-03 00:00:00+00:00,2026-01-02 00:00:00+00:00,2026-01-03 00:01:00+00:00,59.82,0.031311219049346584,3123.89,2026-01-03 00:02:00+00:00,2026-01-03 23:59:00+00:00,2026-01-03 23:59:00+00:00,scheduled_23_59_exit,-0.07277567593573879,0.1976478972879735,"simulated minute opens; intrabar exits only known within minute, not actual exchange fills"
1585,2195.0,3160802.0,3160805.0,1.0,0.40900000000000003,3126.04,3143.28,3051.386787388169,3143.913317583738,0.63927518,0.6428007600000001,0.0,7.051160000000097,5.769084059999841,6413.753238505773,6419.522322565773,0.1993451123632357,2.0,6412.848113325773,0.0,0.0,2026-01-04 00:00:00+00:00,2026-01-03 00:00:00+00:00,2026-01-04 00:01:00+00:00,60.96,0.03190792232109943,3125.47,2026-01-04 00:02:00+00:00,2026-01-04 00:05:00+00:00,2026-01-04 00:06:00+00:00,target,0.18894484921020296,0.23941792936189482,"simulated minute opens; intrabar exits only known within minute, not actual exchange fills"
1586,2196.0,3162242.0,3162289.0,1.0,0.358,3154.25,3161.38,3068.415993653897,3162.014391773068,0.5646107499999999,0.56588702,0.0,2.552540000000039,1.422042230000443,6419.522322565773,6420.944364795773,0.17590428746241502,2.0,6414.725887694113,0.0,0.0,2026-01-05 00:00:00+00:00,2026-01-04 00:00:00+00:00,2026-01-05 00:01:00+00:00,61.43,0.032153931564716826,3143.32,2026-01-05 00:02:00+00:00,2026-01-05 00:49:00+00:00,2026-01-05 00:50:00+00:00,target,0.04627752063656982,0.09045822400226879,"simulated minute opens; intrabar exits only known within minute, not actual exchange fills"
1587,2197.0,3163682.0,3163769.0,1.0,0.378,3227.91,3242.4,3146.864488942962,3243.05183502305,0.61007499,0.6128136000000001,0.0,5.47722000000009,4.2543314100003045,6420.944364795773,6425.198696205774,0.19002656162070772,2.0,6410.684899201913,0.0,0.0,2026-01-06 00:00:00+00:00,2026-01-05 00:00:00+00:00,2026-01-06 00:01:00+00:00,61.57,0.032227210913879464,3223.71,2026-01-06 00:02:00+00:00,2026-01-06 01:29:00+00:00,2026-01-06 01:30:00+00:00,target,0.13887067714435064,0.18683126092441665,"simulated minute opens; intrabar exits only known within minute, not actual exchange fills"
1588,2198.0,3165122.0,3165698.0,1.0,0.41200000000000003,3291.4300000000003,3216.88,3217.523600947276,3315.2821791707793,0.6780345800000002,0.6626772800000001,0.09743829664000002,-30.71460000000008,-32.15275015663974,6425.198696205774,6393.045946049134,0.21105482088838592,1.0,6393.045946049134,0.0,0.0,2026-01-07 00:00:00+00:00,2026-01-06 00:00:00+00:00,2026-01-07 00:01:00+00:00,61.6,0.032242913631557166,3295.46,2026-01-07 00:02:00+00:00,2026-01-07 09:38:00+00:00,2026-01-07 09:39:00+00:00,stop,-1.0559390894464462,0.32273496580131056,"simulated minute opens; intrabar exits only known within minute, not actual exchange fills"
1589,2199.0,3166562.0,3166726.0,-1.0,0.40900000000000003,3167.66,3149.87,3241.9491134890586,3149.234366761962,0.64778647,0.644148415,0.0,7.276109999999986,5.9841751149997435,6393.045946049134,6399.030121164134,0.20265346924350774,2.0,6386.250889579133,0.0,0.0,2026-01-08 00:00:00+00:00,2026-01-07 00:00:00+00:00,2026-01-08 00:01:00+00:00,59.83,0.031316453288572486,3167.52,2026-01-08 00:02:00+00:00,2026-01-08 02:46:00+00:00,2026-01-08 02:47:00+00:00,target,0.19694992055806734,0.24802602121172843,"simulated minute opens; intrabar exits only known within minute, not actual exchange fills"
1590,2200.0,3168002.0,3168097.0,-1.0,0.41600000000000004,3104.38,3088.5,3177.3909468994825,3087.875913482303,0.64571104,0.642408,0.0,6.606080000000046,5.317960960000164,6399.030121164134,6404.348082124134,0.20181528380820626,2.0,6380.998120501094,0.0,0.0,2026-01-09 00:00:00+00:00,2026-01-08 00:00:00+00:00,2026-01-09 00:01:00+00:00,59.01,0.03088724567204851,3105.45,2026-01-09 00:02:00+00:00,2026-01-09 01:37:00+00:00,2026-01-09 01:38:00+00:00,target,0.17509100405998185,0.226049479133848,"simulated minute opens; intrabar exits only known within minute, not actual exchange fills"
1591,2201.0,3169442.0,3170879.0,-1.0,0.435,3085.6,3086.09,3155.3855795207846,3070.243835161395,0.671118,0.6712245750000001,-0.20550561989399999,-0.21315000000010287,-1.3499869551060328,6404.348082124134,6402.998095169028,0.2095819875478754,3.0,6396.473442863483,0.0,0.0,2026-01-10 00:00:00+00:00,2026-01-09 00:00:00+00:00,2026-01-10 00:01:00+00:00,57.08,0.029877037501449398,3087.15,2026-01-10 00:02:00+00:00,2026-01-10 23:59:00+00:00,2026-01-10 23:59:00+00:00,scheduled_23_59_exit,-0.04447076758423655,0.22004782283181043,"simulated minute opens; intrabar exits only known within minute, not actual exchange fills"
1592,2202.0,3170882.0,3172319.0,-1.0,0.439,3084.32,3122.6800000000003,3153.3328952469283,3068.6179655550563,0.67700824,0.68542826,-0.169690275641807,-16.840040000000055,-18.03278622435755,6402.998095169028,6384.96530894467,0.21146601324488704,3.0,6375.04350690408,0.0,0.0,2026-01-11 00:00:00+00:00,2026-01-10 00:00:00+00:00,2026-01-11 00:01:00+00:00,57.04,0.029856100544545794,3085.47,2026-01-11 00:02:00+00:00,2026-01-11 23:59:00+00:00,2026-01-11 23:59:00+00:00,scheduled_23_59_exit,-0.5952070499247729,0.22752319532113452,"simulated minute opens; intrabar exits only known within minute, not actual exchange fills"
1593,2203.0,3172322.0,3172454.0,1.0,0.465,3118.17,3138.81,3053.24290046566,3139.438259215705,0.7249745250000001,0.729773325,0.0,9.597599999999941,8.14285215000018,6384.96530894467,6393.10816109467,0.22708800750550248,2.0,6374.21672232607,0.0,0.0,2026-01-12 00:00:00+00:00,2026-01-11 00:00:00+00:00,2026-01-12 00:01:00+00:00,58.24,0.03048420925165405,3122.0,2026-01-12 00:02:00+00:00,2026-01-12 02:14:00+00:00,2026-01-12 02:15:00+00:00,target,0.2697103386042764,0.3275713741756786,"simulated minute opens; intrabar exits only known within minute, not actual exchange fills"
1594,2204.0,3173762.0,3174572.0,-1.0,0.457,3096.34,3163.06,3162.41868560202,3076.8220982030034,0.7075136900000001,0.7227592100000001,-0.1307092074384,-30.49103999999991,-31.79060369256149,6393.10816109467,6361.317557402109,0.22133637416165813,1.0,6361.317557402109,0.0,0.0,2026-01-13 00:00:00+00:00,2026-01-12 00:00:00+00:00,2026-01-13 00:01:00+00:00,57.56,0.030128280984292703,3093.84,2026-01-13 00:02:00+00:00,2026-01-13 13:32:00+00:00,2026-01-13 13:33:00+00:00,stop,-1.0527401323895775,0.295373638551916,"simulated minute opens; intrabar exits only known within minute, not actual exchange fills"
1595,2205.0,3175202.0,3175287.0,1.0,0.371,3332.8,3342.9300000000003,3251.041445579171,3343.603576648963,0.6182344000000001,0.620113515,0.0,3.7582300000000406,2.519882085000063,6361.317557402109,6363.837439487109,0.19437306640370902,2.0,6353.829743202509,0.0,0.0,2026-01-14 00:00:00+00:00,2026-01-13 00:00:00+00:00,2026-01-14 00:01:00+00:00,58.6,0.030672641863786522,3324.69,2026-01-14 00:02:00+00:00,2026-01-14 01:27:00+00:00,2026-01-14 01:28:00+00:00,target,0.08307552705787298,0.13214001550656768,"simulated minute opens; intrabar exits only known within minute, not actual exchange fills"
1596,2206.0,3176642.0,3176859.0,1.0,0.428,3351.0,3280.11,3280.767746200331,3371.9115645631696,0.717114,0.70194354,0.0,-30.340919999999944,-31.759977540000364,6363.837439487109,6332.0774619471085,0.22537156450614665,1.0,6332.0774619471085,0.0,0.0,2026-01-15 00:00:00+00:00,2026-01-14 00:00:00+00:00,2026-01-15 00:01:00+00:00,57.09,0.029882271740675304,3353.27,2026-01-15 00:02:00+00:00,2026-01-15 03:39:00+00:00,2026-01-15 03:40:00+00:00,stop,-1.0565737390638998,0.2977487326950654,"simulated minute opens; intrabar exits only known within minute, not actual exchange fills"
1597,2207.0,3178082.0,3178204.0,-1.0,0.419,3318.67,3299.73,3390.102373257373,3299.0699627289337,0.695261365,0.691293435,0.0,7.935860000000022,6.549305200000163,6332.0774619471085,6338.626767147109,0.2195997661678029,2.0,6328.544001766499,0.0,0.0,2026-01-16 00:00:00+00:00,2026-01-15 00:00:00+00:00,2026-01-16 00:01:00+00:00,56.42,0.02953157771253986,3317.0,2026-01-16 00:02:00+00:00,2026-01-16 02:04:00+00:00,2026-01-16 02:05:00+00:00,target,0.21881955319728974,0.27438591743895846,"simulated minute opens; intrabar exits only known within minute, not actual exchange fills"
1598,2208.0,3179522.0,3180959.0,-1.0,0.421,3292.86,3309.48,3364.1024185114798,3277.74610253936,0.69314703,0.69664554,-0.19621415641524165,-6.997019999999954,-8.190598413583757,6338.626767147109,6330.436168733525,0.21870574036400375,3.0,6323.184334273525,0.0,0.0,2026-01-17 00:00:00+00:00,2026-01-16 00:00:00+00:00,2026-01-17 00:01:00+00:00,53.97,0.028249189102193834,3294.77,2026-01-17 00:02:00+00:00,2026-01-17 23:59:00+00:00,2026-01-17 23:59:00+00:00,scheduled_23_59_exit,-0.27308313679744817,0.21214745058387893,"simulated minute opens; intrabar exits only known within minute, not actual exchange fills"
1599,2209.0,3180962.0,3181781.0,1.0,0.452,3307.3,3325.57,3241.228937480436,3326.2390160055193,0.7474498000000002,0.7515788200000001,0.0201860789032,8.258039999999992,6.738825301096767,6330.436168733525,6337.174994034622,0.23614480268885985,2.0,6324.169798933524,0.0,0.0,2026-01-18 00:00:00+00:00,2026-01-17 00:00:00+00:00,2026-01-18 00:01:00+00:00,54.21,0.028374810843615487,3308.87,2026-01-18 00:02:00+00:00,2026-01-18 13:41:00+00:00,2026-01-18 13:42:00+00:00,target,0.22564955011863558,0.2866461546597809,"simulated minute opens; intrabar exits only known within minute, not actual exchange fills"
1600,2211.0,3183842.0,3184133.0,-1.0,0.44,3187.08,3171.88,3255.2081392018317,3171.236443802945,0.7011576,0.6978136,0.0,6.68799999999992,5.289028799999869,6337.174994034622,6342.464022834622,0.22128396348846963,2.0,6331.000236434621,0.0,0.0,2026-01-20 00:00:00+00:00,2026-01-19 00:00:00+00:00,2026-01-20 00:01:00+00:00,55.02,0.02879878422091356,3188.01,2026-01-20 00:02:00+00:00,2026-01-20 04:53:00+00:00,2026-01-20 04:54:00+00:00,target,0.17643986964605807,0.23255524637357228,"simulated minute opens; intrabar exits only known within minute, not actual exchange fills"
1601,2212.0,3185282.0,3185300.0,-1.0,0.515,2943.81,2922.79,3001.7297961481245,2922.2006953619343,0.758031075,0.752618425,0.0,10.825299999999991,9.314650500000425,6342.464022834622,6351.778673334622,0.2390336223495723,2.0,6339.243884961122,0.0,0.0,2026-01-21 00:00:00+00:00,2026-01-20 00:00:00+00:00,2026-01-21 00:01:00+00:00,56.39,0.02951587499486215,2938.24,2026-01-21 00:02:00+00:00,2026-01-21 00:20:00+00:00,2026-01-21 00:21:00+00:00,target,0.3122714719807673,0.37309013627744514,"simulated minute opens; intrabar exits only known within minute, not actual exchange fills"
1602,2213.0,3186722.0,3186732.0,1.0,0.451,2985.27,2995.51,2918.434442293929,2996.11458291861,0.673178385,0.6754875050000001,0.0,4.618240000000107,3.2695741099996667,6351.778673334622,6355.048247444622,0.21196531542450234,2.0,6350.703864440342,0.0,0.0,2026-01-22 00:00:00+00:00,2026-01-21 00:00:00+00:00,2026-01-22 00:01:00+00:00,54.11,0.028322468451356466,2980.66,2026-01-22 00:02:00+00:00,2026-01-22 00:12:00+00:00,2026-01-22 00:13:00+00:00,target,0.10846935746210934,0.16225768574120464,"simulated minute opens; intrabar exits only known within minute, not actual exchange fills"
1603,2214.0,3188162.0,3188584.0,-1.0,0.482,2951.21,2936.0,3013.4948100266583,2935.4106021328366,0.7112416100000001,0.707576,0.0,7.331220000000017,5.912402390000352,6355.048247444622,6360.960649834622,0.22383515665234857,2.0,6338.720205834622,0.0,0.0,2026-01-23 00:00:00+00:00,2026-01-22 00:00:00+00:00,2026-01-23 00:01:00+00:00,54.79,0.028678396718717806,2951.21,2026-01-23 00:02:00+00:00,2026-01-23 07:04:00+00:00,2026-01-23 07:05:00+00:00,target,0.19694039356868284,0.2536637401703748,"simulated minute opens; intrabar exits only known within minute, not actual exchange fills"
1604,2215.0,3189602.0,3191039.0,1.0,0.482,2956.32,2950.75,2893.893659625775,2970.2150269194276,0.71247312,0.7111307499999999,0.0350897623376,-2.6847400000000787,-4.143433632337292,6360.960649834622,6356.817216202285,0.22401431457323148,3.0,6353.6605395943625,0.0,0.0,2026-01-24 00:00:00+00:00,2026-01-23 00:00:00+00:00,2026-01-24 00:01:00+00:00,53.4,0.027950837466317414,2955.08,2026-01-24 00:02:00+00:00,2026-01-24 23:59:00+00:00,2026-01-24 23:59:00+00:00,scheduled_23_59_exit,-0.13770365658578063,0.22258275651161602,"simulated minute opens; intrabar exits only known within minute, not actual exchange fills"
1605,2216.0,3191042.0,3191250.0,-1.0,0.481,2951.48,2936.9900000000002,3013.874784814287,2936.396932922983,0.7098309399999999,0.706346095,0.0,6.969689999999895,5.553512964999754,6356.817216202285,6362.3707291672845,0.2233290390010836,2.0,6352.360395262285,0.0,0.0,2026-01-25 00:00:00+00:00,2026-01-24 00:00:00+00:00,2026-01-25 00:01:00+00:00,54.44,0.028495198345811237,2952.09,2026-01-25 00:02:00+00:00,2026-01-25 03:30:00+00:00,2026-01-25 03:31:00+00:00,target,0.18504375060134448,0.24173602203950953,"simulated minute opens; intrabar exits only known within minute, not actual exchange fills"
1606,2217.0,3192482.0,3192553.0,-1.0,0.481,2812.2200000000003,2875.43,2874.8475704873968,2800.0314152734522,0.67633891,0.6915409149999999,0.0,-30.404009999999797,-31.771889824999562,6362.3707291672845,6330.598839342285,0.21260594164984165,1.0,6330.598839342285,0.0,0.0,2026-01-26 00:00:00+00:00,2026-01-25 00:00:00+00:00,2026-01-26 00:01:00+00:00,55.58,0.029091901617564076,2815.49,2026-01-26 00:02:00+00:00,2026-01-26 01:13:00+00:00,2026-01-26 01:14:00+00:00,stop,-1.054708405354669,0.19462011110587327,"simulated minute opens; intrabar exits only known within minute, not actual exchange fills"
1607,2218.0,3193922.0,3194079.0,1.0,0.492,2927.43,2943.16,2866.6820603132614,2943.7517683172587,0.7201477799999999,0.7240173599999999,0.0,7.739160000000009,6.294994859999861,6330.598839342285,6336.893834202285,0.22751332007473068,2.0,6321.765653515125,0.0,0.0,2026-01-27 00:00:00+00:00,2026-01-26 00:00:00+00:00,2026-01-27 00:01:00+00:00,54.22,0.02838004508284139,2928.9,2026-01-27 00:02:00+00:00,2026-01-27 02:39:00+00:00,2026-01-27 02:40:00+00:00,target,0.21061957106658666,0.2686801955988305,"simulated minute opens; intrabar exits only known within minute, not actual exchange fills"
1608,2219.0,3195362.0,3196070.0,1.0,0.495,3021.06,3039.69,2960.660181684344,3040.301421327115,0.74771235,0.752323275,0.142143257223,9.221850000000053,7.579671117776343,6336.893834202285,6344.473505320061,0.23598702126406232,2.0,6318.429621384761,0.0,0.0,2026-01-28 00:00:00+00:00,2026-01-27 00:00:00+00:00,2026-01-28 00:01:00+00:00,54.22,0.02838004508284139,3024.92,2026-01-28 00:02:00+00:00,2026-01-28 11:50:00+00:00,2026-01-28 11:51:00+00:00,target,0.2535184265716509,0.3185675365206766,"simulated minute opens; intrabar exits only known within minute, not actual exchange fills"
1609,2220.0,3196802.0,3196885.0,-1.0,0.5,3010.76,2994.02,3070.41670435804,2993.4126766267023,0.7526900000000001,0.748505,0.0,8.370000000000118,6.868805000000066,6344.473505320061,6351.342310320061,0.23727421963976786,2.0,6343.185815320061,0.0,0.0,2026-01-29 00:00:00+00:00,2026-01-28 00:00:00+00:00,2026-01-29 00:01:00+00:00,53.67,0.028092161925416775,3009.36,2026-01-29 00:02:00+00:00,2026-01-29 01:25:00+00:00,2026-01-29 01:26:00+00:00,target,0.2302777223084857,0.29078581460325154,"simulated minute opens; intrabar exits only known within minute, not actual exchange fills"
1610,2221.0,3198242.0,3198268.0,-1.0,0.539,2823.64,2806.03,2879.0455579239688,2805.460064437261,0.7609709800000001,0.7562250850000002,0.0,9.491789999999824,7.974593934999575,6351.342310320061,6359.316904255061,0.23962524544253472,2.0,6348.620158593922,0.0,0.0,2026-01-30 00:00:00+00:00,2026-01-29 00:00:00+00:00,2026-01-30 00:01:00+00:00,54.69,0.028626054326458785,2821.0,2026-01-30 00:02:00+00:00,2026-01-30 00:28:00+00:00,2026-01-30 00:29:00+00:00,target,0.2670339502817045,0.32812476300097426,"simulated minute opens; intrabar exits only known within minute, not actual exchange fills"
1611,2222.0,3199682.0,3199817.0,-1.0,0.47600000000000003,2702.03,2689.85,2765.4970749708236,2689.3040956266814,0.6430831400000001,0.6401843,0.0,5.797680000000139,4.5144125599999825,6359.316904255061,6363.831316815061,0.2022491250812517,2.0,6353.17716867966,0.0,0.0,2026-01-31 00:00:00+00:00,2026-01-30 00:00:00+00:00,2026-01-31 00:01:00+00:00,59.15,0.030960525021211143,2705.66,2026-01-31 00:02:00+00:00,2026-01-31 02:17:00+00:00,2026-01-31 02:18:00+00:00,target,0.1494327571321019,0.2005119091933743,"simulated minute opens; intrabar exits only known within minute, not actual exchange fills"
1612,2223.0,3201122.0,3201187.0,-1.0,0.491,2445.75,2434.57,2507.474341330959,2434.0736999595256,0.6004316249999999,0.597686935,0.0,5.48937999999992,4.2912614400001985,6363.831316815061,6368.122578255061,0.18870130118423725,2.0,6349.217745190061,0.0,0.0,2026-02-01 00:00:00+00:00,2026-01-31 00:00:00+00:00,2026-02-01 00:01:00+00:00,62.78,0.032860553860213616,2450.38,2026-02-01 00:02:00+00:00,2026-02-01 01:07:00+00:00,2026-02-01 01:08:00+00:00,target,0.14159470658647264,0.18916848343293666,"simulated minute opens; intrabar exits only known within minute, not actual exchange fills"
1613,2225.0,3204002.0,3204554.0,1.0,0.505,2341.07,2280.46,2280.9163820169574,2359.2295312252363,0.591120175,0.57581615,0.011843360999999998,-30.608050000000066,-31.786829685998782,6368.122578255061,6336.335748569062,0.18564974770381187,1.0,6336.335748569062,0.0,0.0,2026-02-03 00:00:00+00:00,2026-02-02 00:00:00+00:00,2026-02-03 00:01:00+00:00,64.24,0.03362475278719533,2345.55,2026-02-03 00:02:00+00:00,2026-02-03 09:14:00+00:00,2026-02-03 09:15:00+00:00,stop,-1.0463912115434437,0.30188593527915986,"simulated minute opens; intrabar exits only known within minute, not actual exchange fills"
1614,2226.0,3205442.0,3205657.0,-1.0,0.456,2224.18,2291.3,2290.8331776775144,2214.4342126699567,0.50711304,0.5224164000000001,0.0,-30.60672000000016,-31.63624944000003,6336.335748569062,6304.699499129062,0.1600650786582834,1.0,6304.699499129062,0.0,0.0,2026-02-04 00:00:00+00:00,2026-02-03 00:00:00+00:00,2026-02-04 00:01:00+00:00,72.26,0.037822612646368846,2232.23,2026-02-04 00:02:00+00:00,2026-02-04 03:37:00+00:00,2026-02-04 03:38:00+00:00,stop,-1.0408767056188621,0.1462163946210613,"simulated minute opens; intrabar exits only known within minute, not actual exchange fills"
1615,2227.0,3206882.0,3206961.0,-1.0,0.46900000000000003,2143.4700000000003,2128.79,2208.0420859564756,2128.3596486760725,0.5026437150000002,0.499201255,0.0,6.884920000000137,5.883075030000327,6304.699499129062,6310.5825741590625,0.15945049088205895,2.0,6292.264813727253,0.0,0.0,2026-02-05 00:00:00+00:00,2026-02-04 00:00:00+00:00,2026-02-05 00:01:00+00:00,78.02,0.040837534440488474,2147.01,2026-02-05 00:02:00+00:00,2026-02-05 01:21:00+00:00,2026-02-05 01:22:00+00:00,target,0.19426149572519402,0.23400748326626478,"simulated minute opens; intrabar exits only known within minute, not actual exchange fills"
1616,2228.0,3208322.0,3208323.0,-1.0,0.454,1820.88,1805.42,1888.1325128381682,1805.0520140627002,0.41333976,0.40983034000000007,0.0,7.018840000000017,6.195669900000212,6310.5825741590625,6316.778244059063,0.13099892288631718,2.0,6309.560874399062,0.0,0.0,2026-02-06 00:00:00+00:00,2026-02-05 00:00:00+00:00,2026-02-06 00:01:00+00:00,95.78,0.05013354330569067,1824.95,2026-02-06 00:02:00+00:00,2026-02-06 00:03:00+00:00,2026-02-06 00:04:00+00:00,target,0.20291955533080722,0.23535159162583716,"simulated minute opens; intrabar exits only known within minute, not actual exchange fills"
1617,2229.0,3209762.0,3209777.0,-1.0,0.451,2053.09,2044.82,2120.5367171179414,2044.4061914474937,0.4629717950000001,0.46110691,0.0,3.7297700000000944,2.805691294999633,6316.778244059063,6319.583935354062,0.1465847864567434,2.0,6313.518927596792,0.0,0.0,2026-02-07 00:00:00+00:00,2026-02-06 00:00:00+00:00,2026-02-07 00:01:00+00:00,76.89,0.04024606540796154,2062.54,2026-02-07 00:02:00+00:00,2026-02-07 00:17:00+00:00,2026-02-07 00:18:00+00:00,target,0.09223643886359516,0.12875064826834226,"simulated minute opens; intrabar exits only known within minute, not actual exchange fills"
1618,2230.0,3211202.0,3211456.0,-1.0,0.503,2086.56,2067.42,2146.782093677026,2067.004744315065,0.52476984,0.5199561300000001,0.0,9.627419999999937,8.582694030000312,6319.583935354062,6328.166629384063,0.1660773384349706,2.0,6309.280845514062,0.0,0.0,2026-02-08 00:00:00+00:00,2026-02-07 00:00:00+00:00,2026-02-08 00:01:00+00:00,79.46,0.04159126488901838,2085.93,2026-02-08 00:02:00+00:00,2026-02-08 04:16:00+00:00,2026-02-08 04:17:00+00:00,target,0.2833347191731725,0.3247189609482955,"simulated minute opens; intrabar exits only known within minute, not actual exchange fills"
1619,2231.0,3212642.0,3212742.0,-1.0,0.518,2091.26,2070.2400000000002,2149.7660076816533,2069.8179877548096,0.54163634,0.53619216,0.0,10.888359999999992,9.810531500000252,6328.166629384063,6337.977160884063,0.17118270479319503,2.0,6323.102853044063,0.0,0.0,2026-02-09 00:00:00+00:00,2026-02-08 00:00:00+00:00,2026-02-09 00:01:00+00:00,79.41,0.04156509369288887,2088.6,2026-02-09 00:02:00+00:00,2026-02-09 01:42:00+00:00,2026-02-09 01:43:00+00:00,target,0.32371461924139566,0.36649248675217116,"simulated minute opens; intrabar exits only known within minute, not actual exchange fills"
1620,2232.0,3214082.0,3214278.0,-1.0,0.539,2107.26,2086.06,2163.408197478323,2085.639300990861,0.5679065700000001,0.56219317,0.0,11.426800000000148,10.296700260000762,6337.977160884063,6348.273861144064,0.1792075154530171,2.0,6328.609540314063,0.0,0.0,2026-02-10 00:00:00+00:00,2026-02-09 00:00:00+00:00,2026-02-10 00:01:00+00:00,76.89,0.04024606540796154,2103.96,2026-02-10 00:02:00+00:00,2026-02-10 03:18:00+00:00,2026-02-10 03:19:00+00:00,target,0.34023069052887517,0.3850648815126477,"simulated minute opens; intrabar exits only known within minute, not actual exchange fills"
1621,2233.0,3215522.0,3215717.0,-1.0,0.523,2018.16,2004.95,2076.3630048911705,2004.5453207510504,0.5277488400000001,0.524294425,0.0,6.90883000000002,5.856786735000242,6348.273861144064,6354.130647879064,0.16626530346467788,2.0,6341.093783396844,0.0,0.0,2026-02-11 00:00:00+00:00,2026-02-10 00:00:00+00:00,2026-02-11 00:01:00+00:00,73.92,0.038691496357868595,2021.51,2026-02-11 00:02:00+00:00,2026-02-11 03:17:00+00:00,2026-02-11 03:18:00+00:00,target,0.1924032104689376,0.23391711947530458,"simulated minute opens; intrabar exits only known within minute, not actual exchange fills"
1622,2234.0,3216962.0,3217609.0,-1.0,0.643,1946.04,1993.46,1993.0569802308694,1923.5076026767601,0.6256518600000001,0.64089739,-0.028346220079830255,-30.491060000000047,-31.72926302992073,6354.130647879064,6322.401384849143,0.1969276033720948,1.0,6322.401384849143,0.0,0.0,2026-02-12 00:00:00+00:00,2026-02-11 00:00:00+00:00,2026-02-12 00:01:00+00:00,74.62,0.039057893103681754,1940.07,2026-02-12 00:02:00+00:00,2026-02-12 10:49:00+00:00,2026-02-12 10:50:00+00:00,stop,-1.0495286050718058,0.47923956861112854,"simulated minute opens; intrabar exits only known within minute, not actual exchange fills"
1623,2235.0,3218402.0,3218433.0,-1.0,0.613,1947.9,1931.8500000000001,1997.0742340147287,1931.4541065809678,0.59703135,0.592112025,0.0,9.838649999999973,8.649506624999958,6322.401384849143,6331.050891474143,0.18886221030847936,2.0,6318.889643040163,0.0,0.0,2026-02-13 00:00:00+00:00,2026-02-12 00:00:00+00:00,2026-02-13 00:01:00+00:00,70.23,0.036760062083510715,1947.15,2026-02-13 00:02:00+00:00,2026-02-13 00:33:00+00:00,2026-02-13 00:34:00+00:00,target,0.2869414294439985,0.3344412729257028,"simulated minute opens; intrabar exits only known within minute, not actual exchange fills"
1624,2236.0,3219842.0,3220521.0,-1.0,0.5700000000000001,2046.03,2099.45,2099.030060292821,2031.6150736449272,0.58311855,0.59834325,-0.016900239154904365,-30.449399999999915,-31.613961560845382,6331.050891474143,6299.436929913298,0.18420908629411595,1.0,6297.172311186598,0.0,0.0,2026-02-14 00:00:00+00:00,2026-02-13 00:00:00+00:00,2026-02-14 00:01:00+00:00,68.22,0.03570797999910438,2047.6,2026-02-14 00:02:00+00:00,2026-02-14 11:21:00+00:00,2026-02-14 11:22:00+00:00,stop,-1.0464722143936147,0.2719794331446324,"simulated minute opens; intrabar exits only known within minute, not actual exchange fills"
1625,2237.0,3221282.0,3221361.0,-1.0,0.536,2082.3,2069.45,2138.4332933246374,2069.026576204163,0.5580564000000001,0.5546125999999999,0.0,6.887600000000195,5.774930999999924,6299.436929913298,6305.211860913298,0.1771765972765064,2.0,6295.780793513298,0.0,0.0,2026-02-15 00:00:00+00:00,2026-02-14 00:00:00+00:00,2026-02-15 00:01:00+00:00,68.95,0.03609007946259524,2085.43,2026-02-15 00:02:00+00:00,2026-02-15 01:21:00+00:00,2026-02-15 01:22:00+00:00,target,0.19193823062704643,0.23646258770303238,"simulated minute opens; intrabar exits only known within minute, not actual exchange fills"
1626,2238.0,3222722.0,3222926.0,-1.0,0.577,1965.18,1949.7,2017.3243819169872,1949.3081982301849,0.56695443,0.5624884499999999,0.0,8.931960000000009,7.80251711999972,6305.211860913298,6313.014378033297,0.17983675806823016,2.0,6296.122616483298,0.0,0.0,2026-02-16 00:00:00+00:00,2026-02-15 00:00:00+00:00,2026-02-16 00:01:00+00:00,71.58,0.0374666843790075,1965.47,2026-02-16 00:02:00+00:00,2026-02-16 03:26:00+00:00,2026-02-16 03:27:00+00:00,target,0.2593291837561171,0.30438181806589987,"simulated minute opens; intrabar exits only known within minute, not actual exchange fills"
1627,2239.0,3224162.0,3224283.0,-1.0,0.5640000000000001,1995.07,1981.8700000000001,2048.533890580415,1981.4694170074492,0.56260974,0.5588873400000001,0.0,7.444799999999898,6.32330292000006,6313.014378033297,6319.337680953297,0.17823806705007716,2.0,6305.735603830018,0.0,0.0,2026-02-17 00:00:00+00:00,2026-02-16 00:00:00+00:00,2026-02-17 00:01:00+00:00,69.43,0.03634132294543854,1997.35,2026-02-17 00:02:00+00:00,2026-02-17 02:03:00+00:00,2026-02-17 02:04:00+00:00,target,0.2097028457578637,0.2543882019228291,"simulated minute opens; intrabar exits only known within minute, not actual exchange fills"
1628,2240.0,3225602.0,3225664.0,-1.0,0.601,1992.19,1975.2,2042.2658970798311,1974.8030057151248,0.598653095,0.5935476,0.0,10.210990000000004,9.0187893049997,6319.337680953297,6328.356470258297,0.18946703759932348,2.0,6315.872257858297,0.0,0.0,2026-02-18 00:00:00+00:00,2026-02-17 00:00:00+00:00,2026-02-18 00:01:00+00:00,70.18,0.0367338908873812,1990.68,2026-02-18 00:02:00+00:00,2026-02-18 01:04:00+00:00,2026-02-18 01:05:00+00:00,target,0.29967121659501034,0.34721283688951055,"simulated minute opens; intrabar exits only known within minute, not actual exchange fills"
1629,2241.0,3227042.0,3227825.0,-1.0,0.557,1951.64,1939.44,2005.9579416535005,1939.0464388673843,0.5435317400000002,0.5401340400000001,0.03320059326099636,6.795400000000026,5.678533626738499,6328.356470258297,6334.035003885036,0.17177658766678655,2.0,6308.290088518297,0.0,0.0,2026-02-19 00:00:00+00:00,2026-02-18 00:00:00+00:00,2026-02-19 00:01:00+00:00,70.78,0.037047945240935326,1954.77,2026-02-19 00:02:00+00:00,2026-02-19 13:05:00+00:00,2026-02-19 13:06:00+00:00,target,0.18768851686248678,0.23184901248562448,"simulated minute opens; intrabar exits only known within minute, not actual exchange fills"
1630,2242.0,3228482.0,3228739.0,-1.0,0.603,1948.1100000000001,1933.06,1998.2258127081518,1932.6671080737106,0.5873551650000001,0.58281759,0.0,9.075150000000109,7.904977244999827,6334.035003885036,6341.939981130035,0.18546003128803065,2.0,6324.161448720036,0.0,0.0,2026-02-20 00:00:00+00:00,2026-02-19 00:00:00+00:00,2026-02-20 00:01:00+00:00,69.78,0.03652452131834511,1948.15,2026-02-20 00:02:00+00:00,2026-02-20 04:19:00+00:00,2026-02-20 04:20:00+00:00,target,0.2615824086569662,0.30814409847488483,"simulated minute opens; intrabar exits only known within minute, not actual exchange fills"
1631,2243.0,3229922.0,3231359.0,-1.0,0.601,1966.3400000000001,1973.49,2016.6502245903714,1952.572443467158,0.5908851700000001,0.593033745,-0.13330289827745376,-4.297149999999918,-5.347766016722744,6341.939981130035,6336.592215113313,0.186342088306775,3.0,6324.534198858313,0.0,0.0,2026-02-21 00:00:00+00:00,2026-02-20 00:00:00+00:00,2026-02-21 00:01:00+00:00,68.03,0.03560852945381224,1967.85,2026-02-21 00:02:00+00:00,2026-02-21 23:59:00+00:00,2026-02-21 23:59:00+00:00,scheduled_23_59_exit,-0.17686490658772744,0.273653251301068,"simulated minute opens; intrabar exits only known within minute, not actual exchange fills"
1632,2244.0,3231362.0,3232173.0,-1.0,0.599,1971.45,1957.64,2021.908089101076,1957.2390625577393,0.590449275,0.58631318,-0.018739116,8.272189999999966,7.114166661000127,6336.592215113313,6343.706381774313,0.18636177142399288,2.0,6329.487293136783,0.0,0.0,2026-02-22 00:00:00+00:00,2026-02-21 00:00:00+00:00,2026-02-22 00:01:00+00:00,68.45,0.03582836750130013,1972.54,2026-02-22 00:02:00+00:00,2026-02-22 13:33:00+00:00,2026-02-22 13:34:00+00:00,target,0.23537829536527075,0.28163843885950274,"simulated minute opens; intrabar exits only known within minute, not actual exchange fills"
1633,2245.0,3232802.0,3232838.0,-1.0,0.592,1955.18,1942.06,2006.2837856249034,1941.6636305824381,0.57873328,0.57484976,0.0,7.76704000000007,6.613456959999894,6343.706381774313,6350.319838734313,0.182459037405237,2.0,6342.778891656553,0.0,0.0,2026-02-23 00:00:00+00:00,2026-02-22 00:00:00+00:00,2026-02-23 00:01:00+00:00,69.13,0.03618429576866147,1957.01,2026-02-23 00:02:00+00:00,2026-02-23 00:38:00+00:00,2026-02-23 00:39:00+00:00,target,0.2186018093061955,0.26448861375497124,"simulated minute opens; intrabar exits only known within minute, not actual exchange fills"
1634,2246.0,3234242.0,3234315.0,-1.0,0.641,1856.7,1840.41,1903.9510935236528,1840.0401655055102,0.59507235,0.589851405,0.0,10.441889999999978,9.256966244999603,6350.319838734313,6359.576804979312,0.1874149224328217,2.0,6341.936616384312,0.0,0.0,2026-02-24 00:00:00+00:00,2026-02-23 00:00:00+00:00,2026-02-24 00:01:00+00:00,72.71,0.038058153411534436,1855.47,2026-02-24 00:02:00+00:00,2026-02-24 01:15:00+00:00,2026-02-24 01:16:00+00:00,target,0.3056319742689199,0.35258092992388185,"simulated minute opens; intrabar exits only known within minute, not actual exchange fills"
1635,2247.0,3235682.0,3235752.0,-1.0,0.631,1849.71,1898.19,1897.8075964142777,1836.0509654773768,0.5835835050000001,0.598878945,0.0,-30.590880000000013,-31.7733424500002,6359.576804979312,6327.803462529312,0.1835290375117652,1.0,6322.2699977890625,0.0,0.0,2026-02-25 00:00:00+00:00,2026-02-24 00:00:00+00:00,2026-02-25 00:01:00+00:00,70.78,0.037047945240935326,1851.09,2026-02-25 00:02:00+00:00,2026-02-25 01:12:00+00:00,2026-02-25 01:13:00+00:00,stop,-1.0469119821765749,0.28398580263708445,"simulated minute opens; intrabar exits only known within minute, not actual exchange fills"
1636,2248.0,3237122.0,3237253.0,-1.0,0.507,2049.59,2040.13,2109.387350959753,2039.7121139304531,0.519571065,0.517172955,0.0,4.796220000000019,3.7594759800003885,6327.803462529312,6331.5629385093125,0.16421845845140084,2.0,6314.250955173133,0.0,0.0,2026-02-26 00:00:00+00:00,2026-02-25 00:00:00+00:00,2026-02-26 00:01:00+00:00,71.1,0.037215440896164194,2056.5,2026-02-26 00:02:00+00:00,2026-02-26 02:13:00+00:00,2026-02-26 02:14:00+00:00,target,0.12400448984757881,0.16518935890981895,"simulated minute opens; intrabar exits only known within minute, not actual exchange fills"
1637,2249.0,3238562.0,3238605.0,-1.0,0.5660000000000001,2024.94,2010.67,2078.3496358081693,2010.2584084483103,0.5730580200000001,0.5690196100000001,0.0,8.07681999999999,6.9347423700000945,6331.5629385093125,6338.497680879313,0.18101629110076237,2.0,6328.227800489313,0.0,0.0,2026-02-27 00:00:00+00:00,2026-02-26 00:00:00+00:00,2026-02-27 00:01:00+00:00,70.51,0.03690662078183597,2026.71,2026-02-27 00:02:00+00:00,2026-02-27 00:45:00+00:00,2026-02-27 00:46:00+00:00,target,0.22940045957261773,0.2748865692404538,"simulated minute opens; intrabar exits only known within minute, not actual exchange fills"
1638,2250.0,3240002.0,3240270.0,-1.0,0.606,1928.14,1912.95,1978.0363613066886,1912.5614077564348,0.58422642,0.5796238499999999,0.0,9.205140000000032,8.041289730000244,6338.497680879313,6346.538970609313,0.18434223672980907,2.0,6333.247254459313,0.0,0.0,2026-02-28 00:00:00+00:00,2026-02-27 00:00:00+00:00,2026-02-28 00:01:00+00:00,71.23,0.03728348600610093,1928.5,2026-02-28 00:02:00+00:00,2026-02-28 04:30:00+00:00,2026-02-28 04:31:00+00:00,target,0.26594033417466173,0.3122190042638836,"simulated minute opens; intrabar exits only known within minute, not actual exchange fills"
1639,2251.0,3241442.0,3241511.0,-1.0,0.6,1963.6100000000001,1947.26,2014.0350738824686,1946.8700825849915,0.589083,0.584178,0.0,9.810000000000082,8.636739000000489,6346.538970609313,6355.175709609313,0.18563913425192244,2.0,6343.231887609313,0.0,0.0,2026-03-01 00:00:00+00:00,2026-02-28 00:00:00+00:00,2026-03-01 00:01:00+00:00,72.38,0.03788542351707967,1963.48,2026-03-01 00:02:00+00:00,2026-03-01 01:11:00+00:00,2026-03-01 01:12:00+00:00,target,0.28546443052422454,0.3319760612354545,"simulated minute opens; intrabar exits only known within minute, not actual exchange fills"
1640,2252.0,3242882.0,3243372.0,-1.0,0.592,1937.3600000000001,1922.45,1988.6611915821236,1922.064051419097,0.5734585600000001,0.5690452,0.04950586679999999,8.826720000000048,7.634710373199596,6355.175709609313,6362.810419982513,0.18046977336374972,2.0,6324.5376736798735,0.0,0.0,2026-03-02 00:00:00+00:00,2026-03-01 00:00:00+00:00,2026-03-02 00:01:00+00:00,72.6,0.03800057678004952,1938.57,2026-03-02 00:02:00+00:00,2026-03-02 08:12:00+00:00,2026-03-02 08:13:00+00:00,target,0.2513873426186313,0.29815971343311154,"simulated minute opens; intrabar exits only known within minute, not actual exchange fills"
1641,2253.0,3244322.0,3244441.0,-1.0,0.5750000000000001,2027.29,2009.8500000000001,2080.1256079495633,2009.446287108773,0.5828458750000001,0.5778318750000001,0.0,10.027999999999901,8.867322250000143,6362.810419982513,6371.677742232513,0.1832039103882658,2.0,6354.821574107513,0.0,0.0,2026-03-03 00:00:00+00:00,2026-03-02 00:00:00+00:00,2026-03-03 00:01:00+00:00,73.13,0.038277991459022324,2026.69,2026-03-03 00:02:00+00:00,2026-03-03 02:01:00+00:00,2026-03-03 02:02:00+00:00,target,0.29187569895517185,0.33772135087875654,"simulated minute opens; intrabar exits only known within minute, not actual exchange fills"
1642,2254.0,3245762.0,3245795.0,-1.0,0.5680000000000001,1980.75,1965.2,2034.390337585679,1964.8070311198537,0.5625330000000001,0.5581168000000002,0.0,8.832399999999975,7.711750200000097,6371.677742232513,6379.389492432513,0.1765729601393492,2.0,6368.165032642353,0.0,0.0,2026-03-04 00:00:00+00:00,2026-03-03 00:00:00+00:00,2026-03-04 00:01:00+00:00,73.82,0.038639153965609574,1981.85,2026-03-04 00:02:00+00:00,2026-03-04 00:35:00+00:00,2026-03-04 00:36:00+00:00,target,0.2531122213448747,0.29721977149530066,"simulated minute opens; intrabar exits only known within minute, not actual exchange fills"
1643,2255.0,3247202.0,3247310.0,-1.0,0.537,2127.53,2107.82,2184.2947463491464,2107.3913127167207,0.5712418050000001,0.5659496700000001,0.0,10.58427000000002,9.447078525000506,6379.389492432513,6388.836570957514,0.1790898033981559,2.0,6372.151821742384,0.0,0.0,2026-03-05 00:00:00+00:00,2026-03-04 00:00:00+00:00,2026-03-05 00:01:00+00:00,75.02,0.03926726267271783,2125.98,2026-03-05 00:02:00+00:00,2026-03-05 01:50:00+00:00,2026-03-05 01:51:00+00:00,target,0.30991638528242177,0.3547745489676169,"simulated minute opens; intrabar exits only known within minute, not actual exchange fills"
1644,2256.0,3248642.0,3249197.0,-1.0,0.527,2071.76,2054.12,2129.7305094187145,2053.7020749308344,0.54590876,0.5412606200000001,0.0261452281949,9.296280000000174,8.182965391804828,6388.836570957514,6397.0195363493185,0.17089457648098302,2.0,6377.624182197514,0.0,0.0,2026-03-06 00:00:00+00:00,2026-03-05 00:00:00+00:00,2026-03-06 00:01:00+00:00,76.21,0.03989013714060018,2072.18,2026-03-06 00:02:00+00:00,2026-03-06 09:17:00+00:00,2026-03-06 09:18:00+00:00,target,0.26785082133997673,0.31150192141206606,"simulated minute opens; intrabar exits only known within minute, not actual exchange fills"
1645,2257.0,3250082.0,3251247.0,-1.0,0.547,1976.63,1960.42,2032.6691716768153,1960.0245212679872,0.5406083050000001,0.5361748700000001,0.0344111337296,8.86687000000002,7.755675691269971,6397.0195363493185,6404.7752120405885,0.16901880693911933,2.0,6386.1637228930285,0.0,0.0,2026-03-07 00:00:00+00:00,2026-03-06 00:00:00+00:00,2026-03-07 00:01:00+00:00,76.22,0.03989537137982609,1977.66,2026-03-07 00:02:00+00:00,2026-03-07 19:27:00+00:00,2026-03-07 19:28:00+00:00,target,0.2530117012608388,0.2963191324057884,"simulated minute opens; intrabar exits only known within minute, not actual exchange fills"
1646,2258.0,3251522.0,3251689.0,-1.0,0.5650000000000001,1969.49,1951.17,2023.6869184180612,1950.7787724896855,0.556380925,0.5512055250000001,0.0,10.350799999999966,9.243213550000291,6404.7752120405885,6414.018425590589,0.17373940742027533,2.0,6400.540681115589,0.0,0.0,2026-03-08 00:00:00+00:00,2026-03-07 00:00:00+00:00,2026-03-08 00:01:00+00:00,76.99,0.04029840780022055,1968.39,2026-03-08 00:02:00+00:00,2026-03-08 02:49:00+00:00,2026-03-08 02:50:00+00:00,target,0.301856092145428,0.34524522899956983,"simulated minute opens; intrabar exits only known within minute, not actual exchange fills"
1647,2259.0,3252962.0,3253150.0,-1.0,0.5740000000000001,1937.19,1991.07,1990.6692474198942,1918.2595628974425,0.5559735300000002,0.57143709,0.0,-30.927119999999935,-32.05453062000015,6414.018425590589,6381.963894970589,0.17336199964184146,1.0,6381.963894970589,0.0,0.0,2026-03-09 00:00:00+00:00,2026-03-08 00:00:00+00:00,2026-03-09 00:01:00+00:00,78.42,0.041046904009524564,1935.97,2026-03-09 00:02:00+00:00,2026-03-09 03:10:00+00:00,2026-03-09 03:11:00+00:00,stop,-1.0442205658119712,0.35397725315624934,"simulated minute opens; intrabar exits only known within minute, not actual exchange fills"
1648,2260.0,3254402.0,3254556.0,-1.0,0.551,1991.15,2047.0,2046.5861350265689,1974.9362042053624,0.5485618250000002,0.5639485000000001,0.0,-30.77334999999995,-31.885860325000067,6381.963894970589,6350.078034645589,0.1719100371070113,1.0,6348.732127448298,0.0,0.0,2026-03-10 00:00:00+00:00,2026-03-09 00:00:00+00:00,2026-03-10 00:01:00+00:00,74.92,0.03921492028045881,1992.28,2026-03-10 00:02:00+00:00,2026-03-10 02:36:00+00:00,2026-03-10 02:37:00+00:00,stop,-1.043887258234459,0.29247702400008474,"simulated minute opens; intrabar exits only known within minute, not actual exchange fills"
1649,2261.0,3255842.0,3255998.0,-1.0,0.533,2033.14,2017.95,2090.1599801585576,2017.5407941324452,0.54183181,0.537783675,0.0,8.096270000000029,7.016654514999573,6350.078034645589,6357.094689160588,0.17065359104055194,2.0,6345.370278966338,0.0,0.0,2026-03-11 00:00:00+00:00,2026-03-10 00:00:00+00:00,2026-03-11 00:01:00+00:00,75.51,0.039523740394787045,2035.39,2026-03-11 00:02:00+00:00,2026-03-11 02:38:00+00:00,2026-03-11 02:39:00+00:00,target,0.2308744226741632,0.273574382596726,"simulated minute opens; intrabar exits only known within minute, not actual exchange fills"
1650,2262.0,3257282.0,3257436.0,-1.0,0.549,2050.59,2033.65,2105.8752799914614,2033.242107037849,0.5628869550000001,0.5582369250000001,0.0,9.30006000000003,8.17893611999989,6357.094689160588,6365.273625280588,0.1770893725902093,2.0,6352.918041624448,0.0,0.0,2026-03-12 00:00:00+00:00,2026-03-11 00:00:00+00:00,2026-03-12 00:01:00+00:00,74.76,0.03913117245284438,2050.99,2026-03-12 00:02:00+00:00,2026-03-12 02:36:00+00:00,2026-03-12 02:37:00+00:00,target,0.26947281450506816,0.3137886425614629,"simulated minute opens; intrabar exits only known within minute, not actual exchange fills"
1651,2263.0,3258722.0,3258741.0,-1.0,0.528,2069.9,2128.0,2127.574080073098,2054.755942633533,0.5464536000000001,0.5617920000000001,0.0,-30.676799999999954,-31.78504559999965,6365.273625280588,6333.488579680588,0.17169838475746965,1.0,6331.9647716805885,0.0,0.0,2026-03-13 00:00:00+00:00,2026-03-12 00:00:00+00:00,2026-03-13 00:01:00+00:00,74.38,0.038932271362260094,2072.6,2026-03-13 00:02:00+00:00,2026-03-13 00:21:00+00:00,2026-03-13 00:22:00+00:00,stop,-1.0437782436009653,0.2625799552810073,"simulated minute opens; intrabar exits only known within minute, not actual exchange fills"
1652,2264.0,3260162.0,3260558.0,-1.0,0.508,2087.75,2073.59,2147.4363743748295,2073.171161537903,0.5302885,0.52669186,0.0,7.193279999999926,6.136299639999379,6333.488579680588,6339.624879320588,0.16745542155118043,2.0,6324.241011180588,0.0,0.0,2026-03-14 00:00:00+00:00,2026-03-13 00:00:00+00:00,2026-03-14 00:01:00+00:00,74.8,0.03915210940974799,2091.01,2026-03-14 00:02:00+00:00,2026-03-14 06:38:00+00:00,2026-03-14 06:39:00+00:00,target,0.20238002603644137,0.24425739735072546,"simulated minute opens; intrabar exits only known within minute, not actual exchange fills"
1653,2265.0,3261602.0,3262952.0,-1.0,0.511,2092.69,2152.48,2152.0486272467383,2077.149584050621,0.5346822950000001,0.54995864,-0.051740513103299995,-30.55268999999998,-31.585590421896086,6339.624879320588,6308.039288898692,0.16867947399982489,1.0,6306.964445795931,0.0,0.0,2026-03-15 00:00:00+00:00,2026-03-14 00:00:00+00:00,2026-03-15 00:01:00+00:00,75.83,0.039691236050015906,2095.27,2026-03-15 00:02:00+00:00,2026-03-15 22:32:00+00:00,2026-03-15 22:33:00+00:00,stop,-1.0413200981344346,0.2618055145510986,"simulated minute opens; intrabar exits only known within minute, not actual exchange fills"
1654,2266.0,3263042.0,3263250.0,-1.0,0.552,2182.95,2237.81,2237.36079926828,2158.8842975139532,0.6024942,0.6176355600000001,0.0,-30.282720000000072,-31.502849760000572,6308.039288898692,6276.536439138691,0.19102423824794798,1.0,6276.536439138691,0.0,0.0,2026-03-16 00:00:00+00:00,2026-03-15 00:00:00+00:00,2026-03-16 00:01:00+00:00,76.1,0.03983256050911526,2177.73,2026-03-16 00:02:00+00:00,2026-03-16 03:30:00+00:00,2026-03-16 03:31:00+00:00,stop,-1.0488796482956875,0.44229643397420393,"simulated minute opens; intrabar exits only known within minute, not actual exchange fills"
1655,2267.0,3264482.0,3264493.0,1.0,0.425,2342.84,2367.21,2271.892665696036,2367.686130638651,0.4978535,0.503032125,0.0,10.357249999999953,9.35636437500034,6276.536439138691,6285.892803513691,0.15863956334118529,2.0,6274.610585638691,0.0,0.0,2026-03-17 00:00:00+00:00,2026-03-16 00:00:00+00:00,2026-03-17 00:01:00+00:00,75.67,0.039607488222401475,2351.66,2026-03-17 00:02:00+00:00,2026-03-17 00:13:00+00:00,2026-03-17 00:14:00+00:00,target,0.3103002419468038,0.3502052738472305,"simulated minute opens; intrabar exits only known within minute, not actual exchange fills"
1656,2268.0,3265922.0,3266609.0,-1.0,0.492,2319.52,2297.06,2380.534718653351,2296.5962549738333,0.57060192,0.56507676,-0.014828371272,11.050320000000017,9.92946969127297,6285.892803513691,6295.822273204964,0.18155000024214368,2.0,6271.284601961252,0.0,0.0,2026-03-18 00:00:00+00:00,2026-03-17 00:00:00+00:00,2026-03-18 00:01:00+00:00,75.88,0.03971740724614541,2316.45,2026-03-18 00:02:00+00:00,2026-03-18 11:29:00+00:00,2026-03-18 11:30:00+00:00,target,0.3307701717132084,0.375708444324814,"simulated minute opens; intrabar exits only known within minute, not actual exchange fills"
1657,2269.0,3267362.0,3267722.0,-1.0,0.47200000000000003,2200.7000000000003,2182.86,2264.609651505269,2182.414389150155,0.5193652000000001,0.51515496,0.0,8.420480000000069,7.385959840000396,6295.822273204964,6303.208233044965,0.1649872494687214,2.0,6280.283900936404,0.0,0.0,2026-03-19 00:00:00+00:00,2026-03-18 00:00:00+00:00,2026-03-19 00:01:00+00:00,78.01,0.04083230020126257,2201.95,2026-03-19 00:02:00+00:00,2026-03-19 06:02:00+00:00,2026-03-19 06:03:00+00:00,target,0.24484908979218536,0.2861165789385959,"simulated minute opens; intrabar exits only known within minute, not actual exchange fills"
1658,2270.0,3268802.0,3269640.0,-1.0,0.504,2138.36,2117.58,2198.206703819753,2117.156245588584,0.53886672,0.53363016,0.06442232905494036,10.473120000000101,9.33620079094544,6303.208233044965,6312.54443383591,0.17098172869332076,2.0,6283.95096148567,0.0,0.0,2026-03-20 00:00:00+00:00,2026-03-19 00:00:00+00:00,2026-03-20 00:01:00+00:00,79.33,0.04152321977908165,2136.56,2026-03-20 00:02:00+00:00,2026-03-20 14:00:00+00:00,2026-03-20 14:01:00+00:00,target,0.30952762201129813,0.35430112367220357,"simulated minute opens; intrabar exits only known within minute, not actual exchange fills"
1659,2271.0,3270242.0,3270687.0,1.0,0.397,2146.23,2159.78,2069.363735476699,2160.213161789109,0.42602665500000003,0.4287163300000001,0.0,5.3793500000000725,4.524607014999674,6312.54443383591,6317.06904085091,0.13497779206636606,2.0,6310.91048697739,0.0,0.0,2026-03-21 00:00:00+00:00,2026-03-20 00:00:00+00:00,2026-03-21 00:01:00+00:00,78.53,0.04110448064100949,2145.08,2026-03-21 00:02:00+00:00,2026-03-21 07:27:00+00:00,2026-03-21 07:28:00+00:00,target,0.14827044179497365,0.18191545895755404,"simulated minute opens; intrabar exits only known within minute, not actual exchange fills"
1660,2273.0,3273122.0,3273518.0,-1.0,0.514,2052.57,2034.67,2111.451227967279,2034.2564268662388,0.52751049,0.52291019,0.0,9.200600000000048,8.150179319999552,6317.06904085091,6325.2192201709095,0.1670111523520548,2.0,6306.86504786075,0.0,0.0,2026-03-23 00:00:00+00:00,2026-03-22 00:00:00+00:00,2026-03-23 00:01:00+00:00,79.11,0.041408066516111806,2052.85,2026-03-23 00:02:00+00:00,2026-03-23 06:38:00+00:00,2026-03-23 06:39:00+00:00,target,0.26929431581846,0.31102566583595126,"simulated minute opens; intrabar exits only known within minute, not actual exchange fills"
1661,2274.0,3274562.0,3275037.0,1.0,0.417,2151.09,2165.23,2077.8711953979937,2165.6659982786873,0.448502265,0.451450455,0.0,5.896379999999946,4.996427280000717,6325.2192201709095,6330.21564745091,0.14181398284813324,2.0,6313.77025790591,0.0,0.0,2026-03-24 00:00:00+00:00,2026-03-23 00:00:00+00:00,2026-03-24 00:01:00+00:00,75.53,0.039534208873238844,2151.01,2026-03-24 00:02:00+00:00,2026-03-24 07:57:00+00:00,2026-03-24 07:58:00+00:00,target,0.16364429964585045,0.19907451860102796,"simulated minute opens; intrabar exits only known within minute, not actual exchange fills"
1662,2275.0,3276002.0,3276306.0,1.0,0.423,2154.64,2169.33,2082.394398485838,2169.768786749412,0.45570636,0.458813295,0.0,6.213870000000023,5.299350345000676,6330.21564745091,6335.514997795911,0.14397814715317211,2.0,6326.22366109091,0.0,0.0,2026-03-25 00:00:00+00:00,2026-03-24 00:00:00+00:00,2026-03-25 00:01:00+00:00,74.99,0.03925155995504012,2155.29,2026-03-25 00:02:00+00:00,2026-03-25 05:06:00+00:00,2026-03-25 05:07:00+00:00,target,0.17340868838286003,0.2094077207793252,"simulated minute opens; intrabar exits only known within minute, not actual exchange fills"
1663,2276.0,3277442.0,3278011.0,1.0,0.42,2168.69,2095.43,2095.8538723013176,2182.400198961736,0.45542489999999997,0.44004029999999994,0.006373673887971391,-30.76920000000009,-31.671038873887483,6335.514997795911,6303.843958922023,0.1437688649331395,1.0,6300.556702712023,0.0,0.0,2026-03-26 00:00:00+00:00,2026-03-25 00:00:00+00:00,2026-03-26 00:01:00+00:00,73.94,0.0387019648363204,2168.0,2026-03-26 00:02:00+00:00,2026-03-26 09:31:00+00:00,2026-03-26 09:32:00+00:00,stop,-1.0352998957601343,0.18823349613606433,"simulated minute opens; intrabar exits only known within minute, not actual exchange fills"
1664,2277.0,3278882.0,3279121.0,-1.0,0.528,2058.05,2041.8,2115.1305626046806,2041.3910181638173,0.5433252000000002,0.5390352,0.0,8.58000000000012,7.497639600000184,6303.843958922023,6311.341598522024,0.17237901304045297,2.0,6293.791537909543,0.0,0.0,2026-03-27 00:00:00+00:00,2026-03-26 00:00:00+00:00,2026-03-27 00:01:00+00:00,75.08,0.03929866810807325,2059.17,2026-03-27 00:02:00+00:00,2026-03-27 04:01:00+00:00,2026-03-27 04:02:00+00:00,target,0.2487725129541032,0.291850344075216,"simulated minute opens; intrabar exits only known within minute, not actual exchange fills"
1665,2278.0,3280322.0,3281140.0,-1.0,0.552,1989.77,2044.8400000000001,2044.4225173799998,1974.6529918006968,0.5491765200000001,0.5643758400000001,0.08945806533689166,-30.398640000000093,-31.60165042533754,6311.341598522024,6279.739948096686,0.17402845700147337,1.0,6279.739948096686,0.0,0.0,2026-03-28 00:00:00+00:00,2026-03-27 00:00:00+00:00,2026-03-28 00:01:00+00:00,73.49,0.03846642407115481,1991.58,2026-03-28 00:02:00+00:00,2026-03-28 13:40:00+00:00,2026-03-28 13:41:00+00:00,stop,-1.0475156398471497,0.27660223030888764,"simulated minute opens; intrabar exits only known within minute, not actual exchange fills"
1666,2279.0,3281762.0,3281827.0,1.0,0.438,1994.89,2006.38,1925.660871346703,2006.7815675532372,0.43688091,0.43939722000000003,0.0,5.032620000000004,4.156341870000688,6279.739948096686,6283.896289966687,0.13913980948603244,2.0,6277.472227186687,0.0,0.0,2026-03-29 00:00:00+00:00,2026-03-28 00:00:00+00:00,2026-03-29 00:01:00+00:00,74.53,0.03901078495064863,1993.48,2026-03-29 00:02:00+00:00,2026-03-29 01:07:00+00:00,2026-03-29 01:08:00+00:00,target,0.13707185377884484,0.17177115738074183,"simulated minute opens; intrabar exits only known within minute, not actual exchange fills"
1667,2280.0,3283202.0,3283366.0,-1.0,0.555,1982.52,2037.04,2036.6250632972713,1966.3055807711355,0.5501493000000001,0.5652786,0.0,-30.258599999999994,-31.37402790000033,6283.896289966687,6252.522262066686,0.17509814758668354,1.0,6252.266140666687,0.0,0.0,2026-03-30 00:00:00+00:00,2026-03-29 00:00:00+00:00,2026-03-30 00:01:00+00:00,74.49,0.03898984799374502,1983.44,2026-03-30 00:02:00+00:00,2026-03-30 02:46:00+00:00,2026-03-30 02:47:00+00:00,stop,-1.0448149684144552,0.29968395267882864,"simulated minute opens; intrabar exits only known within minute, not actual exchange fills"
1668,2281.0,3284642.0,3284733.0,-1.0,0.517,2022.29,2080.66,2080.2384505065806,2008.176090774103,0.522761965,0.53785061,0.0,-30.177289999999946,-31.23790257500059,6252.522262066686,6221.284359491686,0.16721634664830706,1.0,6219.521560101686,0.0,0.0,2026-03-31 00:00:00+00:00,2026-03-30 00:00:00+00:00,2026-03-31 00:01:00+00:00,74.58,0.03903695614677814,2025.69,2026-03-31 00:02:00+00:00,2026-03-31 01:33:00+00:00,2026-03-31 01:34:00+00:00,stop,-1.0426762833484153,0.24355973460056957,"simulated minute opens; intrabar exits only known within minute, not actual exchange fills"
1669,2282.0,3286082.0,3286226.0,-1.0,0.518,2101.75,2087.2400000000002,2159.182512306908,2086.819212961564,0.54435325,0.5405951600000001,0.0,7.516179999999878,6.4312315899996975,6221.284359491686,6227.7155910816855,0.17499706444682647,2.0,6213.441386241685,0.0,0.0,2026-04-01 00:00:00+00:00,2026-03-31 00:00:00+00:00,2026-04-01 00:01:00+00:00,72.37,0.03788018927785377,2104.49,2026-04-01 00:02:00+00:00,2026-04-01 02:26:00+00:00,2026-04-01 02:27:00+00:00,target,0.21617555111734313,0.2599709892307823,"simulated minute opens; intrabar exits only known within minute, not actual exchange fills"
1670,2283.0,3287522.0,3287561.0,1.0,0.424,2139.26,2152.1,2068.3573685412184,2152.5378356226965,0.45352312,0.45624519999999996,0.0,5.444159999999869,4.534391680000226,6227.7155910816855,6232.249982761686,0.14564670250820752,2.0,6225.348970099446,0.0,0.0,2026-04-02 00:00:00+00:00,2026-04-01 00:00:00+00:00,2026-04-02 00:01:00+00:00,72.02,0.03769699090494719,2138.8,2026-04-02 00:02:00+00:00,2026-04-02 00:41:00+00:00,2026-04-02 00:42:00+00:00,target,0.15083107326161116,0.1872685872091391,"simulated minute opens; intrabar exits only known within minute, not actual exchange fills"
1671,2284.0,3288962.0,3289112.0,-1.0,0.5710000000000001,2056.66,2039.3500000000001,2108.6528176108504,2038.9367833256279,0.58717643,0.5822344250000001,0.0,9.88400999999984,8.714599144999738,6232.249982761686,6240.964581906685,0.18843160387472313,2.0,6228.739286331685,0.0,0.0,2026-04-03 00:00:00+00:00,2026-04-02 00:00:00+00:00,2026-04-03 00:01:00+00:00,71.13,0.0372311436138419,2055.96,2026-04-03 00:02:00+00:00,2026-04-03 02:32:00+00:00,2026-04-03 02:33:00+00:00,target,0.2935404484948409,0.34087817296274536,"simulated minute opens; intrabar exits only known within minute, not actual exchange fills"
1672,2285.0,3290402.0,3291839.0,-1.0,0.5740000000000001,2051.55,2065.18,2103.3870812669584,2036.6609782621404,0.5887948500000001,0.59270666,-0.06658236782325617,-7.823619999999803,-8.938539142176523,6240.964581906685,6232.026042764509,0.18868713073840795,3.0,6222.568645720729,0.0,0.0,2026-04-04 00:00:00+00:00,2026-04-03 00:00:00+00:00,2026-04-04 00:01:00+00:00,68.3,0.03574985391291159,2052.92,2026-04-04 00:02:00+00:00,2026-04-04 23:59:00+00:00,2026-04-04 23:59:00+00:00,scheduled_23_59_exit,-0.30040981210566703,0.28722723914917503,"simulated minute opens; intrabar exits only known within minute, not actual exchange fills"
1673,2286.0,3291842.0,3292192.0,-1.0,0.577,2064.15,2048.44,2115.6299087849334,2048.0254545093785,0.595507275,0.59097494,0.0,9.06467000000002,7.878187784999682,6232.026042764509,6239.904230549509,0.19111193403673088,2.0,6231.1529205137285,0.0,0.0,2026-04-05 00:00:00+00:00,2026-04-04 00:00:00+00:00,2026-04-05 00:01:00+00:00,68.74,0.035980160438851286,2064.43,2026-04-05 00:02:00+00:00,2026-04-05 05:52:00+00:00,2026-04-05 05:53:00+00:00,target,0.2652239547867168,0.31322016435547345,"simulated minute opens; intrabar exits only known within minute, not actual exchange fills"
1674,2287.0,3293282.0,3293841.0,-1.0,0.789,2125.65,2163.03,2162.5948604218306,2092.3016831051714,0.838568925,0.8533153350000001,-0.1044088277778,-29.492820000000087,-31.080295432222556,6239.904230549509,6208.823935117286,0.26877621643438354,1.0,6206.986760452286,0.0,0.0,2026-04-06 00:00:00+00:00,2026-04-05 00:00:00+00:00,2026-04-06 00:01:00+00:00,69.94,0.03660826914595955,2109.35,2026-04-06 00:02:00+00:00,2026-04-06 09:21:00+00:00,2026-04-06 09:22:00+00:00,stop,-1.066237873686049,0.9026510457493396,"simulated minute opens; intrabar exits only known within minute, not actual exchange fills"
1675,2288.0,3294722.0,3295372.0,-1.0,0.58,2107.95,2089.7400000000002,2158.8435555422907,2089.315557524771,0.6113055,0.6060246000000001,0.03629081209947935,10.561799999999756,9.308179087900498,6208.823935117286,6218.132114205187,0.19691507003200348,2.0,6194.2679388051865,0.0,0.0,2026-04-07 00:00:00+00:00,2026-04-06 00:00:00+00:00,2026-04-07 00:01:00+00:00,69.1,0.036168593050983765,2106.14,2026-04-07 00:02:00+00:00,2026-04-07 10:52:00+00:00,2026-04-07 10:53:00+00:00,target,0.3153362830186891,0.3661454240457644,"simulated minute opens; intrabar exits only known within minute, not actual exchange fills"
1676,2289.0,3296162.0,3297009.0,-1.0,0.584,2245.82,2221.64,2296.2763595938686,2221.1932978445852,0.65577944,0.6487188799999999,-0.07675245404,14.121120000000168,12.893374134040641,6218.132114205187,6231.025488339227,0.21092489768812928,2.0,6203.497977329067,0.0,0.0,2026-04-08 00:00:00+00:00,2026-04-07 00:00:00+00:00,2026-04-08 00:01:00+00:00,69.49,0.03637272838079395,2239.14,2026-04-08 00:02:00+00:00,2026-04-08 14:09:00+00:00,2026-04-08 14:10:00+00:00,target,0.4375602126809802,0.4880792501409002,"simulated minute opens; intrabar exits only known within minute, not actual exchange fills"
1677,2290.0,3297602.0,3297667.0,-1.0,0.5650000000000001,2188.75,2172.82,2241.1551547677113,2172.3794605055514,0.6183218750000001,0.6138216500000001,0.0,9.000449999999908,7.7683064749999176,6231.025488339227,6238.793794814227,0.19846552582945803,2.0,6227.940914276427,0.0,0.0,2026-04-09 00:00:00+00:00,2026-04-08 00:00:00+00:00,2026-04-09 00:01:00+00:00,65.06,0.03405396040371931,2188.87,2026-04-09 00:02:00+00:00,2026-04-09 01:07:00+00:00,2026-04-09 01:08:00+00:00,target,0.26236378961085005,0.3123841455485041,"simulated minute opens; intrabar exits only known within minute, not actual exchange fills"
1678,2291.0,3299042.0,3299895.0,-1.0,0.5760000000000001,2188.76,2240.63,2240.1794388241024,2172.804945762301,0.6303628800000002,0.6453014400000001,-0.0035513248896000002,-29.87711999999994,-31.14923299510974,6238.793794814227,6207.644561819117,0.20207844680616519,1.0,6207.644561819117,0.0,0.0,2026-04-10 00:00:00+00:00,2026-04-09 00:00:00+00:00,2026-04-10 00:01:00+00:00,63.51,0.03324265332370448,2188.92,2026-04-10 00:02:00+00:00,2026-04-10 14:15:00+00:00,2026-04-10 14:16:00+00:00,stop,-1.0517137242666734,0.31029226694361506,"simulated minute opens; intrabar exits only known within minute, not actual exchange fills"
1679,2292.0,3300482.0,3300795.0,-1.0,0.539,2242.68,2227.91,2297.453977419985,2227.4606364904025,0.60440226,0.600421745,0.0,7.96102999999999,6.756205995000528,6207.644561819117,6214.400767814118,0.1947283720841398,2.0,6203.167477987898,0.0,0.0,2026-04-11 00:00:00+00:00,2026-04-10 00:00:00+00:00,2026-04-11 00:01:00+00:00,64.32,0.03366662670100254,2243.9,2026-04-11 00:02:00+00:00,2026-04-11 05:15:00+00:00,2026-04-11 05:16:00+00:00,target,0.2288441626922539,0.2778575562059553,"simulated minute opens; intrabar exits only known within minute, not actual exchange fills"
1680,2293.0,3301922.0,3302028.0,1.0,0.437,2283.58,2214.78,2215.2303184819375,2297.980082619571,0.49896223,0.48392943000000005,0.0,-30.06559999999988,-31.048491659999854,6214.400767814118,6183.352276154118,0.16058257220366148,1.0,6183.352276154118,0.0,0.0,2026-04-12 00:00:00+00:00,2026-04-11 00:00:00+00:00,2026-04-12 00:01:00+00:00,66.86,0.03499612346438169,2283.85,2026-04-12 00:02:00+00:00,2026-04-12 01:48:00+00:00,2026-04-12 01:49:00+00:00,stop,-1.0394954068838471,0.21068251233571084,"simulated minute opens; intrabar exits only known within minute, not actual exchange fills"
1681,2294.0,3303362.0,3304525.0,-1.0,0.51,2187.05,2245.35,2244.8923436884024,2174.0095600175587,0.5576977500000001,0.57256425,-0.06769383174154422,-29.732999999999862,-30.795568168258797,6183.352276154118,6152.556707985859,0.18038685977855148,1.0,6152.556707985859,0.0,0.0,2026-04-13 00:00:00+00:00,2026-04-12 00:00:00+00:00,2026-04-13 00:01:00+00:00,66.44,0.0347762854168938,2190.62,2026-04-13 00:02:00+00:00,2026-04-13 19:25:00+00:00,2026-04-13 19:26:00+00:00,stop,-1.0439318870250607,0.22544798759695142,"simulated minute opens; intrabar exits only known within minute, not actual exchange fills"
1682,2295.0,3304802.0,3305700.0,-1.0,0.524,2373.05,2351.48,2428.757573513896,2351.008883964275,0.6217391000000001,0.61608776,-0.124553228,11.302680000000086,10.189406368000164,6152.556707985859,6162.746114353859,0.20210755609712588,2.0,6130.760456165779,0.0,0.0,2026-04-14 00:00:00+00:00,2026-04-13 00:00:00+00:00,2026-04-14 00:01:00+00:00,66.67,0.03489667291908955,2368.8,2026-04-14 00:02:00+00:00,2026-04-14 15:00:00+00:00,2026-04-14 15:01:00+00:00,target,0.3490626278157624,0.39565744198546393,"simulated minute opens; intrabar exits only known within minute, not actual exchange fills"
1683,2296.0,3306242.0,3307416.0,-1.0,0.555,2326.06,2379.21,2378.7281121311694,2303.9102283622656,0.64548165,0.6602307750000002,-0.024555569957766185,-29.498250000000052,-30.779406855042907,6162.746114353859,6131.9667074988165,0.20947857919916157,1.0,6130.035088273817,0.0,0.0,2026-04-15 00:00:00+00:00,2026-04-14 00:00:00+00:00,2026-04-15 00:01:00+00:00,65.71,0.03439418595340294,2321.17,2026-04-15 00:02:00+00:00,2026-04-15 19:36:00+00:00,2026-04-15 19:37:00+00:00,stop,-1.0529785193683883,0.42055374194105494,"simulated minute opens; intrabar exits only known within minute, not actual exchange fills"
1684,2297.0,3307682.0,3308153.0,-1.0,0.49,2358.13,2341.78,2417.8170285288593,2341.3109627595545,0.57774185,0.5737361000000001,0.0,8.011499999999955,6.860022050000225,6131.9667074988165,6138.826729548817,0.18843606873908048,2.0,6126.291839971816,0.0,0.0,2026-04-16 00:00:00+00:00,2026-04-15 00:00:00+00:00,2026-04-16 00:01:00+00:00,65.88,0.03448316802024328,2358.87,2026-04-16 00:02:00+00:00,2026-04-16 07:53:00+00:00,2026-04-16 07:54:00+00:00,target,0.23455758051737022,0.2817871429520646,"simulated minute opens; intrabar exits only known within minute, not actual exchange fills"
1685,2298.0,3309122.0,3309204.0,-1.0,0.501,2346.67,2329.92,2405.052458114285,2329.4481613689195,0.587840835,0.58364496,0.0,8.39175,7.220264204999694,6138.826729548817,6146.046993753816,0.19151569539191224,2.0,6136.645708713817,0.0,0.0,2026-04-17 00:00:00+00:00,2026-04-16 00:00:00+00:00,2026-04-17 00:01:00+00:00,65.68,0.03437848323572524,2346.92,2026-04-17 00:02:00+00:00,2026-04-17 01:24:00+00:00,2026-04-17 01:25:00+00:00,target,0.24684991803168305,0.2949831025848289,"simulated minute opens; intrabar exits only known within minute, not actual exchange fills"
1686,2299.0,3310562.0,3310796.0,-1.0,0.517,2420.73,2400.37,2477.116617664547,2399.882354213091,0.6257587050000001,0.620495645,0.0,10.526120000000066,9.27986564999992,6146.046993753816,6155.326859403816,0.20362965191641202,2.0,6142.3761050488165,0.0,0.0,2026-04-18 00:00:00+00:00,2026-04-17 00:00:00+00:00,2026-04-18 00:01:00+00:00,64.88,0.033959744097653066,2417.66,2026-04-18 00:02:00+00:00,2026-04-18 03:56:00+00:00,2026-04-18 03:57:00+00:00,target,0.3183281910396541,0.36972683679902885,"simulated minute opens; intrabar exits only known within minute, not actual exchange fills"
1687,2300.0,3312002.0,3312188.0,-1.0,0.49,2349.25,2331.46,2409.144548530607,2330.9872433637674,0.57556625,0.5712077000000001,0.0,8.717099999999983,7.5703260500004035,6155.326859403816,6162.897185453817,0.18701403293333713,2.0,6152.428693153817,0.0,0.0,2026-04-19 00:00:00+00:00,2026-04-18 00:00:00+00:00,2026-04-19 00:01:00+00:00,67.59,0.03537822292787255,2348.99,2026-04-19 00:02:00+00:00,2026-04-19 03:08:00+00:00,2026-04-19 03:09:00+00:00,target,0.25794743226265054,0.3049151731546982,"simulated minute opens; intrabar exits only known within minute, not actual exchange fills"
1688,2301.0,3313442.0,3313883.0,-1.0,0.511,2262.7400000000002,2320.68,2320.212730356142,2244.553393332208,0.57813007,0.59293374,0.0,-29.607339999999795,-30.778403809999872,6162.897185453817,6132.118781643817,0.1876163280362849,1.0,6131.269266566497,0.0,0.0,2026-04-20 00:00:00+00:00,2026-04-19 00:00:00+00:00,2026-04-20 00:01:00+00:00,68.39,0.03579696206594472,2262.2,2026-04-20 00:02:00+00:00,2026-04-20 07:23:00+00:00,2026-04-20 07:24:00+00:00,stop,-1.0480050212815966,0.31643888423422833,"simulated minute opens; intrabar exits only known within minute, not actual exchange fills"
1689,2302.0,3314882.0,3315643.0,-1.0,0.527,2313.9700000000003,2295.8,2369.230439602334,2295.3368743567694,0.6097310950000001,0.6049433000000001,0.045422610624,9.57559000000004,8.315492994375745,6132.118781643817,6140.434274638193,0.1988647372015033,2.0,6119.289247797263,0.0,0.0,2026-04-21 00:00:00+00:00,2026-04-20 00:00:00+00:00,2026-04-21 00:01:00+00:00,65.42,0.03424239301585178,2312.59,2026-04-21 00:02:00+00:00,2026-04-21 12:43:00+00:00,2026-04-21 12:44:00+00:00,target,0.2855374333166379,0.3371874305980711,"simulated minute opens; intrabar exits only known within minute, not actual exchange fills"
1690,2303.0,3316322.0,3316637.0,-1.0,0.518,2326.04,2382.91,2382.4273932933916,2308.926409654197,0.60244436,0.61717369,0.0,-29.458659999999945,-30.67827804999979,6140.434274638193,6109.755996588193,0.19622206933743208,1.0,6108.317910914133,0.0,0.0,2026-04-22 00:00:00+00:00,2026-04-21 00:00:00+00:00,2026-04-22 00:01:00+00:00,64.84,0.03393880714074946,2326.13,2026-04-22 00:02:00+00:00,2026-04-22 05:17:00+00:00,2026-04-22 05:18:00+00:00,stop,-1.0503141135084266,0.3035002922862309,"simulated minute opens; intrabar exits only known within minute, not actual exchange fills"
1691,2304.0,3317762.0,3317775.0,-1.0,0.526,2374.9,2356.27,2430.024510104489,2355.7980399944245,0.6245987000000001,0.61969901,0.0,9.799380000000058,8.555082289999518,6109.755996588193,6118.311078878192,0.2044594580696146,2.0,6107.663857888193,0.0,0.0,2026-04-23 00:00:00+00:00,2026-04-22 00:00:00+00:00,2026-04-23 00:01:00+00:00,63.81,0.03339968050048154,2373.04,2026-04-23 00:02:00+00:00,2026-04-23 00:15:00+00:00,2026-04-23 00:16:00+00:00,target,0.29504869919333176,0.34652389598325256,"simulated minute opens; intrabar exits only known within minute, not actual exchange fills"
1692,2305.0,3319202.0,3319403.0,-1.0,0.517,2328.8,2312.21,2385.1256192136893,2311.747371147002,0.6019948,0.597706285,0.0,8.577030000000075,7.3773289149994525,6118.311078878192,6125.688407793192,0.1967846329612836,2.0,6113.759204078192,0.0,0.0,2026-04-24 00:00:00+00:00,2026-04-23 00:00:00+00:00,2026-04-24 00:01:00+00:00,64.46,0.03373990605016518,2328.94,2026-04-24 00:02:00+00:00,2026-04-24 03:23:00+00:00,2026-04-24 03:24:00+00:00,target,0.25333933650801194,0.30275084572623334,"simulated minute opens; intrabar exits only known within minute, not actual exchange fills"
1693,2306.0,3320642.0,3322079.0,-1.0,0.554,2313.44,2318.46,2365.8543468366697,2297.7851479699834,0.6408228800000001,0.64221342,0.08408934511558923,-2.78107999999999,-4.148205645115922,6125.688407793192,6121.540202148076,0.20922477192432304,3.0,6120.200321629635,0.0,0.0,2026-04-25 00:00:00+00:00,2026-04-24 00:00:00+00:00,2026-04-25 00:01:00+00:00,60.65,0.031745660905096465,2313.88,2026-04-25 00:02:00+00:00,2026-04-25 23:59:00+00:00,2026-04-25 23:59:00+00:00,scheduled_23_59_exit,-0.14285660841757128,0.2986749425457748,"simulated minute opens; intrabar exits only known within minute, not actual exchange fills"
1694,2307.0,3322082.0,3323235.0,-1.0,0.541,2316.6,2370.78,2370.2986685309793,2302.179794385534,0.6266403,0.64129599,0.06042883321302826,-29.31138000000016,-30.63974512321238,6121.540202148076,6090.9004570248635,0.204732887249555,1.0,6089.042333014863,0.0,0.0,2026-04-26 00:00:00+00:00,2026-04-25 00:00:00+00:00,2026-04-26 00:01:00+00:00,60.82,0.0318346429719368,2318.21,2026-04-26 00:02:00+00:00,2026-04-26 19:15:00+00:00,2026-04-26 19:16:00+00:00,stop,-1.0546888767852998,0.2685393513276163,"simulated minute opens; intrabar exits only known within minute, not actual exchange fills"
1695,2308.0,3323522.0,3323835.0,-1.0,0.556,2370.37,2352.2200000000003,2422.241520920047,2351.7461893087525,0.65896286,0.6539171600000001,0.0,10.0913999999998,8.778519979999146,6090.9004570248635,6099.678977004863,0.21637617119156607,2.0,6071.812973294103,0.0,0.0,2026-04-27 00:00:00+00:00,2026-04-26 00:00:00+00:00,2026-04-27 00:01:00+00:00,61.58,0.03223244515310536,2368.32,2026-04-27 00:02:00+00:00,2026-04-27 05:15:00+00:00,2026-04-27 05:16:00+00:00,target,0.3043809921119251,0.3590372975558865,"simulated minute opens; intrabar exits only known within minute, not actual exchange fills"
1696,2309.0,3324962.0,3325118.0,-1.0,0.561,2301.35,2287.28,2352.840169416412,2286.814964877153,0.645528675,0.6415820400000002,0.0,7.893269999999838,6.606159285000103,6099.678977004863,6106.285136289863,0.21165988486724435,2.0,6094.517398329863,0.0,0.0,2026-04-28 00:00:00+00:00,2026-04-27 00:00:00+00:00,2026-04-28 00:01:00+00:00,59.24,0.031007633174244265,2302.28,2026-04-28 00:02:00+00:00,2026-04-28 02:38:00+00:00,2026-04-28 02:39:00+00:00,target,0.22869773266363982,0.2822875762031132,"simulated minute opens; intrabar exits only known within minute, not actual exchange fills"
1697,2310.0,3326402.0,3326680.0,-1.0,0.588,2288.15,2337.69,2337.2189205720315,2273.9917591254734,0.6727161,0.68728086,0.0,-29.129519999999978,-30.48951695999949,6106.285136289863,6075.795619329863,0.22033563287178487,1.0,6075.795619329863,0.0,0.0,2026-04-29 00:00:00+00:00,2026-04-28 00:00:00+00:00,2026-04-29 00:01:00+00:00,57.63,0.03016492065887402,2288.37,2026-04-29 00:02:00+00:00,2026-04-29 04:40:00+00:00,2026-04-29 04:41:00+00:00,stop,-1.056736512552399,0.28853785062874715,"simulated minute opens; intrabar exits only known within minute, not actual exchange fills"
1698,2311.0,3327842.0,3327998.0,-1.0,0.617,2252.9700000000003,2237.9500000000003,2299.402651647353,2237.49725350565,0.6950412450000001,0.690407575,0.0,9.267339999999988,7.881891179999911,6075.795619329863,6083.677510509863,0.22879019919259908,2.0,6059.737278084864,0.0,0.0,2026-04-30 00:00:00+00:00,2026-04-29 00:00:00+00:00,2026-04-30 00:01:00+00:00,57.24,0.029960785329063835,2251.52,2026-04-30 00:02:00+00:00,2026-04-30 02:38:00+00:00,2026-04-30 02:39:00+00:00,target,0.27511976048708203,0.33322987047698327,"simulated minute opens; intrabar exits only known within minute, not actual exchange fills"
1699,2312.0,3329282.0,3330024.0,-1.0,0.647,2258.33,2303.01,2302.544862010798,2242.739335163407,0.730569755,0.7450237350000001,0.027671144124500006,-28.907960000000188,-30.411224634124665,6083.677510509863,6053.2662858757385,0.24017372838645817,1.0,6053.2662858757385,0.0,0.0,2026-05-01 00:00:00+00:00,2026-04-30 00:00:00+00:00,2026-05-01 00:01:00+00:00,56.02,0.029322208143503774,2256.49,2026-05-01 00:02:00+00:00,2026-05-01 12:24:00+00:00,2026-05-01 12:25:00+00:00,stop,-1.063068756655194,0.35261141000022783,"simulated minute opens; intrabar exits only known within minute, not actual exchange fills"
1700,2313.0,3330722.0,3332018.0,-1.0,0.627,2294.7200000000003,2340.6,2340.12265321265,2280.738593104793,0.7193947200000002,0.7337781,0.06069739445376653,-28.766759999999785,-30.280630214454504,6053.2662858757385,6022.985655661284,0.23768811283871144,1.0,6022.985655661284,0.0,0.0,2026-05-02 00:00:00+00:00,2026-05-01 00:00:00+00:00,2026-05-02 00:01:00+00:00,54.74,0.0286522255225883,2294.34,2026-05-02 00:02:00+00:00,2026-05-02 21:38:00+00:00,2026-05-02 21:39:00+00:00,stop,-1.0636925957953907,0.3079425078909676,"simulated minute opens; intrabar exits only known within minute, not actual exchange fills"
1701,2314.0,3332162.0,3332257.0,-1.0,0.603,2315.31,2302.8,2362.4104037234006,2302.3324667751226,0.6980659650000001,0.6942942000000001,0.0,7.5435299999998575,6.151169834999564,6022.985655661284,6029.136825496284,0.23180064005095394,2.0,6021.787099696284,0.0,0.0,2026-05-03 00:00:00+00:00,2026-05-02 00:00:00+00:00,2026-05-03 00:01:00+00:00,54.86,0.028715036393299125,2315.9,2026-05-03 00:02:00+00:00,2026-05-03 01:37:00+00:00,2026-05-03 01:38:00+00:00,target,0.21657871681747812,0.27552912924246925,"simulated minute opens; intrabar exits only known within minute, not actual exchange fills"
1702,2315.0,3333602.0,3333740.0,-1.0,0.5670000000000001,2318.34,2369.14,2368.6656637103897,2308.047121258364,0.65724939,0.6716511900000001,0.0,-28.803599999999847,-30.13250057999994,6029.136825496284,5999.004324916284,0.21802437364519392,1.0,5998.558076269734,0.0,0.0,2026-05-04 00:00:00+00:00,2026-05-03 00:00:00+00:00,2026-05-04 00:01:00+00:00,55.28,0.028934874440787014,2321.67,2026-05-04 00:02:00+00:00,2026-05-04 02:20:00+00:00,2026-05-04 02:21:00+00:00,stop,-1.0559968032578286,0.20452544453003124,"simulated minute opens; intrabar exits only known within minute, not actual exchange fills"
1703,2316.0,3335042.0,3335821.0,-1.0,0.583,2345.67,2394.7400000000002,2394.257777558989,2332.2754872855717,0.683762805,0.6980667100000001,0.03343114852446268,-28.607810000000093,-30.023070663524777,5999.004324916284,5968.981254252759,0.22795876381020674,1.0,5968.981254252759,0.0,0.0,2026-05-05 00:00:00+00:00,2026-05-04 00:00:00+00:00,2026-05-05 00:01:00+00:00,55.86,0.02923846031588934,2346.11,2026-05-05 00:02:00+00:00,2026-05-05 13:01:00+00:00,2026-05-05 13:02:00+00:00,stop,-1.059886887096477,0.2756765875567485,"simulated minute opens; intrabar exits only known within minute, not actual exchange fills"
1704,2317.0,3336482.0,3337059.0,-1.0,0.581,2358.84,2407.79,2407.300326675225,2345.8884336684637,0.68524302,0.699462995,0.1301176031265754,-28.439949999999893,-29.954773618125728,5968.981254252759,5939.026480634633,0.2296013308843215,1.0,5938.7277045627025,0.0,0.0,2026-05-06 00:00:00+00:00,2026-05-05 00:00:00+00:00,2026-05-06 00:01:00+00:00,55.03,0.028804018460139462,2359.47,2026-05-06 00:02:00+00:00,2026-05-06 09:39:00+00:00,2026-05-06 09:40:00+00:00,stop,-1.0639067687680301,0.2672612262467053,"simulated minute opens; intrabar exits only known within minute, not actual exchange fills"
1705,2318.0,3337922.0,3337964.0,-1.0,0.578,2349.4500000000003,2336.4900000000002,2397.8964327694234,2336.0214498850414,0.6789910500000002,0.67524561,0.0,7.49088000000002,6.136643339999864,5939.026480634633,5945.163123974633,0.22865398974528378,2.0,5937.283969584633,0.0,0.0,2026-05-07 00:00:00+00:00,2026-05-06 00:00:00+00:00,2026-05-07 00:01:00+00:00,55.56,0.029081433139112274,2349.7,2026-05-07 00:02:00+00:00,2026-05-07 00:44:00+00:00,2026-05-07 00:45:00+00:00,target,0.2191498814893277,0.2771834652691756,"simulated minute opens; intrabar exits only known within minute, not actual exchange fills"
1706,2319.0,3339362.0,3339481.0,-1.0,0.618,2290.14,2277.32,2335.4324024254165,2276.8560488662974,0.70765326,0.70369188,0.0,7.92275999999982,6.511414859999604,5945.163123974633,5951.674538834633,0.23806016596796054,2.0,5942.570570714633,0.0,0.0,2026-05-08 00:00:00+00:00,2026-05-07 00:00:00+00:00,2026-05-08 00:01:00+00:00,54.22,0.02838004508284139,2289.91,2026-05-08 00:02:00+00:00,2026-05-08 02:01:00+00:00,2026-05-08 02:02:00+00:00,target,0.2326277573230857,0.2932931445969822,"simulated minute opens; intrabar exits only known within minute, not actual exchange fills"
1707,2320.0,3340802.0,3342239.0,-1.0,0.608,2305.16,2326.23,2351.2899215572065,2293.215893522221,0.7007686399999999,0.70717392,-0.1840775483324449,-12.8105600000001,-14.034425011667736,5951.674538834633,5937.640113822965,0.23548620994897812,3.0,5931.473899587125,0.0,0.0,2026-05-09 00:00:00+00:00,2026-05-08 00:00:00+00:00,2026-05-09 00:01:00+00:00,53.45,0.02797700866244692,2306.17,2026-05-09 00:02:00+00:00,2026-05-09 23:59:00+00:00,2026-05-09 23:59:00+00:00,scheduled_23_59_exit,-0.5003896623979273,0.2589231907313505,"simulated minute opens; intrabar exits only known within minute, not actual exchange fills"
1708,2321.0,3342242.0,3343489.0,-1.0,0.623,2326.09,2312.61,2370.885456467752,2312.139707482085,0.724577035,0.720378015,-0.21798866204892742,8.39804000000001,7.171073612048531,5937.640113822965,5944.811187435013,0.2440622944840216,2.0,5910.420427035214,0.0,0.0,2026-05-10 00:00:00+00:00,2026-05-09 00:00:00+00:00,2026-05-10 00:01:00+00:00,53.79,0.028154972796127598,2325.22,2026-05-10 00:02:00+00:00,2026-05-10 20:49:00+00:00,2026-05-10 20:50:00+00:00,target,0.25695801431347215,0.3114220418304623,"simulated minute opens; intrabar exits only known within minute, not actual exchange fills"
1709,2322.0,3343682.0,3343695.0,-1.0,0.599,2371.06,2357.2200000000003,2417.733896566477,2356.7480309645807,0.71013247,0.70598739,0.0,8.290159999999814,6.874040140000034,5944.811187435013,5951.685227575013,0.23890833454927551,2.0,5943.1845849650135,0.0,0.0,2026-05-11 00:00:00+00:00,2026-05-10 00:00:00+00:00,2026-05-11 00:01:00+00:00,54.61,0.028584180412651573,2370.21,2026-05-11 00:02:00+00:00,2026-05-11 00:15:00+00:00,2026-05-11 00:16:00+00:00,target,0.24587319345954103,0.30663754450059294,"simulated minute opens; intrabar exits only known within minute, not actual exchange fills"
1710,2323.0,3345122.0,3345189.0,-1.0,0.595,2337.21,2325.98,2384.3007619170426,2325.5117618257586,0.695319975,0.69197905,0.0,6.6818500000000105,5.294550975000675,5951.685227575013,5956.979778550014,0.23365482158850828,2.0,5949.441431631114,0.0,0.0,2026-05-12 00:00:00+00:00,2026-05-11 00:00:00+00:00,2026-05-12 00:01:00+00:00,53.53,0.02801888257625414,2338.61,2026-05-12 00:02:00+00:00,2026-05-12 01:09:00+00:00,2026-05-12 01:10:00+00:00,target,0.18896285890801715,0.24841896155448928,"simulated minute opens; intrabar exits only known within minute, not actual exchange fills"
1711,2324.0,3346562.0,3347102.0,-1.0,0.634,2273.31,2317.98,2317.5111764861063,2260.8368931325185,0.72063927,0.7347996600000001,-0.0735846109968,-28.320780000000045,-29.702634319003664,5956.979778550014,5927.27714423101,0.24194786512282254,1.0,5927.27714423101,0.0,0.0,2026-05-13 00:00:00+00:00,2026-05-12 00:00:00+00:00,2026-05-13 00:01:00+00:00,53.33,0.0279141977917361,2273.62,2026-05-13 00:02:00+00:00,2026-05-13 09:02:00+00:00,2026-05-13 09:03:00+00:00,stop,-1.059917058079368,0.2821894768208732,"simulated minute opens; intrabar exits only known within minute, not actual exchange fills"
1712,2325.0,3348002.0,3348188.0,-1.0,0.643,2258.68,2245.06,2302.007137999453,2244.602369773621,0.72616562,0.72178679,0.0,8.75765999999993,7.309707590000471,5927.27714423101,5934.586851821011,0.245025026611679,2.0,5920.15900034555,0.0,0.0,2026-05-14 00:00:00+00:00,2026-05-13 00:00:00+00:00,2026-05-14 00:01:00+00:00,54.2,0.028369576604389588,2257.54,2026-05-14 00:02:00+00:00,2026-05-14 03:08:00+00:00,2026-05-14 03:09:00+00:00,target,0.26237897366182467,0.3249148426687364,"simulated minute opens; intrabar exits only known within minute, not actual exchange fills"
1713,2326.0,3349442.0,3349570.0,-1.0,0.603,2280.4500000000003,2269.43,2326.820070649478,2268.9750130871707,0.687555675,0.684233145,0.0,6.645060000000263,5.273271179999938,5934.586851821011,5939.860123001011,0.23171138688079881,2.0,5922.532746146011,0.0,0.0,2026-05-15 00:00:00+00:00,2026-05-14 00:00:00+00:00,2026-05-15 00:01:00+00:00,54.21,0.028374810843615487,2282.06,2026-05-15 00:02:00+00:00,2026-05-15 02:10:00+00:00,2026-05-15 02:11:00+00:00,target,0.18859276851454126,0.24746537480116504,"simulated minute opens; intrabar exits only known within minute, not actual exchange fills"
1714,2327.0,3350882.0,3351290.0,-1.0,0.645,2223.12,2211.5,2266.444088154682,2211.0549085456905,0.7169561999999999,0.7132087500000001,0.0,7.49489999999993,6.0647350500003085,5939.860123001011,5945.924858051011,0.24140507862254856,2.0,5934.196016801011,0.0,0.0,2026-05-16 00:00:00+00:00,2026-05-15 00:00:00+00:00,2026-05-16 00:01:00+00:00,53.33,0.0279141977917361,2223.66,2026-05-16 00:02:00+00:00,2026-05-16 06:50:00+00:00,2026-05-16 06:51:00+00:00,target,0.21703145756766035,0.2784846021740323,"simulated minute opens; intrabar exits only known within minute, not actual exchange fills"
1715,2328.0,3352322.0,3352421.0,-1.0,0.7000000000000001,2182.34,2167.58,2222.1514879310967,2167.1429052706844,0.7638190000000001,0.758653,0.0,10.332000000000154,8.809528000000682,5945.924858051011,5954.734386051012,0.25692184756279246,2.0,5943.358730361011,0.0,0.0,2026-05-17 00:00:00+00:00,2026-05-16 00:00:00+00:00,2026-05-17 00:01:00+00:00,54.13,0.028332936929808268,2179.66,2026-05-17 00:02:00+00:00,2026-05-17 01:41:00+00:00,2026-05-17 01:42:00+00:00,target,0.31611579104459636,0.3817263689219052,"simulated minute opens; intrabar exits only known within minute, not actual exchange fills"
1716,2329.0,3353762.0,3353770.0,-1.0,0.558,2121.81,2117.69,2172.5307380583904,2117.2664557300855,0.59198499,0.5908355100000001,0.0,2.2989599999999393,1.1161394999999175,5954.734386051012,5955.850525551012,0.198828344514149,2.0,5952.105701061012,0.0,0.0,2026-05-18 00:00:00+00:00,2026-05-17 00:00:00+00:00,2026-05-18 00:01:00+00:00,55.63,0.02911807281369359,2129.88,2026-05-18 00:02:00+00:00,2026-05-18 00:10:00+00:00,2026-05-18 00:11:00+00:00,target,0.03943653181263126,0.08957961661921987,"simulated minute opens; intrabar exits only known within minute, not actual exchange fills"
1717,2330.0,3355202.0,3355766.0,-1.0,0.6920000000000001,2129.19,2117.46,2169.613399142512,2117.0270506807988,0.7366997400000002,0.7326411600000001,-0.0842215136578249,8.117160000000013,6.732040613657773,5955.850525551012,5962.5825661646695,0.2473869137042668,2.0,5943.886142460531,0.0,0.0,2026-05-19 00:00:00+00:00,2026-05-18 00:00:00+00:00,2026-05-19 00:01:00+00:00,52.99,0.02773623365805543,2128.99,2026-05-19 00:02:00+00:00,2026-05-19 09:26:00+00:00,2026-05-19 09:27:00+00:00,target,0.24066215598004465,0.30088883115249593,"simulated minute opens; intrabar exits only known within minute, not actual exchange fills"
1718,2331.0,3356642.0,3358079.0,-1.0,0.7030000000000001,2110.7200000000003,2128.86,2150.5126229109687,2099.286278535437,0.7419180800000001,0.7482942900000001,-0.12509127933293288,-12.752419999999912,-14.117541090667146,5962.5825661646695,5948.465025074002,0.24885796440290686,3.0,5935.878458415753,0.0,0.0,2026-05-20 00:00:00+00:00,2026-05-19 00:00:00+00:00,2026-05-20 00:01:00+00:00,52.15,0.027296557563079644,2111.0,2026-05-20 00:02:00+00:00,2026-05-20 23:59:00+00:00,2026-05-20 23:59:00+00:00,scheduled_23_59_exit,-0.5046626560409561,0.28733269204558526,"simulated minute opens; intrabar exits only known within minute, not actual exchange fills"
1719,2332.0,3358082.0,3358706.0,-1.0,0.6930000000000001,2128.07,2117.25,2168.387405376135,2116.8201794076444,0.7373762550000001,0.7336271250000002,-0.037445899991178574,7.498260000000114,6.064702519991442,5948.465025074002,5954.529727593994,0.24792152324736136,2.0,5928.315597399473,0.0,0.0,2026-05-21 00:00:00+00:00,2026-05-20 00:00:00+00:00,2026-05-21 00:01:00+00:00,52.0,0.027218043974691117,2128.6,2026-05-21 00:02:00+00:00,2026-05-21 10:26:00+00:00,2026-05-21 10:27:00+00:00,target,0.2170619464739249,0.2790313634372616,"simulated minute opens; intrabar exits only known within minute, not actual exchange fills"
1720,2333.0,3359522.0,3359942.0,-1.0,0.7020000000000001,2130.9,2121.98,2170.7045275203104,2121.546358176963,0.7479459,0.7448149800000001,0.0,6.261840000000052,4.769079120000242,5954.529727593994,5959.298806713994,0.2512191337407992,2.0,5947.035561693994,0.0,0.0,2026-05-22 00:00:00+00:00,2026-05-21 00:00:00+00:00,2026-05-22 00:01:00+00:00,49.43,0.025872844493634264,2132.78,2026-05-22 00:02:00+00:00,2026-05-22 07:02:00+00:00,2026-05-22 07:03:00+00:00,target,0.17067304709329656,0.2349893945673444,"simulated minute opens; intrabar exits only known within minute, not actual exchange fills"
1721,2334.0,3360962.0,3361001.0,-1.0,0.711,2062.9900000000002,2054.41,2102.3663863707434,2053.9971254434067,0.7333929450000001,0.7303427549999999,0.0,6.100380000000271,4.636644300000626,5959.298806713994,5963.935451013995,0.24613397273307694,2.0,5953.716393768995,0.0,0.0,2026-05-23 00:00:00+00:00,2026-05-22 00:00:00+00:00,2026-05-23 00:01:00+00:00,50.29,0.02632298906706185,2064.98,2026-05-23 00:02:00+00:00,2026-05-23 00:41:00+00:00,2026-05-23 00:42:00+00:00,target,0.1656144862710469,0.22838242371766387,"simulated minute opens; intrabar exits only known within minute, not actual exchange fills"
1722,2335.0,3362402.0,3363236.0,-1.0,0.6960000000000001,2115.68,2106.1,2155.8883967192214,2105.678693424877,0.7362566400000001,0.7329228000000001,-0.11863104066,6.66767999999995,5.317131600660105,5963.935451013995,5969.252582614655,0.24690295394623057,2.0,5953.7335943739945,0.0,0.0,2026-05-24 00:00:00+00:00,2026-05-23 00:00:00+00:00,2026-05-24 00:01:00+00:00,50.83,0.026605637985260562,2116.82,2026-05-24 00:02:00+00:00,2026-05-24 13:56:00+00:00,2026-05-24 13:57:00+00:00,target,0.18999904300705597,0.2487367662272794,"simulated minute opens; intrabar exits only known within minute, not actual exchange fills"
1723,2336.0,3363842.0,3364751.0,-1.0,0.725,2099.16,2138.18,2137.7431238009817,2087.8371661024585,0.7609454999999999,0.77509025,-0.08446987556999999,-28.289499999999986,-29.741065874430205,5969.252582614655,5939.511516740225,0.25495503481164145,1.0,5939.511516740225,0.0,0.0,2026-05-25 00:00:00+00:00,2026-05-24 00:00:00+00:00,2026-05-25 00:01:00+00:00,51.3,0.026851647228877965,2098.99,2026-05-25 00:02:00+00:00,2026-05-25 15:11:00+00:00,2026-05-25 15:12:00+00:00,stop,-1.063215099907394,0.2934659711833193,"simulated minute opens; intrabar exits only known within minute, not actual exchange fills"
1724,2337.0,3365282.0,3365318.0,-1.0,0.736,2110.21,2101.7200000000003,2147.970031875174,2101.2992619014904,0.77655728,0.7734329600000001,0.0,6.248639999999839,4.69864976000008,5939.511516740225,5944.210166500225,0.26148860148222997,2.0,5937.505839460225,0.0,0.0,2026-05-26 00:00:00+00:00,2026-05-25 00:00:00+00:00,2026-05-26 00:01:00+00:00,47.66,0.024946384150649585,2111.64,2026-05-26 00:02:00+00:00,2026-05-26 00:38:00+00:00,2026-05-26 00:39:00+00:00,target,0.169068580797397,0.2359833309454447,"simulated minute opens; intrabar exits only known within minute, not actual exchange fills"
1725,2338.0,3366722.0,3366979.0,-1.0,0.8210000000000001,2075.65,2063.01,2109.3126645169104,2062.5903823149542,0.8520543250000001,0.8468656050000002,0.0,10.377439999999897,8.678520070000559,5944.210166500225,5952.888686570225,0.28668378174174297,2.0,5937.0446221752245,0.0,0.0,2026-05-27 00:00:00+00:00,2026-05-26 00:00:00+00:00,2026-05-27 00:01:00+00:00,48.78,0.025532618943950626,2072.99,2026-05-27 00:02:00+00:00,2026-05-27 04:19:00+00:00,2026-05-27 04:20:00+00:00,target,0.314017626105935,0.3879555546913223,"simulated minute opens; intrabar exits only known within minute, not actual exchange fills"
1726,2339.0,3368162.0,3368248.0,-1.0,0.781,2023.91,2013.82,2059.5369636965274,2013.4097183236124,0.7903368550000001,0.78639671,0.0,7.880290000000114,6.303556435000246,5952.888686570225,5959.1922430052255,0.26553053369971713,2.0,5948.700999715225,0.0,0.0,2026-05-28 00:00:00+00:00,2026-05-27 00:00:00+00:00,2026-05-28 00:01:00+00:00,49.29,0.025799565144471636,2023.7,2026-05-28 00:02:00+00:00,2026-05-28 01:28:00+00:00,2026-05-28 01:29:00+00:00,target,0.22654568794441016,0.2947285029908722,"simulated minute opens; intrabar exits only known within minute, not actual exchange fills"
1727,2340.0,3369602.0,3369750.0,-1.0,0.8300000000000001,2010.6000000000001,1999.07,2044.0401810343033,1998.6643282023767,0.8343990000000001,0.82961405,0.0,9.569900000000167,7.905886949999513,5959.1922430052255,5967.098129955225,0.28003761784305586,2.0,5953.643444005225,0.0,0.0,2026-05-29 00:00:00+00:00,2026-05-28 00:00:00+00:00,2026-05-29 00:01:00+00:00,49.24,0.025773393948342126,2008.92,2026-05-29 00:02:00+00:00,2026-05-29 02:30:00+00:00,2026-05-29 02:31:00+00:00,target,0.2848419089067863,0.3569260520862528,"simulated minute opens; intrabar exits only known within minute, not actual exchange fills"
1728,2341.0,3371042.0,3371313.0,-1.0,0.776,2012.15,2003.6100000000001,2048.119429107651,2003.2010672221918,0.7807142,0.7774006800000001,0.0,6.627039999999972,5.068925120000131,5967.098129955225,5972.167055075225,0.26167298844333176,2.0,5958.111330052265,0.0,0.0,2026-05-30 00:00:00+00:00,2026-05-29 00:00:00+00:00,2026-05-30 00:01:00+00:00,48.59,0.025433168398658487,2013.35,2026-05-30 00:02:00+00:00,2026-05-30 04:33:00+00:00,2026-05-30 04:34:00+00:00,target,0.18160199263798654,0.2487927387178032,"simulated minute opens; intrabar exits only known within minute, not actual exchange fills"
1729,2342.0,3372482.0,3373334.0,-1.0,0.787,2021.19,2011.79,2056.65950209023,2011.3867896332592,0.7953382650000002,0.791639365,-0.1150526111806,7.397800000000072,5.925874981180641,5972.167055075225,5978.092930056406,0.2663482979177923,2.0,5959.012357669775,0.0,0.0,2026-05-31 00:00:00+00:00,2026-05-30 00:00:00+00:00,2026-05-31 00:01:00+00:00,48.91,0.02560066405388735,2021.58,2026-05-31 00:02:00+00:00,2026-05-31 14:14:00+00:00,2026-05-31 14:15:00+00:00,target,0.21228663866341943,0.2763842114784321,"simulated minute opens; intrabar exits only known within minute, not actual exchange fills"
1730,2343.0,3373922.0,3374034.0,-1.0,0.788,2005.91,1996.44,2041.392070395994,1996.0316144264357,0.7903285400000001,0.7865973600000001,0.0,7.462360000000022,5.885434100000566,5978.092930056406,5983.978364156406,0.2644082483316441,2.0,5965.581694045126,0.0,0.0,2026-06-01 00:00:00+00:00,2026-05-31 00:00:00+00:00,2026-06-01 00:01:00+00:00,49.63,0.02597752927815231,2006.31,2026-06-01 00:02:00+00:00,2026-06-01 01:54:00+00:00,2026-06-01 01:55:00+00:00,target,0.21049574944882474,0.278404993376026,"simulated minute opens; intrabar exits only known within minute, not actual exchange fills"
1731,2344.0,3375362.0,3375402.0,-1.0,0.765,2003.95,1996.27,2040.580315768581,1995.870590044807,0.766510875,0.7635732749999999,0.0,5.875200000000048,4.345115850000184,5983.978364156406,5988.3234800064065,0.25618771604902324,2.0,5981.804253281407,0.0,0.0,2026-06-02 00:00:00+00:00,2026-06-01 00:00:00+00:00,2026-06-02 00:01:00+00:00,49.25,0.025778628187568025,2006.0,2026-06-02 00:02:00+00:00,2026-06-02 00:42:00+00:00,2026-06-02 00:43:00+00:00,target,0.15505981536943458,0.22056621095587467,"simulated minute opens; intrabar exits only known within minute, not actual exchange fills"
1732,2345.0,3376802.0,3376989.0,-1.0,0.867,1862.89,1848.6000000000001,1895.13648373448,1848.2216636641276,0.807562815,0.8013681,0.0,12.389429999999969,10.780499084999974,5988.3234800064065,5999.1039790914065,0.26971248887815125,2.0,5978.464437191406,0.0,0.0,2026-06-03 00:00:00+00:00,2026-06-02 00:00:00+00:00,2026-06-03 00:01:00+00:00,55.62,0.02911283857446769,1858.96,2026-06-03 00:02:00+00:00,2026-06-03 03:09:00+00:00,2026-06-03 03:10:00+00:00,target,0.38560033715255987,0.4548817308780934,"simulated minute opens; intrabar exits only known within minute, not actual exchange fills"
1733,2346.0,3378242.0,3378266.0,-1.0,0.842,1817.32,1801.3400000000001,1850.703788519159,1800.9714213846728,0.7650917199999999,0.7583641400000001,0.0,13.455159999999823,11.931704139999965,5999.1039790914065,6011.035683231406,0.2550686644760829,2.0,5996.174947371406,0.0,0.0,2026-06-04 00:00:00+00:00,2026-06-03 00:00:00+00:00,2026-06-04 00:01:00+00:00,60.4,0.03161480492444891,1812.46,2026-06-04 00:02:00+00:00,2026-06-04 00:26:00+00:00,2026-06-04 00:27:00+00:00,target,0.42447758713386874,0.4897160969595968,"simulated minute opens; intrabar exits only known within minute, not actual exchange fills"
1734,2347.0,3379682.0,3379738.0,-1.0,0.674,1764.1000000000001,1759.14,1806.4725292802912,1758.7856328357411,0.5945017,0.5928301800000001,0.0,3.3430400000000247,2.155708119999872,6011.035683231406,6013.191391351406,0.19780341735732582,2.0,6003.667481531406,0.0,0.0,2026-06-05 00:00:00+00:00,2026-06-04 00:00:00+00:00,2026-06-05 00:01:00+00:00,59.46,0.031122786437214108,1769.86,2026-06-05 00:02:00+00:00,2026-06-05 00:58:00+00:00,2026-06-05 00:59:00+00:00,target,0.0754823951820948,0.12542010719031854,"simulated minute opens; intrabar exits only known within minute, not actual exchange fills"
1735,2348.0,3381122.0,3381257.0,-1.0,0.911,1588.69,1571.06,1619.7380443662776,1570.7438084249018,0.723648295,0.71561783,0.0,16.0609300000001,14.621663875000195,6013.191391351406,6027.8130552264065,0.24068693241356057,2.0,6001.7179430564065,0.0,0.0,2026-06-06 00:00:00+00:00,2026-06-05 00:00:00+00:00,2026-06-06 00:01:00+00:00,68.3,0.03574985391291159,1582.35,2026-06-06 00:02:00+00:00,2026-06-06 02:17:00+00:00,2026-06-06 02:18:00+00:00,target,0.516944797252122,0.5780135896285417,"simulated minute opens; intrabar exits only known within minute, not actual exchange fills"
1736,2349.0,3382562.0,3382873.0,-1.0,0.761,1568.28,1606.27,1605.9465344304547,1556.8880964358393,0.59673054,0.6111857350000001,0.0,-28.910390000000007,-30.118306274999668,6027.8130552264065,5997.694748951407,0.1979923844793447,1.0,5997.694748951407,0.0,0.0,2026-06-07 00:00:00+00:00,2026-06-06 00:00:00+00:00,2026-06-07 00:01:00+00:00,69.23,0.0362366381609205,1568.6,2026-06-07 00:02:00+00:00,2026-06-07 05:13:00+00:00,2026-06-07 05:14:00+00:00,stop,-1.0507278038300216,0.30244097941088804,"simulated minute opens; intrabar exits only known within minute, not actual exchange fills"
1737,2350.0,3384002.0,3384075.0,-1.0,0.638,1684.58,1677.9,1729.475558424472,1677.5591040569732,0.5373810200000001,0.5352501000000001,0.0,4.2618399999998955,3.189208879999569,5997.694748951407,6000.883957831406,0.1791958552388655,2.0,5980.486427931407,0.0,0.0,2026-06-08 00:00:00+00:00,2026-06-07 00:00:00+00:00,2026-06-08 00:01:00+00:00,67.21,0.03517932183728826,1689.66,2026-06-08 00:02:00+00:00,2026-06-08 01:15:00+00:00,2026-06-08 01:16:00+00:00,target,0.11134197179903126,0.15638286256842143,"simulated minute opens; intrabar exits only known within minute, not actual exchange fills"
1738,2351.0,3385442.0,3385463.0,-1.0,0.775,1688.8600000000001,1678.6000000000001,1725.4789079947964,1678.2632631937454,0.6544332500000001,0.6504575000000001,0.0,7.951499999999993,6.646609250000438,6000.883957831406,6007.530567081407,0.21811228298988755,2.0,5995.022587641157,0.0,0.0,2026-06-09 00:00:00+00:00,2026-06-08 00:00:00+00:00,2026-06-09 00:01:00+00:00,61.26,0.03206494949787649,1689.21,2026-06-09 00:02:00+00:00,2026-06-09 00:23:00+00:00,2026-06-09 00:24:00+00:00,target,0.23420332472009547,0.2893788314976677,"simulated minute opens; intrabar exits only known within minute, not actual exchange fills"
1739,2352.0,3386882.0,3387017.0,-1.0,0.774,1636.96,1628.3700000000001,1673.7657115791055,1628.0418044317178,0.63350352,0.6301791900000001,0.0,6.6486599999999365,5.384977290000279,6007.530567081407,6012.915544371407,0.21090313663032104,2.0,5999.807223561407,0.0,0.0,2026-06-10 00:00:00+00:00,2026-06-09 00:00:00+00:00,2026-06-10 00:01:00+00:00,61.31,0.032091120694006006,1638.64,2026-06-10 00:02:00+00:00,2026-06-10 02:17:00+00:00,2026-06-10 02:18:00+00:00,target,0.1890286779280752,0.24230466375075083,"simulated minute opens; intrabar exits only known within minute, not actual exchange fills"
1740,2353.0,3388322.0,3388555.0,-1.0,0.894,1623.79,1655.77,1655.4378701882738,1610.2542005578964,0.72583413,0.74012919,0.0,-28.590120000000017,-30.056083320000653,6012.915544371407,5982.8594610514065,0.24142502073871352,1.0,5982.8594610514065,0.0,0.0,2026-06-11 00:00:00+00:00,2026-06-10 00:00:00+00:00,2026-06-11 00:01:00+00:00,61.15,0.03200737286639157,1620.72,2026-06-11 00:02:00+00:00,2026-06-11 03:55:00+00:00,2026-06-11 03:56:00+00:00,stop,-1.0623078203997922,0.4277001694451729,"simulated minute opens; intrabar exits only known within minute, not actual exchange fills"
1741,2354.0,3389762.0,3389846.0,-1.0,0.807,1670.98,1662.8700000000001,1706.0074632787512,1662.5295058385477,0.6742404300000001,0.6709680450000001,0.0,6.54476999999992,5.199561524999808,5982.8594610514065,5988.059022576406,0.22539069633486308,2.0,5977.464270621406,0.0,0.0,2026-06-12 00:00:00+00:00,2026-06-11 00:00:00+00:00,2026-06-12 00:01:00+00:00,56.84,0.02975141576002775,1672.57,2026-06-12 00:02:00+00:00,2026-06-12 01:26:00+00:00,2026-06-12 01:27:00+00:00,target,0.18394352307859957,0.24125338721227504,"simulated minute opens; intrabar exits only known within minute, not actual exchange fills"
1742,2355.0,3391202.0,3392502.0,-1.0,0.862,1665.02,1698.05,1697.703150353313,1655.7079126321962,0.71762362,0.73185955,-0.09005876169392041,-28.471859999999975,-29.83128440830569,5988.059022576406,5958.227738168101,0.239684885300692,1.0,5958.227738168101,0.0,0.0,2026-06-13 00:00:00+00:00,2026-06-12 00:00:00+00:00,2026-06-13 00:01:00+00:00,55.52,0.029060496182208666,1665.48,2026-06-13 00:02:00+00:00,2026-06-13 21:42:00+00:00,2026-06-13 21:43:00+00:00,stop,-1.05886544302498,0.2849201275622994,"simulated minute opens; intrabar exits only known within minute, not actual exchange fills"
1743,2356.0,3392642.0,3393198.0,-1.0,0.8150000000000001,1678.57,1670.92,1713.0734579689913,1670.5827690955618,0.6840172750000001,0.6808999000000001,0.014742701143670161,6.234749999999889,4.855090123856826,5958.227738168101,5963.082828291957,0.22960427330369415,2.0,5948.586870893101,0.0,0.0,2026-06-14 00:00:00+00:00,2026-06-13 00:00:00+00:00,2026-06-14 00:01:00+00:00,55.59,0.029097135856789986,1680.41,2026-06-14 00:02:00+00:00,2026-06-14 09:18:00+00:00,2026-06-14 09:19:00+00:00,target,0.17265416705470835,0.23149073671445636,"simulated minute opens; intrabar exits only known within minute, not actual exchange fills"
1744,2357.0,3394082.0,3394143.0,-1.0,0.858,1725.66,1715.02,1758.2817151408262,1714.6757122993965,0.74030814,0.73574358,0.0,9.129120000000086,7.653068280000298,5963.082828291957,5970.735896571958,0.2482971178892885,2.0,5957.792785594018,0.0,0.0,2026-06-15 00:00:00+00:00,2026-06-14 00:00:00+00:00,2026-06-15 00:01:00+00:00,55.49,0.02904479346453096,1724.74,2026-06-15 00:02:00+00:00,2026-06-15 01:03:00+00:00,2026-06-15 01:04:00+00:00,target,0.2734270703270709,0.3367170503814707,"simulated minute opens; intrabar exits only known within minute, not actual exchange fills"
1745,2358.0,3395522.0,3395651.0,-1.0,0.795,1794.48,1785.28,1829.8039951683784,1784.9203576430978,0.7133058000000001,0.7096488000000001,0.0,7.3140000000000365,5.891045399999712,5970.735896571958,5976.626941971957,0.2389339647092875,2.0,5965.187930774608,0.0,0.0,2026-06-16 00:00:00+00:00,2026-06-15 00:00:00+00:00,2026-06-16 00:01:00+00:00,54.25,0.028395747800519094,1795.16,2026-06-16 00:02:00+00:00,2026-06-16 02:11:00+00:00,2026-06-16 02:12:00+00:00,target,0.20977581852443158,0.27062743926145544,"simulated minute opens; intrabar exits only known within minute, not actual exchange fills"
1746,2359.0,3396962.0,3397039.0,-1.0,0.836,1793.27,1782.47,1826.7913606293725,1782.1047022308842,0.74958686,0.74507246,0.0,9.028799999999961,7.534140679999837,5976.626941971957,5984.161082651957,0.25083943410818865,2.0,5971.688995111957,0.0,0.0,2026-06-17 00:00:00+00:00,2026-06-16 00:00:00+00:00,2026-06-17 00:01:00+00:00,54.02,0.028275360298323348,1792.32,2026-06-17 00:02:00+00:00,2026-06-17 01:19:00+00:00,2026-06-17 01:20:00+00:00,target,0.2688473806192422,0.3330800886206385,"simulated minute opens; intrabar exits only known within minute, not actual exchange fills"
1747,2360.0,3398402.0,3398644.0,-1.0,0.8250000000000001,1750.3700000000001,1739.53,1784.4806285775269,1739.1805770549645,0.7220276250000001,0.7175561250000001,0.0,8.94300000000012,7.503416250000555,5984.161082651957,5991.664498901958,0.2413128975064369,2.0,5973.695805026958,0.0,0.0,2026-06-18 00:00:00+00:00,2026-06-17 00:00:00+00:00,2026-06-18 00:01:00+00:00,55.98,0.029301271186600163,1749.56,2026-06-18 00:02:00+00:00,2026-06-18 04:04:00+00:00,2026-06-18 04:05:00+00:00,target,0.2666339020792129,0.32803332602342017,"simulated minute opens; intrabar exits only known within minute, not actual exchange fills"
1748,2361.0,3399842.0,3400032.0,-1.0,0.772,1708.91,1699.89,1745.5842961723984,1699.5428112560182,0.6596392600000001,0.65615754,0.0,6.963439999999986,5.647643199999948,5991.664498901958,5997.312142101958,0.22018564628272713,2.0,5983.501019641957,0.0,0.0,2026-06-19 00:00:00+00:00,2026-06-18 00:00:00+00:00,2026-06-19 00:01:00+00:00,58.18,0.030452803816298633,1710.18,2026-06-19 00:02:00+00:00,2026-06-19 03:12:00+00:00,2026-06-19 03:13:00+00:00,target,0.1994748574208708,0.2554156376975478,"simulated minute opens; intrabar exits only known within minute, not actual exchange fills"
1749,2362.0,3401282.0,3401590.0,1.0,0.679,1711.49,1718.5900000000001,1669.3796949986208,1718.9405591761026,0.5810508550000001,0.583461305,0.0,4.820900000000093,3.656387840000207,5997.312142101958,6000.968529941958,0.19377042289359694,2.0,5991.140647384597,0.0,0.0,2026-06-20 00:00:00+00:00,2026-06-19 00:00:00+00:00,2026-06-20 00:01:00+00:00,57.13,0.029903208697578912,1710.31,2026-06-20 00:02:00+00:00,2026-06-20 05:10:00+00:00,2026-06-20 05:11:00+00:00,target,0.1278774874659288,0.1769295942135446,"simulated minute opens; intrabar exits only known within minute, not actual exchange fills"
1750,2363.0,3402722.0,3404159.0,1.0,0.73,1737.88,1705.99,1698.8958807944732,1748.5794820205356,0.6343262,0.6226863499999999,0.0424483699561856,-23.279700000000073,-24.57916091995594,6000.968529941958,5976.389369022002,0.21140794084655373,3.0,5974.267611882102,0.0,0.0,2026-06-21 00:00:00+00:00,2026-06-20 00:00:00+00:00,2026-06-21 00:01:00+00:00,56.39,0.02951587499486215,1740.0,2026-06-21 00:02:00+00:00,2026-06-21 23:59:00+00:00,2026-06-21 23:59:00+00:00,scheduled_23_59_exit,-0.863687166419831,0.27445745186974935,"simulated minute opens; intrabar exits only known within minute, not actual exchange fills"
1751,2364.0,3404162.0,3404243.0,-1.0,0.892,1709.4,1741.14,1740.7847747876283,1695.7784310931565,0.7623924000000001,0.77654844,0.0,-28.31208000000001,-29.851020840000274,5976.389369022002,5946.538348182002,0.2551347821986909,1.0,5945.364531709002,0.0,0.0,2026-06-22 00:00:00+00:00,2026-06-21 00:00:00+00:00,2026-06-22 00:01:00+00:00,58.17,0.030447569577072734,1706.31,2026-06-22 00:02:00+00:00,2026-06-22 01:23:00+00:00,2026-06-22 01:24:00+00:00,stop,-1.066289951941673,0.4340183735271899,"simulated minute opens; intrabar exits only known within minute, not actual exchange fills"
1752,2365.0,3405602.0,3405896.0,-1.0,0.784,1725.25,1717.5,1761.033804843234,1717.1551164774744,0.6762980000000001,0.67326,0.0,6.0760000000000005,4.726442000000134,5946.538348182002,5951.264790182002,0.22745939247386185,2.0,5937.857410182001,0.0,0.0,2026-06-23 00:00:00+00:00,2026-06-22 00:00:00+00:00,2026-06-23 00:01:00+00:00,55.82,0.029217523358985732,1727.32,2026-06-23 00:02:00+00:00,2026-06-23 04:56:00+00:00,2026-06-23 04:57:00+00:00,target,0.1684735602156083,0.226216400351741,"simulated minute opens; intrabar exits only known within minute, not actual exchange fills"
1753,2366.0,3407042.0,3407715.0,-1.0,0.92,1668.75,1656.83,1699.0457369304888,1656.4983821337376,0.767625,0.7621418,-0.03402830296018496,10.966400000000068,9.470661502959956,5951.264790182002,5960.735451684962,0.25797037337890805,2.0,5940.662365182002,0.0,0.0,2026-06-24 00:00:00+00:00,2026-06-23 00:00:00+00:00,2026-06-24 00:01:00+00:00,56.18,0.029405955971118204,1666.4,2026-06-24 00:02:00+00:00,2026-06-24 11:15:00+00:00,2026-06-24 11:16:00+00:00,target,0.3397902915992854,0.40440072127549886,"simulated minute opens; intrabar exits only known within minute, not actual exchange fills"
1754,2367.0,3408482.0,3408885.0,-1.0,0.843,1621.5,1655.18,1654.8474452312655,1611.3055329858887,0.6834622499999999,0.69765837,0.0,-28.392240000000054,-29.77336061999995,5960.735451684962,5930.962091064962,0.22932145052899502,1.0,5930.962091064962,0.0,0.0,2026-06-25 00:00:00+00:00,2026-06-24 00:00:00+00:00,2026-06-25 00:01:00+00:00,58.83,0.030793029365982272,1621.54,2026-06-25 00:02:00+00:00,2026-06-25 06:45:00+00:00,2026-06-25 06:46:00+00:00,stop,-1.059101821895687,0.30570458826492913,"simulated minute opens; intrabar exits only known within minute, not actual exchange fills"
1755,2368.0,3409922.0,3410009.0,-1.0,0.838,1566.72,1557.03,1600.1767061556907,1556.7119158504047,0.6564556800000001,0.6523955699999999,0.0,8.120220000000046,6.811368749999929,5930.962091064962,5937.773459814962,0.22136566375595465,2.0,5926.778908689382,0.0,0.0,2026-06-26 00:00:00+00:00,2026-06-25 00:00:00+00:00,2026-06-26 00:01:00+00:00,60.76,0.03180323753658139,1566.97,2026-06-26 00:02:00+00:00,2026-06-26 01:29:00+00:00,2026-06-26 01:30:00+00:00,target,0.2429445672917028,0.2991353692447413,"simulated minute opens; intrabar exits only known within minute, not actual exchange fills"
1756,2369.0,3411362.0,3412696.0,-1.0,0.852,1577.72,1567.96,1610.6384334383088,1567.637944754551,0.67210872,0.66795096,-0.01612732451546316,8.315519999999992,6.9915876445156755,5937.773459814962,5944.7650474594775,0.22638408977662303,2.0,5909.377730011422,0.0,0.0,2026-06-27 00:00:00+00:00,2026-06-26 00:00:00+00:00,2026-06-27 00:01:00+00:00,59.77,0.03128504785321708,1577.86,2026-06-27 00:02:00+00:00,2026-06-27 22:16:00+00:00,2026-06-27 22:17:00+00:00,target,0.24928551961689036,0.30627384697219795,"simulated minute opens; intrabar exits only known within minute, not actual exchange fills"
1757,2370.0,3412802.0,3413174.0,-1.0,0.882,1573.67,1563.21,1605.4442902161516,1562.8892492951493,0.69398847,0.68937561,0.0,9.225720000000033,7.842355920000045,5944.7650474594775,5952.607403379478,0.23347885558457154,2.0,5939.297384291098,0.0,0.0,2026-06-28 00:00:00+00:00,2026-06-27 00:00:00+00:00,2026-06-28 00:01:00+00:00,59.87,0.0313373902454761,1573.1,2026-06-28 00:02:00+00:00,2026-06-28 06:14:00+00:00,2026-06-28 06:15:00+00:00,target,0.2798350471249961,0.3392916295379818,"simulated minute opens; intrabar exits only known within minute, not actual exchange fills"
1758,2371.0,3414242.0,3414261.0,-1.0,0.75,1566.28,1560.95,1604.0114366503262,1560.6376497005745,0.5873550000000001,0.58535625,0.0,3.9974999999999454,2.8247887500001525,5952.607403379478,5955.432192129478,0.1973437722993593,2.0,5946.825717016978,0.0,0.0,2026-06-29 00:00:00+00:00,2026-06-28 00:00:00+00:00,2026-06-29 00:01:00+00:00,61.32,0.0320963549332319,1571.1,2026-06-29 00:02:00+00:00,2026-06-29 00:21:00+00:00,2026-06-29 00:22:00+00:00,target,0.09982087443170908,0.14953976843542022,"simulated minute opens; intrabar exits only known within minute, not actual exchange fills"
1759,2372.0,3415682.0,3415709.0,-1.0,0.852,1611.3600000000001,1602.3700000000001,1644.3173502735701,1602.042118204451,0.68643936,0.68260962,0.0,7.659480000000007,6.290431020000142,5955.432192129478,5961.722623149478,0.23052545570317398,2.0,5952.922472769478,0.0,0.0,2026-06-30 00:00:00+00:00,2026-06-29 00:00:00+00:00,2026-06-30 00:01:00+00:00,57.93,0.030321947835651085,1612.12,2026-06-30 00:02:00+00:00,2026-06-30 00:29:00+00:00,2026-06-30 00:30:00+00:00,target,0.22402089181062104,0.28272545329657434,"simulated minute opens; intrabar exits only known within minute, not actual exchange fills"
1760,2373.0,3417122.0,3417190.0,-1.0,0.898,1572.13,1561.81,1603.3768854651737,1561.4919852715605,0.7058863700000001,0.70125269,0.0,9.267360000000147,7.8602209399996354,5961.722623149478,5969.5828440894775,0.23680617654334685,2.0,5957.3501331665175,0.0,0.0,2026-07-01 00:00:00+00:00,2026-06-30 00:00:00+00:00,2026-07-01 00:01:00+00:00,58.98,0.030871542954370806,1571.47,2026-07-01 00:02:00+00:00,2026-07-01 01:10:00+00:00,2026-07-01 01:11:00+00:00,target,0.2801248786780794,0.340450402338381,"simulated minute opens; intrabar exits only known within minute, not actual exchange fills"
1761,2374.0,3418562.0,3418601.0,-1.0,0.805,1605.54,1599.32,1640.6203317439133,1598.995888985507,0.6462298500000001,0.6437263000000001,0.0,5.0071000000000225,3.7171438499999567,5969.5828440894775,5973.299987939477,0.2165075406030545,2.0,5967.841814239478,0.0,0.0,2026-07-02 00:00:00+00:00,2026-07-01 00:00:00+00:00,2026-07-02 00:01:00+00:00,56.89,0.029777586956157256,1608.87,2026-07-02 00:02:00+00:00,2026-07-02 00:41:00+00:00,2026-07-02 00:42:00+00:00,target,0.13162845875313373,0.18654644038901938,"simulated minute opens; intrabar exits only known within minute, not actual exchange fills"
1762,2375.0,3420002.0,3420523.0,-1.0,0.8240000000000001,1698.78,1733.29,1732.9374428131152,1689.8261173410003,0.69989736,0.71411548,-0.14148080000000002,-28.436239999999994,-29.70877204000044,5973.299987939477,5943.591215899477,0.2343419421134526,1.0,5943.591215899477,0.0,0.0,2026-07-03 00:00:00+00:00,2026-07-02 00:00:00+00:00,2026-07-03 00:01:00+00:00,55.11,0.02884589237394668,1699.9,2026-07-03 00:02:00+00:00,2026-07-03 08:43:00+00:00,2026-07-03 08:44:00+00:00,stop,-1.0555337879730542,0.26213562613538705,"simulated minute opens; intrabar exits only known within minute, not actual exchange fills"
1763,2376.0,3421442.0,3421510.0,-1.0,0.833,1757.19,1747.73,1790.7185232395627,1747.3765727679022,0.731869635,0.727929545,0.0,7.88018000000003,6.420380819999991,5943.591215899477,5950.011596719477,0.24627186103990567,2.0,5937.694746264477,0.0,0.0,2026-07-04 00:00:00+00:00,2026-07-03 00:00:00+00:00,2026-07-04 00:01:00+00:00,53.55,0.028029351054705946,1757.41,2026-07-04 00:02:00+00:00,2026-07-04 01:10:00+00:00,2026-07-04 01:11:00+00:00,target,0.22988009179316668,0.2926889192816673,"simulated minute opens; intrabar exits only known within minute, not actual exchange fills"
1764,2377.0,3422882.0,3422936.0,-1.0,0.735,1775.25,1770.28,1813.5172404889997,1769.9239809771123,0.6524043749999999,0.6505779,0.0,3.65295000000002,2.3499677250001696,5950.011596719477,5952.361564444477,0.21929516082277936,2.0,5947.734842344477,0.0,0.0,2026-07-05 00:00:00+00:00,2026-07-04 00:00:00+00:00,2026-07-05 00:01:00+00:00,52.97,0.02772576517960362,1779.94,2026-07-05 00:02:00+00:00,2026-07-05 00:56:00+00:00,2026-07-05 00:57:00+00:00,target,0.08355018441738189,0.13917959473505181,"simulated minute opens; intrabar exits only known within minute, not actual exchange fills"
1765,2378.0,3424322.0,3424350.0,-1.0,0.751,1781.3700000000001,1775.42,1818.7945910499593,1775.0647707299481,0.6689044350000001,0.66667021,0.0,4.4684500000000344,3.1328753550005786,5952.361564444477,5955.494439799478,0.22475262221824646,2.0,5945.446493854948,0.0,0.0,2026-07-06 00:00:00+00:00,2026-07-05 00:00:00+00:00,2026-07-06 00:01:00+00:00,53.08,0.027783341811088543,1785.07,2026-07-06 00:02:00+00:00,2026-07-06 00:30:00+00:00,2026-07-06 00:31:00+00:00,target,0.11146694948334832,0.16847824099493725,"simulated minute opens; intrabar exits only known within minute, not actual exchange fills"
1766,2379.0,3425762.0,3425824.0,-1.0,0.8150000000000001,1798.08,1789.17,1832.3820848743333,1788.8068009330598,0.7327176000000001,0.7290867750000001,0.0,7.261649999999882,5.799845624999762,5955.494439799478,5961.2942854244775,0.2460644057035408,2.0,5945.586237389928,0.0,0.0,2026-07-07 00:00:00+00:00,2026-07-06 00:00:00+00:00,2026-07-07 00:01:00+00:00,52.63,0.02754780104592295,1798.84,2026-07-07 00:02:00+00:00,2026-07-07 01:04:00+00:00,2026-07-07 01:05:00+00:00,target,0.2074618795350414,0.2703392257617221,"simulated minute opens; intrabar exits only known within minute, not actual exchange fills"
1767,2380.0,3427202.0,3427296.0,-1.0,0.842,1770.49,1760.99,1803.7132350912423,1760.6338812209485,0.7453762899999999,0.74137679,0.0,7.999,6.512246919999598,5961.2942854244775,5967.806532344477,0.25007196568787576,2.0,5949.603698913637,0.0,0.0,2026-07-08 00:00:00+00:00,2026-07-07 00:00:00+00:00,2026-07-08 00:01:00+00:00,53.27,0.02788279235638069,1770.67,2026-07-08 00:02:00+00:00,2026-07-08 01:36:00+00:00,2026-07-08 01:37:00+00:00,target,0.23279671527347123,0.2966634270257922,"simulated minute opens; intrabar exits only known within minute, not actual exchange fills"
1768,2381.0,3428642.0,3428745.0,-1.0,0.8180000000000001,1740.97,1733.07,1775.2961665598054,1732.7188851988806,0.71205673,0.7088256300000001,0.0,6.462200000000075,5.0413176400006705,5967.806532344477,5972.847849984478,0.23863264539182896,2.0,5955.699424905358,0.0,0.0,2026-07-09 00:00:00+00:00,2026-07-08 00:00:00+00:00,2026-07-09 00:01:00+00:00,53.37,0.027935134748639706,1742.68,2026-07-09 00:02:00+00:00,2026-07-09 01:45:00+00:00,2026-07-09 01:46:00+00:00,target,0.17954174956481814,0.2403739079557222,"simulated minute opens; intrabar exits only known within minute, not actual exchange fills"
1769,2382.0,3430082.0,3430191.0,-1.0,0.842,1742.74,1776.42,1776.0619250995546,1734.5286184862775,0.73369354,0.7478728200000001,0.0,-28.358560000000054,-29.840126359999886,5972.847849984478,5943.007723624478,0.24567628656467674,1.0,5943.007723624478,0.0,0.0,2026-07-10 00:00:00+00:00,2026-07-09 00:00:00+00:00,2026-07-10 00:01:00+00:00,51.99,0.027212809735465214,1744.25,2026-07-10 00:02:00+00:00,2026-07-10 01:51:00+00:00,2026-07-10 01:52:00+00:00,stop,-1.0635513972892745,0.24642578390022926,"simulated minute opens; intrabar exits only known within minute, not actual exchange fills"
1770,2383.0,3431522.0,3432332.0,1.0,0.738,1796.13,1803.5,1758.0183803513562,1803.8617124361192,0.66277197,0.6654915,0.02907746576409141,5.43905999999992,4.081719064235585,5943.007723624478,5947.0894426887135,0.22304260765651285,2.0,5935.538245087538,0.0,0.0,2026-07-11 00:00:00+00:00,2026-07-10 00:00:00+00:00,2026-07-11 00:01:00+00:00,49.81,0.02607174558421855,1796.03,2026-07-11 00:02:00+00:00,2026-07-11 13:32:00+00:00,2026-07-11 13:33:00+00:00,target,0.14512069260962027,0.20287021405541883,"simulated minute opens; intrabar exits only known within minute, not actual exchange fills"
1771,2384.0,3432962.0,3433846.0,-1.0,0.9490000000000001,1789.54,1819.04,1818.6691199317584,1777.0706566594404,0.8491367300000001,0.86313448,-0.0169945788792,-27.995500000000003,-29.69077663112057,5947.0894426887135,5917.398666057593,0.285563799967367,1.0,5917.398666057593,0.0,0.0,2026-07-12 00:00:00+00:00,2026-07-11 00:00:00+00:00,2026-07-12 00:01:00+00:00,50.58,0.026474782004613014,1786.7,2026-07-12 00:02:00+00:00,2026-07-12 14:46:00+00:00,2026-07-12 14:47:00+00:00,stop,-1.074058611880319,0.42807140654341325,"simulated minute opens; intrabar exits only known within minute, not actual exchange fills"
1772,2385.0,3434402.0,3434405.0,1.0,0.729,1805.53,1813.68,1767.126192386758,1814.0521180515143,0.658115685,0.66108636,0.0,5.9413500000000665,4.6221479550004005,5917.398666057593,5922.020814012593,0.22243412084941133,2.0,5916.638439510263,0.0,0.0,2026-07-13 00:00:00+00:00,2026-07-12 00:00:00+00:00,2026-07-13 00:01:00+00:00,50.99,0.026689385812875,1805.92,2026-07-13 00:02:00+00:00,2026-07-13 00:05:00+00:00,2026-07-13 00:06:00+00:00,target,0.16509808256133252,0.22190815393460697,"simulated minute opens; intrabar exits only known within minute, not actual exchange fills"
1773,2386.0,3435842.0,3436590.0,-1.0,0.844,1775.53,1808.78,1808.4093975627095,1766.3310257119813,0.74927366,0.76330516,-0.05467251802001145,-28.063,-29.520906301979267,5922.020814012593,5892.499907710614,0.25304661484035323,1.0,5884.406846081094,0.0,0.0,2026-07-14 00:00:00+00:00,2026-07-13 00:00:00+00:00,2026-07-14 00:01:00+00:00,51.07,0.026731259726682218,1776.0,2026-07-14 00:02:00+00:00,2026-07-14 12:30:00+00:00,2026-07-14 12:31:00+00:00,stop,-1.0638083337243514,0.27977928337871344,"simulated minute opens; intrabar exits only known within minute, not actual exchange fills"
1774,2387.0,3437282.0,3438048.0,1.0,0.6920000000000001,1891.81,1899.14,1851.504610303353,1899.5239223473732,0.6545662600000001,0.6571024400000002,0.06475116572785469,5.072360000000107,3.6959401342719502,5892.499907710614,5896.195847844886,0.22216928986064785,2.0,5872.254821450614,0.0,0.0,2026-07-15 00:00:00+00:00,2026-07-14 00:00:00+00:00,2026-07-15 00:01:00+00:00,49.52,0.025919952646667386,1891.12,2026-07-15 00:02:00+00:00,2026-07-15 12:48:00+00:00,2026-07-15 12:49:00+00:00,target,0.13251215262916488,0.19138686923587708,"simulated minute opens; intrabar exits only known within minute, not actual exchange fills"
1775,2388.0,3438722.0,3438830.0,1.0,0.65,1920.0900000000001,1925.0,1877.0419187164246,1925.391090358197,0.6240292500000001,0.625625,0.0,3.1914999999999054,1.9418457500005388,5896.195847844886,5898.1376935948865,0.21167181895020956,2.0,5887.362318594886,0.0,0.0,2026-07-16 00:00:00+00:00,2026-07-15 00:00:00+00:00,2026-07-16 00:01:00+00:00,49.03,0.02566347492459818,1916.91,2026-07-16 00:02:00+00:00,2026-07-16 01:50:00+00:00,2026-07-16 01:51:00+00:00,target,0.06939809884489909,0.12314347585613475,"simulated minute opens; intrabar exits only known within minute, not actual exchange fills"
1776,2389.0,3440162.0,3440193.0,-1.0,0.804,1862.68,1854.24,1897.0751527097486,1853.869109553269,0.7487973600000001,0.74540448,0.0,6.785760000000044,5.291558160000022,5898.1376935948865,5903.4292517548865,0.25390975894413603,2.0,5894.7437362348865,0.0,0.0,2026-07-17 00:00:00+00:00,2026-07-16 00:00:00+00:00,2026-07-17 00:01:00+00:00,49.2,0.025752456991438518,1863.73,2026-07-17 00:02:00+00:00,2026-07-17 00:33:00+00:00,2026-07-17 00:34:00+00:00,target,0.1913508003741071,0.2561666325799966,"simulated minute opens; intrabar exits only known within minute, not actual exchange fills"
1777,2390.0,3441602.0,3443039.0,-1.0,0.8290000000000001,1840.27,1862.17,1873.628668018877,1831.3355540355724,0.762791915,0.7718694650000001,-0.10667725848083287,-18.155100000000076,-19.583084121519278,5903.4292517548865,5883.846167633367,0.2584233273476592,3.0,5882.487507098367,0.0,0.0,2026-07-18 00:00:00+00:00,2026-07-17 00:00:00+00:00,2026-07-18 00:01:00+00:00,48.96,0.025626835250016865,1841.08,2026-07-18 00:02:00+00:00,2026-07-18 23:59:00+00:00,2026-07-18 23:59:00+00:00,scheduled_23_59_exit,-0.7081379307712539,0.26782981740673056,"simulated minute opens; intrabar exits only known within minute, not actual exchange fills"
1778,2391.0,3443042.0,3444128.0,-1.0,0.8320000000000001,1861.76,1852.21,1894.8294176377865,1851.8379975758105,0.77449216,0.7705193600000001,-0.18206558212183582,7.9455999999999625,6.5826540621219465,5883.846167633367,5890.428821695489,0.26326050611602597,2.0,5869.730940957687,0.0,0.0,2026-07-19 00:00:00+00:00,2026-07-18 00:00:00+00:00,2026-07-19 00:01:00+00:00,49.28,0.025794330905245733,1861.75,2026-07-19 00:02:00+00:00,2026-07-19 18:08:00+00:00,2026-07-19 18:09:00+00:00,target,0.23924956621024365,0.3000355958144298,"simulated minute opens; intrabar exits only known within minute, not actual exchange fills"
1779,2392.0,3444482.0,3444532.0,-1.0,0.71,1865.83,1861.81,1904.9986244227732,1861.4291315622434,0.66236965,0.66094255,0.0,2.8541999999999867,1.5308877999996184,5890.428821695489,5891.959709495489,0.22489692008852585,2.0,5871.753752045489,0.0,0.0,2026-07-20 00:00:00+00:00,2026-07-19 00:00:00+00:00,2026-07-20 00:01:00+00:00,49.74,0.026035105909637233,1871.49,2026-07-20 00:02:00+00:00,2026-07-20 00:52:00+00:00,2026-07-20 00:53:00+00:00,target,0.05504865263396443,0.11235698221757906,"simulated minute opens; intrabar exits only known within minute, not actual exchange fills"
1780,2393.0,3445922.0,3445959.0,1.0,0.707,1901.6000000000001,1911.73,1862.1983489801082,1912.1138594594725,0.6722156,0.675796555,0.0,7.161909999999916,5.813897845000611,5891.959709495489,5897.773607340489,0.22818065063026707,2.0,5889.949559424539,0.0,0.0,2026-07-21 00:00:00+00:00,2026-07-20 00:00:00+00:00,2026-07-21 00:01:00+00:00,50.42,0.026391034176998576,1903.5,2026-07-21 00:02:00+00:00,2026-07-21 00:39:00+00:00,2026-07-21 00:40:00+00:00,target,0.20870534069370128,0.26683804326281646,"simulated minute opens; intrabar exits only known within minute, not actual exchange fills"
1781,2394.0,3447362.0,3447700.0,-1.0,0.774,1928.99,1919.01,1964.7037305480728,1918.6225111315816,0.74651913,0.74265687,0.0,7.724520000000014,6.235344000000623,5897.773607340489,5904.00895134049,0.25315286062213954,2.0,5885.68176580003,0.0,0.0,2026-07-22 00:00:00+00:00,2026-07-21 00:00:00+00:00,2026-07-22 00:01:00+00:00,50.99,0.026689385812875,1929.29,2026-07-22 00:02:00+00:00,2026-07-22 05:40:00+00:00,2026-07-22 05:41:00+00:00,target,0.2255715064310335,0.2902942008386135,"simulated minute opens; intrabar exits only known within minute, not actual exchange fills"
1782,2395.0,3448802.0,3448943.0,-1.0,0.767,1933.25,1922.89,1969.3468317359868,1922.5004780342663,0.741401375,0.7374283150000001,0.0,7.946119999999923,6.467290309999953,5904.00895134049,5910.47624165049,0.25115184652003847,2.0,5897.58407996549,0.0,0.0,2026-07-23 00:00:00+00:00,2026-07-22 00:00:00+00:00,2026-07-23 00:01:00+00:00,51.6,0.02700867440565503,1933.31,2026-07-23 00:02:00+00:00,2026-07-23 02:23:00+00:00,2026-07-23 02:24:00+00:00,target,0.23359196900357618,0.29779682727714185,"simulated minute opens; intrabar exits only known within minute, not actual exchange fills"
1783,2396.0,3450242.0,3450272.0,-1.0,0.766,1876.08,1867.22,1912.3675650662494,1866.8435000124869,0.71853864,0.71514526,0.0,6.786759999999924,5.35307610000018,5910.47624165049,5915.82931775049,0.2431406914172281,2.0,5908.14910301049,0.0,0.0,2026-07-24 00:00:00+00:00,2026-07-23 00:00:00+00:00,2026-07-24 00:01:00+00:00,51.63,0.027024377123332735,1877.42,2026-07-24 00:02:00+00:00,2026-07-24 00:32:00+00:00,2026-07-24 00:33:00+00:00,target,0.1925825000173404,0.2545362294397591,"simulated minute opens; intrabar exits only known within minute, not actual exchange fills"
1784,2397.0,3451682.0,3452212.0,-1.0,0.8310000000000001,1861.01,1850.66,1894.3104887692994,1850.2823441630883,0.7732496550000001,0.76894923,-0.03511823303179377,8.600849999999925,7.093769348031856,5915.82931775049,5922.923087098522,0.26141716181021607,2.0,5912.57302076643,0.0,0.0,2026-07-25 00:00:00+00:00,2026-07-24 00:00:00+00:00,2026-07-25 00:01:00+00:00,50.52,0.026443376569257597,1860.57,2026-07-25 00:02:00+00:00,2026-07-25 08:52:00+00:00,2026-07-25 08:53:00+00:00,target,0.2563453427774072,0.3221470985375395,"simulated minute opens; intrabar exits only known within minute, not actual exchange fills"
1785,2398.0,3453122.0,3454037.0,-1.0,0.79,1873.26,1908.8400000000001,1908.4578746544048,1863.3669840178472,0.7399377,0.7539918000000001,-0.03503684997,-28.108200000000124,-29.567092650029736,5922.923087098522,5893.355994448492,0.2498555828326568,1.0,5893.355994448492,0.0,0.0,2026-07-26 00:00:00+00:00,2026-07-25 00:00:00+00:00,2026-07-26 00:01:00+00:00,51.52,0.02696680049184781,1873.92,2026-07-26 00:02:00+00:00,2026-07-26 15:17:00+00:00,2026-07-26 15:18:00+00:00,stop,-1.063322712648956,0.28106856107900513,"simulated minute opens; intrabar exits only known within minute, not actual exchange fills"
1786,2399.0,3454562.0,3454579.0,-1.0,0.715,1951.6000000000001,1943.25,1990.409995687085,1942.857215831108,0.697697,0.694711875,0.0,5.970250000000097,4.577841125000305,5893.355994448492,5897.933835573493,0.2367740895534655,2.0,5891.378447448493,0.0,0.0,2026-07-27 00:00:00+00:00,2026-07-26 00:00:00+00:00,2026-07-27 00:01:00+00:00,51.7,0.02706101679791405,1953.79,2026-07-27 00:02:00+00:00,2026-07-27 00:19:00+00:00,2026-07-27 00:20:00+00:00,target,0.16497231928657652,0.22527145427644207,"simulated minute opens; intrabar exits only known within minute, not actual exchange fills"
1787,2400.0,3456002.0,3456011.0,-1.0,0.76,1890.6200000000001,1881.19,1927.1050973571157,1880.8074840139734,0.7184356000000001,0.7148522,0.0,7.166800000000048,5.733512200000405,5897.933835573493,5903.667347773493,0.24362280758958094,2.0,5896.006999973493,0.0,0.0,2026-07-28 00:00:00+00:00,2026-07-27 00:00:00+00:00,2026-07-28 00:01:00+00:00,51.87,0.027149998864754384,1891.44,2026-07-28 00:02:00+00:00,2026-07-28 00:11:00+00:00,2026-07-28 00:12:00+00:00,target,0.20677195749703073,0.26894586274450494,"simulated minute opens; intrabar exits only known within minute, not actual exchange fills"
1788,2401.0,3457442.0,3457511.0,-1.0,0.804,1923.89,1910.47,1958.2423180244155,1910.079323777683,0.7734037800000001,0.7680089400000001,0.0,10.78968000000006,9.248267279999709,5903.667347773493,5912.915615053493,0.2620079128583291,2.0,5899.685983993493,0.0,0.0,2026-07-29 00:00:00+00:00,2026-07-28 00:00:00+00:00,2026-07-29 00:01:00+00:00,53.02,0.027751936375733133,1921.13,2026-07-29 00:02:00+00:00,2026-07-29 01:11:00+00:00,2026-07-29 01:12:00+00:00,target,0.33484843706396156,0.4020304019222649,"simulated minute opens; intrabar exits only known within minute, not actual exchange fills"
1789,2402.0,3458882.0,3458921.0,-1.0,0.742,1908.73,1899.14,1946.2019656688087,1898.7549824632372,0.70813883,0.70458094,0.0,7.11577999999994,5.70306022999921,5912.915615053493,5918.618675283492,0.23952272486256126,2.0,5908.289975062772,0.0,0.0,2026-07-30 00:00:00+00:00,2026-07-29 00:00:00+00:00,2026-07-30 00:01:00+00:00,52.46,0.02745881897908261,1909.68,2026-07-30 00:02:00+00:00,2026-07-30 00:41:00+00:00,2026-07-30 00:42:00+00:00,target,0.20511507370419962,0.2661994736258509,"simulated minute opens; intrabar exits only known within minute, not actual exchange fills"
1790,2403.0,3460322.0,3460430.0,-1.0,0.809,1918.48,1907.07,1952.7040325814833,1906.6875348726364,0.77602516,0.7714098149999999,0.0,9.230690000000067,7.683255025000108,5918.618675283492,5926.301930308492,0.26223184921195475,2.0,5903.950232459521,0.0,0.0,2026-07-31 00:00:00+00:00,2026-07-30 00:00:00+00:00,2026-07-31 00:01:00+00:00,50.71,0.02654282711454974,1917.31,2026-07-31 00:02:00+00:00,2026-07-31 01:50:00+00:00,2026-07-31 01:51:00+00:00,target,0.27750163506852676,0.3445667923348064,"simulated minute opens; intrabar exits only known within minute, not actual exchange fills"
1791,2404.0,3461762.0,3462860.0,-1.0,0.863,1863.6100000000001,1851.8,1895.6692456821113,1851.4210386893951,0.804147715,0.7990517,-0.13041592392026286,10.192030000000148,8.71924650892015,5926.301930308492,5935.021176817412,0.2713826343836452,2.0,5916.188717617629,0.0,0.0,2026-08-01 00:00:00+00:00,2026-07-31 00:00:00+00:00,2026-08-01 00:01:00+00:00,50.21,0.026281115153254632,1861.68,2026-08-01 00:02:00+00:00,2026-08-01 18:20:00+00:00,2026-08-01 18:21:00+00:00,target,0.31514822161212075,0.38020112611091045,"simulated minute opens; intrabar exits only known within minute, not actual exchange fills"
1792,2405.0,3463202.0,3463327.0,-1.0,0.865,1845.51,1877.94,1877.5617567814988,1833.8391043329461,0.7981830750000001,0.8122090500000001,0.0,-28.051950000000055,-29.662342125000578,5935.021176817412,5905.358834692412,0.268973960233792,1.0,5905.358834692412,0.0,0.0,2026-08-02 00:00:00+00:00,2026-08-01 00:00:00+00:00,2026-08-02 00:01:00+00:00,50.8,0.026589935267582857,1844.17,2026-08-02 00:02:00+00:00,2026-08-02 02:07:00+00:00,2026-08-02 02:08:00+00:00,stop,-1.0698859732953792,0.3641265515215258,"simulated minute opens; intrabar exits only known within minute, not actual exchange fills"
1793,2406.0,3464642.0,3464668.0,-1.0,0.781,1882.3500000000001,1874.44,1917.8527026058866,1874.059057194457,0.7350576750000002,0.7319688200000001,0.0,6.177710000000064,4.710683505000816,5905.358834692412,5910.069518197412,0.24894598129472909,2.0,5903.928687017412,0.0,0.0,2026-08-03 00:00:00+00:00,2026-08-02 00:00:00+00:00,2026-08-03 00:01:00+00:00,49.74,0.026035105909637233,1884.37,2026-08-03 00:02:00+00:00,2026-08-03 00:28:00+00:00,2026-08-03 00:29:00+00:00,target,0.16989143240607768,0.2335299060913889,"simulated minute opens; intrabar exits only known within minute, not actual exchange fills"
1794,2407.0,3466082.0,3466115.0,-1.0,0.8,1857.75,1850.07,1892.3822794992811,1849.699936318893,0.7431,0.740028,0.0,6.144000000000052,4.660872000000381,5910.069518197412,5914.730390197413,0.25146912323516885,2.0,5905.558418197413,0.0,0.0,2026-08-04 00:00:00+00:00,2026-08-03 00:00:00+00:00,2026-08-04 00:01:00+00:00,49.18,0.025741988512986713,1859.78,2026-08-04 00:02:00+00:00,2026-08-04 00:35:00+00:00,2026-08-04 00:36:00+00:00,target,0.1682271592928617,0.2324439452873488,"simulated minute opens; intrabar exits only known within minute, not actual exchange fills"
1795,2408.0,3467522.0,3468332.0,-1.0,0.846,1868.18,1859.45,1900.8299076233209,1859.0762934202578,0.79024014,0.7865473500000001,-0.009707376662999999,7.385580000000015,5.818499886662721,5914.730390197413,5920.5488900840755,0.26721087450061254,2.0,5899.999317434076,0.0,0.0,2026-08-05 00:00:00+00:00,2026-08-04 00:00:00+00:00,2026-08-05 00:01:00+00:00,47.81,0.02502489773903812,1868.9,2026-08-05 00:02:00+00:00,2026-08-05 13:32:00+00:00,2026-08-05 13:33:00+00:00,target,0.21064866461022305,0.27882794293849,"simulated minute opens; intrabar exits only known within minute, not actual exchange fills"
1796,2409.0,3468962.0,3469097.0,-1.0,0.794,1906.0,1898.25,1940.9170830549588,1897.8624360364588,0.7566820000000001,0.7536052500000001,0.0,6.1535,4.6432127500002025,5920.5488900840755,5925.192102834076,0.2556121109876536,2.0,5914.242148084076,0.0,0.0,2026-08-06 00:00:00+00:00,2026-08-05 00:00:00+00:00,2026-08-06 00:01:00+00:00,48.04,0.025145285241233866,1907.95,2026-08-06 00:02:00+00:00,2026-08-06 02:17:00+00:00,2026-08-06 02:18:00+00:00,target,0.1674789097014725,0.23305394527752618,"simulated minute opens; intrabar exits only known within minute, not actual exchange fills"
1797,2410.0,3470402.0,3471130.0,-1.0,0.8220000000000001,1902.19,1936.27,1935.8760057887962,1893.0699935454295,0.7818000900000001,0.7958069700000001,-0.07975265381040002,-28.01375999999994,-29.511614406188528,5925.192102834076,5895.680488427887,0.26389020859798207,1.0,5895.680488427887,0.0,0.0,2026-08-07 00:00:00+00:00,2026-08-06 00:00:00+00:00,2026-08-07 00:01:00+00:00,47.98,0.025113879805878453,1903.12,2026-08-07 00:02:00+00:00,2026-08-07 12:10:00+00:00,2026-08-07 12:11:00+00:00,stop,-1.065789976166888,0.2707357622554302,"simulated minute opens; intrabar exits only known within minute, not actual exchange fills"
1798,2411.0,3471842.0,3473279.0,-1.0,0.8140000000000001,1911.97,1916.38,1945.821942025111,1903.1428216612655,0.7781717900000001,0.77996666,-0.15486233005866998,-3.589740000000067,-4.993016119940876,5895.680488427887,5890.687472307946,0.2639803128841209,3.0,5883.703641211198,0.0,0.0,2026-08-08 00:00:00+00:00,2026-08-07 00:00:00+00:00,2026-08-08 00:01:00+00:00,47.44,0.024831230887679738,1913.07,2026-08-08 00:02:00+00:00,2026-08-08 23:59:00+00:00,2026-08-08 23:59:00+00:00,scheduled_23_59_exit,-0.18119865716193584,0.26075840293554203,"simulated minute opens; intrabar exits only known within minute, not actual exchange fills"
1799,2412.0,3473282.0,3474719.0,-1.0,0.8160000000000001,1915.52,1909.89,1949.2626129961275,1906.0916280862793,0.7815321600000001,0.7792351200000001,-0.19086011963258595,4.594079999999904,3.224172839632047,5890.687472307946,5893.911645147578,0.26534497498771537,3.0,5872.084408637978,0.0,0.0,2026-08-09 00:00:00+00:00,2026-08-08 00:00:00+00:00,2026-08-09 00:01:00+00:00,48.08,0.025166222198137477,1915.98,2026-08-09 00:02:00+00:00,2026-08-09 23:59:00+00:00,2026-08-09 23:59:00+00:00,scheduled_23_59_exit,0.11709799137028579,0.27942032571107334,"simulated minute opens; intrabar exits only known within minute, not actual exchange fills"
1800,2413.0,3474722.0,3475534.0,-1.0,0.777,1907.63,1899.93,1943.1935733967493,1899.546743630939,0.741114255,0.738122805,-0.0512363510946,5.982900000000035,4.5548992910944435,5893.911645147578,5898.466544438673,0.25148468440654514,2.0,5875.497328589108,0.0,0.0,2026-08-10 00:00:00+00:00,2026-08-09 00:00:00+00:00,2026-08-10 00:01:00+00:00,49.1,0.025700114599179494,1909.57,2026-08-10 00:02:00+00:00,2026-08-10 13:34:00+00:00,2026-08-10 13:35:00+00:00,target,0.16483611431284467,0.22729033100481086,"simulated minute opens; intrabar exits only known within minute, not actual exchange fills"
1801,2414.0,3476162.0,3477097.0,-1.0,0.795,1870.83,1862.74,1905.6422991547674,1862.3599744056244,0.7436549250000001,0.74043915,-0.09358463931406732,6.431549999999935,5.041040564314244,5898.466544438673,5903.507585002987,0.25215195149361314,2.0,5876.719244849737,0.0,0.0,2026-08-11 00:00:00+00:00,2026-08-10 00:00:00+00:00,2026-08-11 00:01:00+00:00,49.72,0.026024637431185424,1872.31,2026-08-11 00:02:00+00:00,2026-08-11 15:37:00+00:00,2026-08-11 15:38:00+00:00,target,0.182146301203749,0.24330555005056578,"simulated minute opens; intrabar exits only known within minute, not actual exchange fills"
1802,2415.0,3477602.0,3478202.0,-1.0,0.794,1880.0900000000001,1915.33,1914.9418510319435,1871.9027473307985,0.74639573,0.7603860100000001,-0.109444998906,-27.980559999999826,-29.377896741093537,5903.507585002987,5874.1296882618935,0.25286517185007473,1.0,5874.1296882618935,0.0,0.0,2026-08-12 00:00:00+00:00,2026-08-11 00:00:00+00:00,2026-08-12 00:01:00+00:00,49.3,0.025804799383697535,1881.8,2026-08-12 00:02:00+00:00,2026-08-12 10:02:00+00:00,2026-08-12 10:03:00+00:00,stop,-1.061632850349534,0.23491586319755547,"simulated minute opens; intrabar exits only known within minute, not actual exchange fills"
1803,2416.0,3479042.0,3480039.0,-1.0,0.8170000000000001,1878.47,1869.28,1912.105957209495,1868.9038978778622,0.767354995,0.76360088,-0.22285651518726127,7.5082300000000455,6.200130640188036,5874.1296882618935,5880.329818902082,0.26126593579756463,2.0,5855.895329267274,0.0,0.0,2026-08-13 00:00:00+00:00,2026-08-12 00:00:00+00:00,2026-08-13 00:01:00+00:00,49.36,0.02583620481905295,1878.8,2026-08-13 00:02:00+00:00,2026-08-13 16:39:00+00:00,2026-08-13 16:40:00+00:00,target,0.22561864807743193,0.28440106706514273,"simulated minute opens; intrabar exits only known within minute, not actual exchange fills"
1804,2417.0,3480482.0,3480877.0,-1.0,0.843,1885.78,1876.1100000000001,1918.3358019360496,1875.7256043520285,0.79485627,0.790780365,0.0,8.15180999999987,6.566173364999486,5880.329818902082,5886.895992267081,0.2703441114629206,2.0,5875.395832632081,0.0,0.0,2026-08-14 00:00:00+00:00,2026-08-13 00:00:00+00:00,2026-08-14 00:01:00+00:00,48.54,0.025406997202528973,1885.39,2026-08-14 00:02:00+00:00,2026-08-14 06:37:00+00:00,2026-08-14 06:38:00+00:00,target,0.23925243848391964,0.30883575430645477,"simulated minute opens; intrabar exits only known within minute, not actual exchange fills"
1805,2418.0,3481922.0,3483359.0,-1.0,0.858,1880.99,1882.1100000000001,1912.9841524330902,1871.9920780389475,0.80694471,0.80742519,-0.16654581703126292,-0.9609600000001014,-2.4087840829679408,5886.895992267081,5884.487208184113,0.27414947064123024,3.0,5881.8762675570815,0.0,0.0,2026-08-15 00:00:00+00:00,2026-08-14 00:00:00+00:00,2026-08-15 00:01:00+00:00,47.18,0.024695140667806283,1881.39,2026-08-15 00:02:00+00:00,2026-08-15 23:59:00+00:00,2026-08-15 23:59:00+00:00,scheduled_23_59_exit,-0.08774855536526643,0.28123645343848275,"simulated minute opens; intrabar exits only known within minute, not actual exchange fills"
1806,2419.0,3483362.0,3484660.0,-1.0,0.864,1881.57,1872.65,1913.2981290817895,1872.27145803591,0.8128382399999999,0.8089848000000001,-0.0962713534880582,7.706879999999867,6.181328313487029,5884.487208184113,5890.6685364976,0.2762647657282724,2.0,5875.4071212976005,0.0,0.0,2026-08-16 00:00:00+00:00,2026-08-15 00:00:00+00:00,2026-08-16 00:01:00+00:00,47.54,0.02488357327993876,1881.73,2026-08-16 00:02:00+00:00,2026-08-16 21:40:00+00:00,2026-08-16 21:41:00+00:00,target,0.22548808847834834,0.2930693436136731,"simulated minute opens; intrabar exits only known within minute, not actual exchange fills"
1807,2420.0,3484802.0,3484973.0,-1.0,0.86,1874.71,1907.03,1906.6417903284582,1865.8164176481273,0.8061253,0.8200229,0.0,-27.795199999999944,-29.421348199999557,5890.6685364976,5861.247188297601,0.273695691755658,1.0,5861.247188297601,0.0,0.0,2026-08-17 00:00:00+00:00,2026-08-16 00:00:00+00:00,2026-08-17 00:01:00+00:00,47.49,0.024857402083809252,1875.22,2026-08-17 00:02:00+00:00,2026-08-17 02:53:00+00:00,2026-08-17 02:54:00+00:00,stop,-1.0713733758144508,0.2785181244268229,"simulated minute opens; intrabar exits only known within minute, not actual exchange fills"
1808,2421.0,3486242.0,3486342.0,-1.0,0.852,1912.1000000000001,1903.91,1944.1396461663617,1903.528855976669,0.8145546,0.81106566,0.0,6.977880000000046,5.352259740000591,5861.247188297601,5866.599448037601,0.27794582751135855,2.0,5860.072567932801,0.0,0.0,2026-08-18 00:00:00+00:00,2026-08-17 00:00:00+00:00,2026-08-18 00:01:00+00:00,46.29,0.024229293376700992,1912.7,2026-08-18 00:02:00+00:00,2026-08-18 01:42:00+00:00,2026-08-18 01:43:00+00:00,target,0.19606942496750066,0.2675168127271611,"simulated minute opens; intrabar exits only known within minute, not actual exchange fills"
1809,2422.0,3487682.0,3487819.0,-1.0,0.8150000000000001,1914.8700000000001,1908.43,1948.51403778531,1908.047148137913,0.7803095250000002,0.777685225,0.0,5.248600000000045,3.6906052499998623,5866.599448037601,5870.290053287601,0.2660176587515333,2.0,5862.565266807301,0.0,0.0,2026-08-19 00:00:00+00:00,2026-08-18 00:00:00+00:00,2026-08-19 00:01:00+00:00,46.1,0.024129842831408854,1917.1,2026-08-19 00:02:00+00:00,2026-08-19 02:19:00+00:00,2026-08-19 02:20:00+00:00,target,0.1345959135135994,0.20279527402820507,"simulated minute opens; intrabar exits only known within minute, not actual exchange fills"
1810,2423.0,3489122.0,3489137.0,1.0,0.59,2253.08,2262.79,2206.019975195507,2263.244958532447,0.6646586,0.6675230499999999,0.0,5.728900000000021,4.396718349999901,5870.290053287601,5874.686771637601,0.22644829947636544,2.0,5869.457971898001,0.0,0.0,2026-08-20 00:00:00+00:00,2026-08-19 00:00:00+00:00,2026-08-20 00:01:00+00:00,52.54,0.027500692892889828,2252.16,2026-08-20 00:02:00+00:00,2026-08-20 00:17:00+00:00,2026-08-20 00:18:00+00:00,target,0.15835233897472065,0.2159998549655814,"simulated minute opens; intrabar exits only known within minute, not actual exchange fills"
1811,2424.0,3490562.0,3490574.0,1.0,0.5630000000000001,2328.62,2337.28,2279.2935634244286,2337.747744694873,0.65550653,0.6579443200000001,0.0,4.875580000000174,3.562129150000146,5874.686771637601,5878.248900787601,0.22316305719131097,2.0,5871.418945107601,0.0,0.0,2026-08-21 00:00:00+00:00,2026-08-20 00:00:00+00:00,2026-08-21 00:01:00+00:00,52.57,0.02751639561056754,2326.18,2026-08-21 00:02:00+00:00,2026-08-21 00:14:00+00:00,2026-08-21 00:15:00+00:00,target,0.12826894540226538,0.18504772143612386,"simulated minute opens; intrabar exits only known within minute, not actual exchange fills"
1812,2425.0,3492002.0,3492282.0,1.0,0.461,2521.52,2529.37,2460.869842537372,2529.881914754994,0.58121036,0.583019785,0.0,3.6188499999999584,2.4546198549996916,5878.248900787601,5880.703520642601,0.1977494896216886,2.0,5863.803685421831,0.0,0.0,2026-08-22 00:00:00+00:00,2026-08-21 00:00:00+00:00,2026-08-22 00:01:00+00:00,57.73,0.030217263051133036,2515.97,2026-08-22 00:02:00+00:00,2026-08-22 04:42:00+00:00,2026-08-22 04:43:00+00:00,target,0.08779128072800557,0.1378712785724655,"simulated minute opens; intrabar exits only known within minute, not actual exchange fills"
1813,2426.0,3493442.0,3493583.0,-1.0,0.536,2422.9,2408.82,2474.7278864043765,2408.3296426291936,0.6493372000000001,0.6455637600000002,0.0,7.546879999999962,6.251979039999242,5880.703520642601,5886.9554996826,0.22083657090369527,2.0,5873.761543442601,0.0,0.0,2026-08-23 00:00:00+00:00,2026-08-22 00:00:00+00:00,2026-08-23 00:01:00+00:00,57.01,0.029840397826868082,2421.4,2026-08-23 00:02:00+00:00,2026-08-23 02:23:00+00:00,2026-08-23 02:24:00+00:00,target,0.22505528990689566,0.2811296848404023,"simulated minute opens; intrabar exits only known within minute, not actual exchange fills"
1814,2427.0,3494882.0,3495483.0,1.0,0.511,2461.81,2476.32,2407.20840225142,2476.822756132075,0.628992455,0.63269976,0.125375383,7.414610000000112,6.027542402000108,5886.9554996826,5892.9830420846,0.2136902359917321,2.0,5866.85279101712,0.0,0.0,2026-08-24 00:00:00+00:00,2026-08-23 00:00:00+00:00,2026-08-24 00:01:00+00:00,60.31,0.03156769677141579,2462.58,2026-08-24 00:02:00+00:00,2026-08-24 10:03:00+00:00,2026-08-24 10:04:00+00:00,target,0.21602997872543003,0.2749508576874114,"simulated minute opens; intrabar exits only known within minute, not actual exchange fills"
1815,2428.0,3496322.0,3496365.0,1.0,0.536,2480.29,2494.4900000000002,2428.299142970952,2494.9900686510036,0.66471772,0.6685233200000001,0.0,7.611200000000147,6.277958959999523,5892.9830420846,5899.2610010446,0.22559634577358664,2.0,5887.3388843646,0.0,0.0,2026-08-25 00:00:00+00:00,2026-08-24 00:00:00+00:00,2026-08-25 00:01:00+00:00,58.44,0.03058889403617209,2481.03,2026-08-25 00:02:00+00:00,2026-08-25 00:45:00+00:00,2026-08-25 00:46:00+00:00,target,0.22528211053445582,0.282743341637752,"simulated minute opens; intrabar exits only known within minute, not actual exchange fills"
1816,2429.0,3497762.0,3499045.0,-1.0,0.485,2438.26,2496.58,2496.0766124422444,2428.7138818359194,0.59127805,0.6054206499999999,-0.207842336027125,-28.285199999999858,-29.274056363972704,5899.2610010446,5869.986944680627,0.20045834550981917,1.0,5869.986944680627,0.0,0.0,2026-08-26 00:00:00+00:00,2026-08-25 00:00:00+00:00,2026-08-26 00:01:00+00:00,58.15,0.03043710109862093,2441.72,2026-08-26 00:02:00+00:00,2026-08-26 21:25:00+00:00,2026-08-26 21:26:00+00:00,stop,-1.0439712143507214,0.1651102989407563,"simulated minute opens; intrabar exits only known within minute, not actual exchange fills"
1817,2430.0,3499202.0,3499689.0,1.0,0.551,2505.09,2518.5,2454.8355457434004,2519.0129578119568,0.6901522950000001,0.6938467500000001,0.08563867376306018,7.38890999999992,5.919272281236772,5869.986944680627,5875.906216961864,0.2351461090132117,2.0,5855.865390007277,0.0,0.0,2026-08-27 00:00:00+00:00,2026-08-26 00:00:00+00:00,2026-08-27 00:01:00+00:00,56.06,0.02934314510040738,2505.66,2026-08-27 00:02:00+00:00,2026-08-27 08:09:00+00:00,2026-08-27 08:10:00+00:00,target,0.21376773598680163,0.27704922912635493,"simulated minute opens; intrabar exits only known within minute, not actual exchange fills"
1818,2431.0,3500642.0,3500711.0,1.0,0.551,2508.12,2522.86,2457.878021832568,2523.3649788839357,0.6909870600000001,0.6950479300000001,0.0,8.12174000000013,6.735705009999947,5875.906216961864,5882.641921971864,0.2351933589427759,2.0,5873.421895755943,0.0,0.0,2026-08-28 00:00:00+00:00,2026-08-27 00:00:00+00:00,2026-08-28 00:01:00+00:00,57.08,0.029877037501449398,2509.74,2026-08-28 00:02:00+00:00,2026-08-28 01:11:00+00:00,2026-08-28 01:12:00+00:00,target,0.24331267290594244,0.30343110363074677,"simulated minute opens; intrabar exits only known within minute, not actual exchange fills"
1819,2432.0,3502082.0,3503056.0,1.0,0.59,2443.61,2453.18,2396.7377513812066,2453.679429754807,0.7208649500000001,0.7236881,0.12787239700840486,5.646299999999828,4.073874552991583,5882.641921971864,5886.715796524855,0.2450820429193711,2.0,5873.690557021863,0.0,0.0,2026-08-29 00:00:00+00:00,2026-08-28 00:00:00+00:00,2026-08-29 00:01:00+00:00,50.85,0.02661610646371237,2441.9,2026-08-29 00:02:00+00:00,2026-08-29 16:16:00+00:00,2026-08-29 16:17:00+00:00,target,0.14731258531825653,0.21482711095643295,"simulated minute opens; intrabar exits only known within minute, not actual exchange fills"
1820,2433.0,3503522.0,3504245.0,1.0,0.615,2456.14,2467.91,2411.2449808275346,2468.412767513844,0.7552630499999999,0.758882325,0.04251789368841903,7.2385499999999885,5.6818867313113515,5886.715796524855,5892.397683256167,0.2565991211758038,2.0,5882.4857834748545,0.0,0.0,2026-08-30 00:00:00+00:00,2026-08-29 00:00:00+00:00,2026-08-30 00:01:00+00:00,51.11,0.026752196683585822,2456.5,2026-08-30 00:02:00+00:00,2026-08-30 12:05:00+00:00,2026-08-30 12:06:00+00:00,target,0.20578764379235867,0.27336590428211766,"simulated minute opens; intrabar exits only known within minute, not actual exchange fills"
1821,2434.0,3504962.0,3504976.0,1.0,0.602,2416.64,2427.01,2370.6393269456335,2427.499288280526,0.72740864,0.7305300100000001,0.0,6.242740000000208,4.784801349999725,5892.397683256167,5897.182484606166,0.24689733419283763,2.0,5885.481714616167,0.0,0.0,2026-08-31 00:00:00+00:00,2026-08-30 00:00:00+00:00,2026-08-31 00:01:00+00:00,51.76,0.02709242223326946,2415.55,2026-08-31 00:02:00+00:00,2026-08-31 00:16:00+00:00,2026-08-31 00:17:00+00:00,target,0.17278388493589872,0.23606803030233586,"simulated minute opens; intrabar exits only known within minute, not actual exchange fills"
